ip_ml_8_rawLogTarget_unified = zeros(100,1);
ip_ml_8_rawLogTarget_unified = [7.42905
7.57281
7.38366
7.24244
6.23728
5.4172
5.51137
7.31252
7.4331
5.9748
6.98701
6.30345
7.38821
7.16528
7.44418
7.45528
7.13499
6.25074
6.25074
6.25074
6.75078
7.15175
7.15175
7.15175
7.15175
7.27849
7.4333
6.97262
6.46948
6.46948
7.18739
7.08519
7.08519
6.2243
6.2243
6.90625
6.2243
6.2243
6.2243
7.60118
7.0502
7.40328
7.40328
6.4248
6.07829
7.1615
7.1615
5.75245
7.32547
7.41045
6.73036
6.57628
6.96369
6.96369
7.16946
6.3945
4.03516
7.2029
6.1988
7.20391
7.30279
7.30279
7.30279
7.21639
6.91024
7.19771
7.33415
7.0914
7.41907
7.41907
7.01441
6.97457
7.22651
7.08668
6.83497
7.34029
6.60392
7.24274
7.24274
7.35348
7.01801
7.42508
6.97857
7.38616
5.24207
5.56698
6.8095
1.97094
7.35856
7.47923
4.1774
4.50611
6.2145
7.29672
7.29672
7.29672
7.16678
7.16678
7.16678
7.16678
];
