ip_ml_14_rawChain_unified = zeros(100,3);
ip_ml_14_rawChain_unified = [2.8101830778933532e+01 9.9117099717737112e-01 1.6229449626277577e+00 
4.6602831400535251e+01 1.2299708763539452e+00 1.7509674383908764e+00 
4.2547382028152484e+01 1.0918091002661185e+00 1.5613307847163687e+00 
4.2547382028152484e+01 1.0918091002661185e+00 1.5613307847163687e+00 
2.6806737854398044e+01 1.0464948193326915e+00 1.8049328410181518e+00 
2.6806737854398044e+01 1.0464948193326915e+00 1.8049328410181518e+00 
2.0200311575433961e+01 9.0027526120152557e-01 1.7098913926883932e+00 
5.6795184567930562e+01 1.2415850251914036e+00 1.6433410172162031e+00 
4.7754214870687576e+01 1.0673706815627280e+00 1.5216658891026082e+00 
5.0398281198637655e+01 1.1136476018931971e+00 1.5611799904093906e+00 
4.2181440231037740e+01 1.0475089920708565e+00 1.5567059273645125e+00 
3.6889519891698669e+01 1.0861218469564979e+00 1.6436765611766633e+00 
4.0989183751021194e+01 1.1301509073449743e+00 1.6751814957519739e+00 
3.9554847441855628e+01 1.0469258432159960e+00 1.5399130162895143e+00 
3.8493441004209991e+01 7.7274582557672900e-01 1.0414747905207049e+00 
2.5021919398377179e+01 6.5372909561279480e-01 1.0522538586395704e+00 
6.9514761654858049e+01 7.8749151411724139e-01 8.2351834929684886e-01 
6.9514761654858049e+01 7.8749151411724139e-01 8.2351834929684886e-01 
1.6913384176130322e+01 6.8669279673116135e-01 1.6689425022348949e+00 
1.1500754032525258e+01 5.2659370925889748e-01 1.4747456629664928e+00 
1.4208602787301192e+01 5.0881248965383219e-01 1.3422063742237225e+00 
1.4208602787301192e+01 5.0881248965383219e-01 1.3422063742237225e+00 
1.2425640562591958e+01 5.4718555882465103e-01 1.3684860468117213e+00 
9.8171037752625150e+00 4.7470251154815124e-01 1.4082024212465092e+00 
2.3019711925779777e+01 9.5914176030321074e-01 1.7176851177194556e+00 
3.5277079703918311e+01 1.0803786512703020e+00 1.6820905208222323e+00 
3.5277079703918311e+01 1.0803786512703020e+00 1.6820905208222323e+00 
2.9387937156907974e+01 9.3201294867448858e-01 1.4557515358194009e+00 
3.4661398415207387e+01 9.3797880678345358e-01 1.3622775152931836e+00 
1.9039901193652490e+01 8.5272638842739701e-01 1.7417654852432993e+00 
1.9039901193652490e+01 8.5272638842739701e-01 1.7417654852432993e+00 
2.2336803998453743e+01 9.5109075365511797e-01 1.8502214652719320e+00 
1.9039901193652490e+01 8.5272638842739701e-01 1.7417654852432993e+00 
2.2526275818549678e+01 9.4072153735231734e-01 1.8633949577329993e+00 
1.8771435764028190e+01 9.3559276208574860e-01 1.9192603945855764e+00 
1.9039901193652490e+01 8.5272638842739701e-01 1.7417654852432993e+00 
1.9039901193652490e+01 8.5272638842739701e-01 1.7417654852432993e+00 
1.9039901193652490e+01 8.5272638842739701e-01 1.7417654852432993e+00 
1.9039901193652490e+01 8.5272638842739701e-01 1.7417654852432993e+00 
1.8827916192068095e+01 9.1576184547740769e-01 1.9054760416865451e+00 
1.8827916192068095e+01 9.1576184547740769e-01 1.9054760416865451e+00 
2.1520648506518825e+01 1.0114173522412666e+00 1.9873381977494988e+00 
1.6161228908384242e+01 8.6712790056546418e-01 1.9362315411292483e+00 
1.6161228908384242e+01 8.6712790056546418e-01 1.9362315411292483e+00 
6.6694936907252426e+01 1.1308045329879215e+00 1.3804455055670091e+00 
8.0441205119328799e+01 1.4380851067460898e+00 1.7476449405921604e+00 
6.8764440379091525e+01 1.2520574114983254e+00 1.6030432463217281e+00 
6.8764440379091525e+01 1.2520574114983254e+00 1.6030432463217281e+00 
5.9968933368041249e+01 1.0341738279117156e+00 1.3290747744760987e+00 
6.0466769051519158e+01 9.9641254853151318e-01 1.2791789984190109e+00 
5.8748825832550075e+01 8.9343981125172489e-01 1.0560163484458576e+00 
5.8748825832550075e+01 8.9343981125172489e-01 1.0560163484458576e+00 
6.4371948238745489e+01 1.1700218365256096e+00 1.5065743950439558e+00 
3.9705895866441992e+01 1.1738760381052713e+00 1.7250937292926096e+00 
3.9705895866441992e+01 1.1738760381052713e+00 1.7250937292926096e+00 
4.5686597366293512e+01 1.1574670145012287e+00 1.5840508872220695e+00 
5.3596672985285991e+01 1.2226442134479554e+00 1.6750427487438881e+00 
5.5622490030331811e+01 1.0815397384978100e+00 1.4532478247983360e+00 
8.9432773428754956e+01 1.4997653981367016e+00 1.8983572627887486e+00 
7.2594228369081208e+01 1.1718150300109258e+00 1.4381904527860288e+00 
9.4665838354400037e+01 1.4612145661466296e+00 1.7933909364351643e+00 
9.4665838354400037e+01 1.4612145661466296e+00 1.7933909364351643e+00 
9.9751023176955115e+01 1.5583613147201696e+00 1.9127257983008130e+00 
8.0877650990960248e+01 1.1615129078672886e+00 1.3696019154872847e+00 
8.0781610402627805e+01 1.1194629005111387e+00 1.3414534389373156e+00 
8.0781610402627805e+01 1.1194629005111387e+00 1.3414534389373156e+00 
3.5734900134031150e+01 7.7745782233025795e-01 1.0681281575517447e+00 
5.3882836883846792e+01 6.6040047404551605e-01 5.7623481537650068e-01 
1.9445715113558741e+01 6.0333251292756862e-01 1.1063177015397059e+00 
2.1630999509488291e+01 6.6185421461808402e-01 1.2278914749130183e+00 
2.1630999509488291e+01 6.6185421461808402e-01 1.2278914749130183e+00 
1.9445715113558741e+01 6.0333251292756862e-01 1.1063177015397059e+00 
1.1671890252134379e+01 3.9812714398962951e-01 1.0294647388295302e+00 
1.1671890252134379e+01 3.9812714398962951e-01 1.0294647388295302e+00 
1.1671890252134379e+01 3.9812714398962951e-01 1.0294647388295302e+00 
1.9488675646769288e+01 6.0977619618685641e-01 1.1223675820927945e+00 
1.8450641361913469e+01 5.8804248942732462e-01 1.1408061223144770e+00 
1.8450641361913469e+01 5.8804248942732462e-01 1.1408061223144770e+00 
1.2198629359684091e+01 3.7162324999865037e-01 7.3198250402811393e-01 
1.2198629359684091e+01 3.7162324999865037e-01 7.3198250402811393e-01 
1.2198629359684091e+01 3.7162324999865037e-01 7.3198250402811393e-01 
9.4525126400264092e+00 2.8096301160657017e-01 7.3126803497966342e-01 
9.4525126400264092e+00 2.8096301160657017e-01 7.3126803497966342e-01 
9.4525126400264092e+00 2.8096301160657017e-01 7.3126803497966342e-01 
1.9012237365117002e+01 4.8281005251290554e-01 7.9242790199445745e-01 
3.9241282421512786e+01 6.3789890754954437e-01 7.2294629542394373e-01 
1.4096502064548655e+01 3.8079688741129702e-01 7.3871520737515817e-01 
1.4096502064548655e+01 3.8079688741129702e-01 7.3871520737515817e-01 
1.4096502064548655e+01 3.8079688741129702e-01 7.3871520737515817e-01 
1.4478960859135036e+01 4.5120995499964706e-01 8.5464518237372522e-01 
1.4478960859135036e+01 4.5120995499964706e-01 8.5464518237372522e-01 
1.4478960859135036e+01 4.5120995499964706e-01 8.5464518237372522e-01 
1.4478960859135036e+01 4.5120995499964706e-01 8.5464518237372522e-01 
1.4478960859135036e+01 4.5120995499964706e-01 8.5464518237372522e-01 
1.4395364990917830e+01 4.1376224711751541e-01 7.6596086371086070e-01 
1.0199913346658956e+01 3.0390230821426567e-01 6.5680733534607794e-01 
8.5705690795426523e+00 2.6453313648947985e-01 7.1125790813341272e-01 
1.4395364990917830e+01 4.1376224711751541e-01 7.6596086371086070e-01 
1.4395364990917830e+01 4.1376224711751541e-01 7.6596086371086070e-01 
1.2485814217640103e+01 3.2312839996879311e-01 5.6394404315243107e-01 
];
