ip_ml_12_rawLogLikelihood_unified = zeros(100,1);
ip_ml_12_rawLogLikelihood_unified = [0.956226
1.36145
1.40407
1.07064
1.6643
0.902156
0.709678
0.963697
1.42125
1.1751
0.0641405
-0.507095
0.326585
1.15052
1.15791
1.18791
0.00343558
0.656538
1.17408
0.305111
0.305111
0.305111
0.410546
1.10879
1.03325
-0.974554
1.41797
1.41797
3.60281
1.78426
1.41797
0.953175
0.18061
0.854528
0.854528
1.46684
1.46684
1.47342
1.28646
2.39386
2.18485
-0.0998869
2.39386
2.39386
2.39386
2.39386
2.39386
2.39386
2.39386
2.13299
0.911798
1.06935
0.541952
0.801412
0.801412
1.10361
1.38727
1.34904
1.36507
0.682569
-0.449076
0.317233
0.317233
0.336615
0.871012
0.923142
0.757657
0.746932
1.02447
0.771665
1.07039
1.42175
0.698652
0.698652
1.10138
1.10138
0.810107
0.945732
1.11554
-0.978308
-0.978308
-0.978308
1.2531
1.2531
2.28288
1.39937
1.39937
2.46148
4.0502
2.45428
2.62202
2.78364
2.02788
2.51703
2.51703
2.51703
3.11473
3.11473
0.115686
1.59677
];
