ip_ml_18_rawLogLikelihood_unified = zeros(500,1);
ip_ml_18_rawLogLikelihood_unified = [4.43572
4.43572
4.097
4.53037
4.4285
4.47309
3.85266
3.17369
3.62526
3.93334
4.13116
4.46631
3.62431
3.68965
3.14754
3.70758
3.44513
4.11501
3.90808
3.22517
3.50455
3.44886
3.02793
3.38847
3.53943
3.51528
5.51248
5.56001
5.77672
7.43724
7.50448
7.50448
7.50448
6.21887
6.30331
7.47522
7.47522
8.22964
10.3514
7.85298
5.64692
5.64692
5.64692
8.12797
10.8288
11.5965
11.1925
11.4418
9.54126
9.64074
8.12752
8.12752
10.2399
10.2399
9.79676
7.93234
9.25443
9.77576
10.1694
10.1694
10.3107
10.3107
10.0375
10.0244
10.5335
10.778
10.778
10.2217
10.3487
13.3786
13.3786
16.3898
16.6478
17.8582
17.8582
17.8582
7.55822
7.59113
7.59113
9.26607
9.50725
9.50725
8.6763
9.55988
9.04892
9.64395
12.052
11.9436
7.88686
11.1276
10.6766
10.498
10.498
10.0264
10.234
10.234
10.234
10.234
10.6172
10.1608
7.20446
7.15135
6.96943
7.7791
8.21381
8.21381
8.8059
8.81303
4.36951
4.36951
4.12659
3.89391
3.46555
3.3252
1.51614
2.67593
5.04384
5.04384
7.06499
7.13685
6.7107
6.7107
6.7107
6.7107
6.36364
7.13685
7.13685
7.22853
7.22853
7.22853
7.22853
7.19765
7.16869
7.16869
7.26153
7.32724
6.45271
6.44123
6.44123
5.04164
5.58912
4.96005
6.79857
6.79652
6.04163
7.40572
6.39753
6.68519
6.42798
6.26758
6.58204
6.54561
6.63912
6.63912
6.92603
6.92603
7.15466
6.17375
7.01273
6.08896
5.74935
6.06958
3.15768
3.15768
1.65979
2.24677
3.33897
3.33897
3.02905
3.00687
3.00687
4.23516
4.23516
3.96147
4.01983
2.72992
2.92986
0.642002
2.54377
3.85706
4.00873
4.37081
2.83439
3.13488
3.89275
3.40175
2.81167
2.7209
2.38766
2.59539
3.50509
2.88918
0.969721
4.4968
10.8029
10.8029
10.8029
10.8029
10.7104
13.379
13.379
14.2168
13.8519
13.7081
13.518
14.2863
14.2863
12.0199
15.3519
15.6716
11.3414
10.774
10.774
12.9481
12.9481
13.3454
13.0158
7.11384
7.72526
7.72526
7.66843
8.8862
8.8862
8.84853
7.06735
7.43308
7.42938
6.93318
8.56463
8.06487
8.06487
8.06487
8.06487
7.54725
7.54725
7.70329
7.70329
10.0367
10.0367
10.0367
11.054
12.6527
4.72848
8.58303
8.54295
8.54295
7.91121
8.88534
10.0601
8.6943
8.6943
7.74939
7.42302
6.59783
8.58303
8.67873
8.82276
8.82276
7.96235
8.91089
8.91089
9.23647
8.81005
10.2535
10.1212
9.03358
8.84493
9.60314
9.96901
12.7548
12.7548
12.7548
15.4372
15.4372
15.4372
15.4372
15.4372
15.4372
15.3486
15.3486
12.7107
12.7107
12.7107
13.1964
13.3341
14.9998
12.9675
13.5539
14.5105
14.3702
14.9811
13.0001
13.0001
13.0001
13.5473
14.5298
9.53226
10.7517
10.7517
12.6136
13.8802
13.8802
14.7682
14.7682
14.7682
12.3767
12.9389
12.487
12.814
14.4952
14.4952
14.4952
15.1759
15.1759
15.1759
15.1166
15.7847
14.6212
14.6212
14.6212
14.6212
14.6212
14.6212
14.3468
14.4673
14.4673
14.4673
14.4212
14.4212
14.4212
15.9691
14.5484
14.5484
13.4683
13.4683
13.8555
13.8555
14.7262
14.7262
13.3816
12.557
12.557
12.6558
12.6558
16.0291
16.0291
15.6397
17.9954
17.9954
17.9954
19.0506
15.3997
15.3997
14.0275
14.0275
9.07114
8.9607
8.92965
8.70311
9.22812
9.89244
5.95757
5.56423
6.86925
7.03723
7.03269
7.03269
7.15839
11.1679
11.1679
11.4557
11.4557
11.4557
11.2228
9.30992
9.30992
11.5092
11.2493
9.63177
9.63177
9.63177
8.84054
8.34005
8.34005
8.76623
9.83179
9.83179
9.99624
12.8644
12.8644
12.8644
11.0679
11.0679
11.0623
9.83179
9.77976
9.74573
10.0914
8.22479
11.5853
11.5853
11.5853
10.7544
10.6343
10.6343
11.2363
11.6792
11.6792
11.6792
10.7352
10.7352
10.9546
10.9546
10.2543
10.2693
9.91309
10.8699
9.46245
8.84173
8.84173
9.56009
9.00254
13.111
7.74729
8.75384
8.75384
8.42929
7.38329
7.38329
7.91519
10.6004
9.96089
9.96089
9.33725
9.33725
9.33725
10.6913
12.5906
12.5906
12.5906
11.5978
11.5978
11.5978
7.77645
7.3009
8.795
9.88875
10.2337
10.2337
10.2337
10.2337
10.8776
9.39775
9.39775
13.4933
13.4933
13.4933
13.7708
13.7708
8.70663
8.70663
8.70663
8.70663
8.65067
8.65067
10.0454
10.9608
9.26394
9.58193
8.62285
10.4723
9.7174
8.31437
7.82836
8.63954
8.77834
9.98532
9.91682
9.91682
9.91682
9.91682
9.91682
9.32393
8.82955
10.417
10.417
10.417
12.1451
12.1451
10.3736
10.3736
10.3736
10.3736
11.2113
10.8355
10.8355
11.739
11.739
12.4542
12.4542
];
