ip_ml_2_rawChain_unified = zeros(100,3);
ip_ml_2_rawChain_unified = [2.8174599610045853e+01 6.5409477466944388e+00 1.7728071737938202e+00 
8.4269003274863053e+01 3.2515369857015886e+00 1.5364190226348431e+00 
6.6227931262189372e+01 4.4350780248312374e+00 1.4687446155667980e+00 
7.4206405078920056e+01 7.4213494502685649e+00 1.6046247452661595e+00 
7.4564895182720647e-01 5.2776106488159789e+00 1.5504736695669508e+00 
1.7038129852940787e-01 4.2441238885938786e+00 1.0496043255885308e+00 
1.7038129852940787e-01 4.2441238885938786e+00 1.0496043255885308e+00 
9.9076604923490081e+01 2.4169696658743707e+00 1.5725624331750030e+00 
8.8745782870629100e+01 3.9696237291694745e+00 1.2758928390512403e+00 
2.3438986968040602e+01 8.9429501933633293e-01 1.2346847926649889e+00 
3.9246389993747840e+01 9.0534742957584147e+00 9.9154800729936354e-01 
7.2833304141219458e+01 2.0028699293603580e+00 8.7399379839570979e-01 
7.0671110130415968e+01 6.4607511706233200e-01 1.0813376479696761e+00 
8.5821457312757403e+01 5.5887562059050855e-01 1.0527106971492837e+00 
2.6267661802786801e+01 3.5651999610214036e-01 1.5902323122721291e+00 
2.5847276491649708e+01 5.5501094553903929e+00 1.4856726252649262e+00 
3.0181792685817150e+01 3.6949805031257630e+00 8.1153977153282220e-01 
3.9116270992622418e+01 1.8797828520880593e+00 1.0697147078295854e+00 
8.0397723209971758e+01 8.9898482761360210e-01 1.5068674723724014e+00 
8.0397723209971758e+01 8.9898482761360210e-01 1.5068674723724014e+00 
8.0397723209971758e+01 8.9898482761360210e-01 1.5068674723724014e+00 
8.0397723209971758e+01 8.9898482761360210e-01 1.5068674723724014e+00 
6.8863359614990884e+01 1.1405313717566636e+00 1.8730274287730071e+00 
8.1872973023049695e+01 2.4753741954612014e+00 1.5486305430100389e+00 
3.5977869720584906e+01 4.6550798955341701e+00 8.4180972158840928e-01 
1.3531131411745314e+01 6.5690420684861222e+00 1.5063653285689425e+00 
8.0639417090109944e+01 7.7765424951618778e+00 1.0738658761488489e+00 
4.2695830995860845e+01 6.8547031082932330e-01 1.8430476730004592e+00 
1.5755374332871906e+01 1.0065829513274085e+00 1.8509772706560770e+00 
1.6683349126480056e+01 9.0473120976494115e-01 1.7763540841697507e+00 
1.6683349126480056e+01 9.0473120976494115e-01 1.7763540841697507e+00 
1.6683349126480056e+01 9.0473120976494115e-01 1.7763540841697507e+00 
1.6683349126480056e+01 9.0473120976494115e-01 1.7763540841697507e+00 
7.9182828454166355e+01 2.3609077745820088e+00 1.5963658746491218e+00 
7.3679119785755631e+01 6.1917118930382449e+00 8.6289974929441027e-01 
9.9500136225137297e+00 4.1167044764390752e+00 5.0038906580669218e-01 
2.4603426047426254e+01 5.9863418985582388e+00 8.1093756348163692e-01 
6.5723902942987820e+01 8.3163459627860110e+00 1.8534462163696730e+00 
5.6782280876976827e+01 9.6922313835919116e+00 1.8675832215116255e+00 
2.1696100779682396e+01 3.2231002517329106e+00 7.3053963750223849e-01 
4.8091496525162704e+01 1.1478740797023121e+00 1.3310799196321215e+00 
4.4544567009197564e+01 7.6292993230633155e-01 1.1493964125836154e+00 
5.9590874509527971e+01 4.6142024067696399e+00 1.7332791014823004e+00 
2.6567979184224868e+01 5.7281564770198257e+00 1.3576210643745468e+00 
3.3099003888456480e+01 4.6841144357680387e+00 1.6426578548914916e+00 
1.7544203112691314e+01 7.2723267884305836e+00 1.3820399769857088e+00 
4.5199809463868093e+00 4.2006513754214225e+00 1.4528379598790795e+00 
2.5473351086064390e+01 4.5889796241872460e+00 1.5457874904819242e+00 
7.6558931384325803e+01 3.7897693648725408e+00 8.6928123131957946e-01 
8.0326967495067251e+01 4.5545439649766193e+00 7.4795043290594754e-01 
8.0326967495067251e+01 4.5545439649766193e+00 7.4795043290594754e-01 
6.9121199581741749e+01 8.7751882585730856e-01 1.3831506432400820e+00 
4.8996345769923735e+01 1.1188889557813297e+00 1.6420261645818617e+00 
4.8412864615032603e+01 1.9816916093044672e+00 5.5690347722889122e-01 
8.3839927502718382e+01 3.2469496623408096e+00 6.0540338592557830e-01 
7.3409767327621182e+01 9.1199085236540771e+00 1.0446465098527227e+00 
7.2042675783602476e+01 9.4085855439667512e+00 1.8527133627824668e+00 
7.2042675783602476e+01 9.4085855439667512e+00 1.8527133627824668e+00 
1.9891630317572265e+01 1.4256565544865634e+00 1.6224984523534896e+00 
6.2059884733595027e+01 1.0138456029887961e+00 1.6509503685030169e+00 
6.2059884733595027e+01 1.0138456029887961e+00 1.6509503685030169e+00 
2.7221592169505666e+01 9.9258272834243204e+00 1.9958970823302700e+00 
4.7387127852241804e+01 9.4237044339704568e+00 1.8363702266928654e+00 
4.7387127852241804e+01 9.4237044339704568e+00 1.8363702266928654e+00 
4.7387127852241804e+01 9.4237044339704568e+00 1.8363702266928654e+00 
2.2657288110829192e+01 8.0613340615909443e+00 1.8260529273398145e+00 
1.8347248159438372e+01 8.5893618947865775e+00 1.7954247689588023e+00 
4.4136206476414529e+01 7.5531792582277779e+00 1.6324806843873245e+00 
7.0354128732957790e+01 8.2240465322203793e+00 1.1921073744567570e+00 
7.1290351725855729e+01 1.7231314912515265e+00 1.4662735558301327e+00 
4.4767900348975473e+01 2.9058828462360560e+00 1.5752455800048244e+00 
6.1027533129402386e+01 3.7277380027740890e+00 1.5476246366203579e+00 
6.3216887137523109e+01 4.6157430096346062e+00 1.3496774558731817e+00 
7.0958698937933249e+01 4.7330102075122715e+00 1.4447695599281922e+00 
5.5682481756893594e+01 8.2983207512310866e+00 1.5806855964020383e+00 
4.6341559845253606e+01 8.2577106771382880e+00 1.6695563796604638e+00 
3.0347679090901227e+01 7.9268546579810097e+00 1.9366413697849527e+00 
9.0728671033348220e+01 1.8342292584089617e+00 1.0574286041801926e+00 
9.0728671033348220e+01 1.8342292584089617e+00 1.0574286041801926e+00 
9.0728671033348220e+01 1.8342292584089617e+00 1.0574286041801926e+00 
8.2652464757985669e+01 1.6620385467805052e+00 1.0200236058299215e+00 
7.6101709881716673e+01 5.5568302910213530e-01 8.5467655017963318e-01 
9.8116758008033642e+01 1.6965221815589915e+00 1.3022442142866062e+00 
9.8116758008033642e+01 1.6965221815589915e+00 1.3022442142866062e+00 
9.8116758008033642e+01 1.6965221815589915e+00 1.3022442142866062e+00 
9.8116758008033642e+01 1.6965221815589915e+00 1.3022442142866062e+00 
9.4430797206612596e+01 9.3265016666267397e-01 1.1563217382791589e+00 
2.7580776228614155e+01 9.3262235393472306e+00 1.1391521751393672e+00 
6.0353303513238494e+01 5.7008466927415871e+00 8.3545150784970246e-01 
5.6259280815215881e+01 3.9654652204928822e+00 1.0792321943951892e+00 
8.4655111931690641e+01 6.9909233929333752e+00 7.0526172447597979e-01 
8.0185452808717912e+00 1.3853444257725129e+00 1.0079383436282745e+00 
2.5840290301493429e+01 7.3793121852263810e-01 9.2372602806240589e-01 
9.0758261242462893e+01 4.6017048374612575e+00 1.3173338352237691e+00 
9.5606913137547565e+01 8.6477691938267682e+00 7.9810018036599861e-01 
8.7127741612488919e+01 7.4438480038751207e+00 1.0946992013829071e+00 
7.4366101128390611e+01 6.5453116084666387e+00 1.1995760295126450e+00 
2.5188145817957185e+01 8.8022328343809408e-01 1.3322909230258475e+00 
2.9418295216322893e+01 8.8032593740980425e-01 1.1176255969171409e+00 
4.2236287006699840e+01 3.0429135711577904e+00 1.9075683613778427e+00 
];
