ip_ml_5_rawChain_unified = zeros(100,3);
ip_ml_5_rawChain_unified = [6.4984234031246455e+00 3.1995845665462708e-01 1.5138318146095180e+00 
4.3805364398585198e+01 1.5012093409951524e+00 1.7434752511839655e+00 
3.8254778980402172e+01 1.1629890877815037e+00 1.8745542939647772e+00 
3.8254778980402172e+01 1.1629890877815037e+00 1.8745542939647772e+00 
7.7305097059645590e+01 1.4324146134678015e+00 1.6517287767058551e+00 
8.5993950502915510e+01 1.8247792808596071e+00 1.4745173062371502e+00 
7.8951567727354032e+01 1.7067241249472138e+00 1.7024921010113916e+00 
7.8951567727354032e+01 1.7067241249472138e+00 1.7024921010113916e+00 
9.7525307817668065e+01 9.0563800591499932e-01 1.1372372181272614e+00 
8.7890896532583611e+01 1.7814402859049556e+00 1.2926846032650552e+00 
6.2109931419356791e+01 1.1328003996523299e+00 1.6116462412863870e+00 
6.2109931419356791e+01 1.1328003996523299e+00 1.6116462412863870e+00 
7.6313005429708880e+01 1.5752294825741389e+00 1.8040695572652476e+00 
7.8088036670504167e+01 1.9849549052773399e+00 1.5093952777823538e+00 
6.4388052144131748e+01 1.5647110247512992e+00 1.9461902358124954e+00 
8.2874183710071193e+01 1.6486639583783704e+00 1.6821907115859223e+00 
9.5842973624070382e+01 1.5058341266362536e+00 1.4731648859914308e+00 
7.9577943006731616e+01 1.7300588413997828e+00 1.5261803850433124e+00 
7.5819902375265684e+01 1.6574758544081467e+00 1.7442185470522311e+00 
7.5819902375265684e+01 1.6574758544081467e+00 1.7442185470522311e+00 
7.0748523273003798e+01 1.1953631447637689e+00 1.7999597145925330e+00 
1.5755374332871906e+01 1.0065829513274085e+00 1.8509772706560770e+00 
2.5092112146636225e+01 6.9212385336482818e-01 1.8347795411108532e+00 
1.5755374332871906e+01 1.0065829513274085e+00 1.8509772706560770e+00 
1.5755374332871906e+01 1.0065829513274085e+00 1.8509772706560770e+00 
1.8841369519312579e+01 7.8218004733934632e-01 1.6946452723189618e+00 
1.6683349126480056e+01 9.0473120976494115e-01 1.7763540841697507e+00 
1.7160421370347382e+01 6.2524812367783944e-01 1.5839680100646951e+00 
1.7160421370347382e+01 6.2524812367783944e-01 1.5839680100646951e+00 
1.7160421370347382e+01 6.2524812367783944e-01 1.5839680100646951e+00 
3.2629183462627950e+01 1.3814804659162805e+00 1.3961288908472596e+00 
2.7930447132462760e+01 1.3958434222964540e+00 1.6801109391106537e+00 
2.8156170019206314e+01 9.6285056734445318e-01 1.5440184476821388e+00 
2.8156170019206314e+01 9.6285056734445318e-01 1.5440184476821388e+00 
3.7048156671700092e+01 1.1091644051584066e+00 1.6962781860297902e+00 
4.9136670908413720e+01 1.7386680942526715e+00 1.3777968142025219e+00 
2.1063727039242359e+01 8.2298439781871247e-01 1.9664134101629640e+00 
2.4586834328429507e+01 1.5386021336402798e+00 1.7416843365081602e+00 
2.4586834328429507e+01 1.5386021336402798e+00 1.7416843365081602e+00 
1.6683349126480056e+01 9.0473120976494115e-01 1.7763540841697507e+00 
1.6683349126480056e+01 9.0473120976494115e-01 1.7763540841697507e+00 
1.0975626567011993e+01 8.5137741548940882e-01 1.9862135178402536e+00 
1.0975626567011993e+01 8.5137741548940882e-01 1.9862135178402536e+00 
1.0975626567011993e+01 8.5137741548940882e-01 1.9862135178402536e+00 
1.0975626567011993e+01 8.5137741548940882e-01 1.9862135178402536e+00 
6.4661372715373474e+01 1.2037575513664525e+00 1.1725040423093522e+00 
6.4661372715373474e+01 1.2037575513664525e+00 1.1725040423093522e+00 
4.7625528899044298e+01 1.3099829583114080e+00 1.1864472737148999e+00 
7.9260168738414322e+01 1.5373300037919821e+00 1.3588611501719199e+00 
7.9385284659545505e+01 1.0391407358786657e+00 1.0062347182572948e+00 
9.2066998826446689e-01 9.0398863381174248e+00 1.3664800150016196e+00 
8.9539218976486779e+01 4.2538832335429824e+00 5.9240918182766666e-01 
6.9121199581741749e+01 8.7751882585730856e-01 1.3831506432400820e+00 
6.9121199581741749e+01 8.7751882585730856e-01 1.3831506432400820e+00 
4.6473911920782413e+01 8.2685311144987361e-01 1.3145325851756513e+00 
3.7291043704155555e+01 1.3018763162509637e+00 1.4469837815226989e+00 
3.2826768312152822e+01 1.1322174953904911e+00 1.6352907307721170e+00 
3.2826768312152822e+01 1.1322174953904911e+00 1.6352907307721170e+00 
3.4909504998947881e+01 1.2630738462966806e+00 1.7305394761664283e+00 
7.1734310662043214e+01 1.0305095412852094e+00 1.2837825076325031e+00 
7.1734310662043214e+01 1.0305095412852094e+00 1.2837825076325031e+00 
3.7098605569405464e+01 1.2400989713645825e+00 1.6877603908878549e+00 
1.8732119203057565e+01 8.7352039590951036e-01 1.8600155297246388e+00 
3.0609584884040324e+01 1.2272416746063863e+00 1.3246788336959348e+00 
5.6757515613093247e+01 1.4575999270169884e+00 1.2304407964905675e+00 
5.4863847222390490e+01 1.0098761489052421e+00 1.2809869680770827e+00 
4.4320145154332813e+01 7.7591140270402370e-01 1.5492690410387218e+00 
8.7350076188215695e+01 2.9454892822767667e+00 1.4887554973738799e+00 
9.5965278321476632e+01 3.1715168923639618e+00 1.6123174697053180e+00 
8.5276896747734185e+01 3.0596259715279492e+00 1.7916747530899337e+00 
8.5276896747734185e+01 3.0596259715279492e+00 1.7916747530899337e+00 
8.4210036840740742e+01 5.7027699667151843e-01 7.7181066097190310e-01 
7.4057019060332465e+01 1.3309063304384161e+00 1.0280763136851321e+00 
7.0361386151922034e+01 2.4880666854172246e+00 1.1406446457805015e+00 
6.0441786419982094e+01 2.7030907278689673e+00 1.2684332082106646e+00 
9.5275502463056824e+01 1.5608624510704041e+00 9.5258081110412496e-01 
9.5275502463056824e+01 1.5608624510704041e+00 9.5258081110412496e-01 
8.9789103605698827e+01 1.9116215605609002e+00 1.3588688745364601e+00 
8.7047901903632180e+01 1.7450233748768551e+00 1.5606174763144314e+00 
9.1648458282872156e+01 1.0902612719003466e+00 1.2624558687068639e+00 
9.1648458282872156e+01 1.0902612719003466e+00 1.2624558687068639e+00 
6.6153554925351727e+01 1.0134937683908531e+00 1.4236549069723032e+00 
5.9699362648352576e+01 9.1703014155487783e-01 1.4764819012950898e+00 
2.9601481114107337e+01 7.6606990684396059e-01 7.9837992565770233e-01 
2.9601481114107337e+01 7.6606990684396059e-01 7.9837992565770233e-01 
2.4658755600651226e+01 4.6800040626849976e-01 9.2507623765865599e-01 
2.4658755600651226e+01 4.6800040626849976e-01 9.2507623765865599e-01 
2.9601481114107337e+01 7.6606990684396059e-01 7.9837992565770233e-01 
2.9601481114107337e+01 7.6606990684396059e-01 7.9837992565770233e-01 
4.1796746602670460e+01 4.2621019527949489e-01 8.7657913500714046e-01 
4.1796746602670460e+01 4.2621019527949489e-01 8.7657913500714046e-01 
2.9601481114107337e+01 7.6606990684396059e-01 7.9837992565770233e-01 
3.7155347098664116e+01 6.3130801471099307e-01 7.6187348900553964e-01 
2.9601481114107337e+01 7.6606990684396059e-01 7.9837992565770233e-01 
3.5096816295160004e+01 9.4775616980182864e-01 8.9351603696451276e-01 
1.4370238873542089e+01 4.7351495500740948e-01 1.0313040454365812e+00 
1.4370238873542089e+01 4.7351495500740948e-01 1.0313040454365812e+00 
3.5190239875890306e+01 7.3515409720477587e-01 1.7204746188906788e+00 
3.5190239875890306e+01 7.3515409720477587e-01 1.7204746188906788e+00 
3.2630441413934527e+01 1.1901632484222571e+00 1.7197363690874474e+00 
];
