ip_ml_10_rawLogTarget_unified = zeros(100,1);
ip_ml_10_rawLogTarget_unified = [7.69384
7.33561
7.33561
7.68856
7.68856
7.55373
7.55373
7.11781
7.11781
7.11781
7.11781
7.23283
7.34752
7.73946
7.71966
7.59584
7.55603
7.69463
7.14386
7.32869
6.83785
6.83785
6.83785
7.7847
7.7847
7.70274
7.4131
7.7847
7.93299
7.70529
6.94785
7.04712
7.41594
7.8177
7.8177
7.8177
6.08001
3.97492
6.98082
7.61285
7.61285
7.61285
8.1725
8.1725
7.63367
7.55857
6.30935
6.8925
7.71332
6.97847
6.97847
7.67689
7.61251
6.94708
7.66304
6.63139
6.63139
7.44476
7.44476
5.64835
7.05774
7.64688
7.48557
6.39515
7.41986
7.58272
5.14676
5.14676
4.59733
7.11873
7.11873
7.71543
7.71543
7.68159
7.68159
7.48888
7.48888
7.67076
6.48561
6.60365
6.94649
7.47623
7.47623
7.84874
7.84874
7.28536
7.28536
7.28536
6.25064
6.56762
7.42958
7.42958
7.42958
7.42958
7.5089
7.5089
8.31421
8.31421
8.31421
7.53543
];
