ip_ml_2_rawLogTarget_unified = zeros(100,1);
ip_ml_2_rawLogTarget_unified = [5.23717
5.7284
5.34987
5.21767
5.19753
5.19531
5.19531
6.3559
5.36119
7.20578
5.19515
5.82238
6.71745
5.95221
5.28615
5.23406
5.23521
5.99593
6.87132
6.87132
6.87132
6.87132
7.05551
6.23028
5.21018
5.20642
5.19579
5.97845
7.22912
7.29096
7.29096
7.29096
7.29096
6.3812
5.19789
5.1984
5.19693
5.22083
5.20575
5.24337
7.23933
7.25569
5.42313
5.21853
5.33053
5.20015
5.22522
5.29633
5.26
5.21218
5.21218
7.07717
7.30108
5.50197
5.25606
5.19518
5.20848
5.20848
6.7786
7.11585
7.11585
5.20454
5.20546
5.20546
5.20546
5.21033
5.2035
5.21283
5.19617
6.85804
5.81195
5.52131
5.29186
5.311
5.20468
5.20759
5.22283
6.2577
6.2577
6.2577
6.3983
6.61525
6.77671
6.77671
6.77671
6.77671
7.27212
5.19498
5.2001
5.28102
5.19523
5.76949
7.24575
5.29739
5.19574
5.19695
5.20591
7.28338
7.23544
6.03314
];
