ip_ml_1_rawLogTarget_unified = zeros(100,1);
ip_ml_1_rawLogTarget_unified = [6.29052
6.37579
6.32382
6.25939
6.28921
6.24908
6.24797
6.82869
6.25896
6.25254
6.81968
6.24969
6.56173
6.56173
6.56173
6.42742
6.27327
6.35146
6.38991
6.57819
6.64857
6.63946
6.43109
6.24859
6.24859
6.29008
6.26967
6.24778
7.08659
7.08659
7.17875
6.91987
6.25364
6.2689
6.24993
6.25383
6.45203
6.63983
6.66505
7.26562
7.29656
6.98098
6.88794
6.32257
6.31011
6.31011
6.24954
6.24954
6.59148
6.59148
6.25222
6.3872
7.27073
6.46314
6.25301
6.25301
6.26293
6.28431
6.31662
6.89721
6.26531
6.27837
6.2479
6.2479
6.25456
7.27249
7.0346
7.0346
6.25258
6.25305
6.25548
6.25548
6.26086
6.25337
6.24776
7.07994
6.29171
6.29474
6.25801
6.25949
6.27205
6.25566
6.25566
6.24877
7.03925
7.03925
7.03925
6.2478
6.24852
6.24784
6.24776
6.24957
6.53527
6.2668
6.26379
6.24984
7.29277
7.29277
7.29277
6.38669
];
