ip_ml_16_rawLogTarget_unified = zeros(100,1);
ip_ml_16_rawLogTarget_unified = [11.4331
11.4039
11.5375
11.5375
11.1393
11.2744
10.3454
9.64736
10.0237
10.3093
10.5016
10.6895
10.6895
10.9989
10.55
10.2598
10.9133
12.1439
9.9846
15.7809
14.8431
15.7809
13.2718
13.2718
13.2718
11.8978
13.5374
13.5374
10.9187
11.6499
10.4769
12.9388
12.9212
12.5753
11.4501
10.6931
13.0564
13.0564
13.0935
13.0935
13.0045
11.7652
12.4874
13.0038
13.2259
9.88333
8.85885
10.0319
9.54054
8.31534
9.40936
9.40936
9.64478
9.49508
9.00228
9.79773
10.2722
12.1357
17.2373
17.2373
17.2373
17.2373
13.6354
13.6455
13.6455
13.2855
13.7528
11.6319
14.7305
14.7305
14.2195
14.2195
18.3453
18.873
18.873
18.2553
17.883
18.625
18.9585
18.2553
13.7902
12.4582
16.5513
16.7355
15.8112
15.8112
15.8112
15.1407
14.2248
14.0072
14.0072
14.4659
14.1525
16.7164
14.8375
14.8375
16.141
16.141
16.477
16.7213
];
