ip_ml_8_rawChain_unified = zeros(100,3);
ip_ml_8_rawChain_unified = [4.0372058548297346e+01 1.0318298074597809e+00 1.5496665350482228e+00 
2.0257026886116552e+01 7.8780404787329572e-01 1.5832255661236443e+00 
9.0213404758524661e+01 1.5371823035119223e+00 1.8294644643718541e+00 
8.0802708353319701e+01 1.6245831643672426e+00 1.9071695973644645e+00 
7.6714406888578452e+01 1.0385452799478307e+00 1.4748459947118899e+00 
9.0295581325645870e+01 1.0795585799939362e+00 1.5565741878755210e+00 
9.3942212556012080e+01 1.2965189439385501e+00 1.8657910603962917e+00 
6.6030737708562881e+01 1.3153834910354461e+00 1.6149036903899761e+00 
3.7924031028799369e+01 9.6074983939061220e-01 1.3582369877607678e+00 
6.7101988012613191e+01 1.4153834719319904e+00 1.5208786232522240e+00 
5.8432045968147669e+01 1.6206366828543062e+00 1.9607773431447801e+00 
7.3511774459971619e+01 1.6660329021573232e+00 1.8198963503886503e+00 
5.7142454752209474e+01 1.1788766747364050e+00 1.6174848780620084e+00 
5.7300533544384315e+01 1.2001763945660795e+00 1.7213953231121957e+00 
5.2389653333052834e+01 1.0702865390371938e+00 1.4380744255468902e+00 
4.0427212998732308e+01 9.5631295569056840e-01 1.3386650278310059e+00 
9.5899355577062877e+01 9.5833648576898933e-01 9.3435892775898122e-01 
1.5755374332871906e+01 1.0065829513274085e+00 1.8509772706560770e+00 
1.5755374332871906e+01 1.0065829513274085e+00 1.8509772706560770e+00 
1.5755374332871906e+01 1.0065829513274085e+00 1.8509772706560770e+00 
8.6107151886440612e+00 5.4083705564544138e-01 1.6321962911748418e+00 
1.7160421370347382e+01 6.2524812367783944e-01 1.5839680100646951e+00 
1.7160421370347382e+01 6.2524812367783944e-01 1.5839680100646951e+00 
1.7160421370347382e+01 6.2524812367783944e-01 1.5839680100646951e+00 
1.7160421370347382e+01 6.2524812367783944e-01 1.5839680100646951e+00 
2.2939725122742004e+01 6.4897518897300710e-01 9.4069797604748495e-01 
4.8315817554876325e+01 8.3557303726371213e-01 1.0828060674793081e+00 
4.4989725464960763e+01 1.1809283830766302e+00 1.4977697740763156e+00 
2.1063727039242359e+01 8.2298439781871247e-01 1.9664134101629640e+00 
2.1063727039242359e+01 8.2298439781871247e-01 1.9664134101629640e+00 
6.0262340433567765e+01 1.5410553834114202e+00 1.8999788798881476e+00 
2.2258596241671988e+01 7.5856033075418716e-01 1.6176875380549927e+00 
2.2258596241671988e+01 7.5856033075418716e-01 1.6176875380549927e+00 
1.0975626567011993e+01 8.5137741548940882e-01 1.9862135178402536e+00 
1.0975626567011993e+01 8.5137741548940882e-01 1.9862135178402536e+00 
3.0769052961577685e+01 8.7692165008784462e-01 1.6029398429907631e+00 
1.0975626567011993e+01 8.5137741548940882e-01 1.9862135178402536e+00 
1.0975626567011993e+01 8.5137741548940882e-01 1.9862135178402536e+00 
1.0975626567011993e+01 8.5137741548940882e-01 1.9862135178402536e+00 
1.5758401572703066e+01 5.8194729145904400e-01 1.2124507671235554e+00 
6.7020408344553132e+01 8.7267620943945567e-01 8.6034572497915374e-01 
6.5061316523632186e+01 8.4800103366163748e-01 9.2009412040101801e-01 
6.5061316523632186e+01 8.4800103366163748e-01 9.2009412040101801e-01 
7.9385284659545505e+01 1.0391407358786657e+00 1.0062347182572948e+00 
1.3555196404458165e+01 8.3507917706749202e-01 1.6350603220325852e+00 
3.2826768312152822e+01 1.1322174953904911e+00 1.6352907307721170e+00 
3.2826768312152822e+01 1.1322174953904911e+00 1.6352907307721170e+00 
1.5689659569486388e+01 1.0247735541493230e+00 1.8075614908094182e+00 
3.0506689503569866e+01 1.0842168147909177e+00 1.9024170907565505e+00 
4.6942698388942688e+01 1.0381654607516286e+00 1.4813968340993484e+00 
4.2911667054701219e+01 7.2736945156791588e-01 1.0778609516552462e+00 
1.8827099804191121e+01 7.4500080860626361e-01 1.1840642960470020e+00 
4.5951137367776859e+01 9.3540274544672108e-01 1.0895710304910178e+00 
4.5951137367776859e+01 9.3540274544672108e-01 1.0895710304910178e+00 
3.8379380388246211e+01 1.2856563468144500e+00 1.7776959049538801e+00 
2.2738353662466434e+01 1.1393450823313860e+00 1.7618182883900215e+00 
3.4545351860302745e+01 5.4137542813783568e-01 9.6379756694144358e-01 
9.4193279833012667e+01 9.5156736935729003e-01 9.4133335699259257e-01 
7.9033920740856658e+01 1.1208154589472765e+00 1.1049779072031121e+00 
7.2595804509252559e+01 9.8442357670755465e-01 1.2692859111986259e+00 
7.6023783704390425e+01 1.4347017775739341e+00 1.8886300219450003e+00 
7.6023783704390425e+01 1.4347017775739341e+00 1.8886300219450003e+00 
7.6023783704390425e+01 1.4347017775739341e+00 1.8886300219450003e+00 
4.6868002269016912e+01 9.8268040397838896e-01 1.2159177292564445e+00 
4.8454596994053198e+01 1.0074124389913002e+00 1.5422893396388093e+00 
1.1648690731879810e+01 7.7652655703992279e-01 1.9634397476236969e+00 
9.4095288120928672e+01 1.3963722636055831e+00 1.7542083916825733e+00 
9.5032218513331827e+01 1.7234493722830790e+00 1.9298075076054637e+00 
9.1648458282872156e+01 1.0902612719003466e+00 1.2624558687068639e+00 
9.1648458282872156e+01 1.0902612719003466e+00 1.2624558687068639e+00 
9.9766798179711913e+01 1.1338122456698985e+00 1.4475188186440850e+00 
8.1832296421880130e+01 9.3112075601630129e-01 1.1797230670945760e+00 
9.4879696485612811e+01 8.6105190859257585e-01 9.6548653362888781e-01 
8.8811377692778535e+01 1.2220784608546071e+00 1.3401304643419090e+00 
8.4123225335073457e+01 1.2941109588495114e+00 1.7612002995708276e+00 
7.1829404441682286e+01 1.1240186527033107e+00 1.4597660016616689e+00 
5.2875447249828660e+01 8.9152667633114557e-01 1.3279889136758962e+00 
6.9611013176973074e+01 7.6400487611455081e-01 6.8128113079450026e-01 
6.9611013176973074e+01 7.6400487611455081e-01 6.8128113079450026e-01 
6.8955920783914593e+01 7.1875376878446573e-01 7.3826550037175465e-01 
7.9785838008029174e+01 1.1522137474850538e+00 1.5431319738484444e+00 
5.1266627823302422e+01 1.3437057597615225e+00 1.8145164793026132e+00 
3.7923896106547872e+01 9.0809887650901777e-01 1.4947734148330618e+00 
8.3023991901047253e+01 1.1578713477012101e+00 1.3547652324138761e+00 
6.1657277175277258e+01 8.3961541727478561e-01 1.2806780603066577e+00 
2.9601481114107337e+01 7.6606990684396059e-01 7.9837992565770233e-01 
1.7286420095941420e+01 5.4056455620042554e-01 7.6083413801969024e-01 
1.8576475243331803e+01 7.5747124467013527e-01 7.5381730068599850e-01 
2.0043008939602714e+01 4.1002275241093245e-01 6.1400547858893872e-01 
1.0603486623862640e+01 3.0179172843817370e-01 5.0406072261253998e-01 
8.5224017363696575e+01 9.1222200501966622e-01 1.3642542826901383e+00 
9.6648548467429521e+01 1.0995618113164567e+00 1.6286685157680931e+00 
3.6163733251137849e+01 9.4298180662639375e-01 1.7086054259172931e+00 
2.4042759479394178e+01 8.6263401962877007e-01 1.3995286911249667e+00 
2.4042759479394178e+01 8.6263401962877007e-01 1.3995286911249667e+00 
2.4042759479394178e+01 8.6263401962877007e-01 1.3995286911249667e+00 
3.1709429721584318e+01 7.7307546223478951e-01 1.3015812547618169e+00 
3.1709429721584318e+01 7.7307546223478951e-01 1.3015812547618169e+00 
3.1709429721584318e+01 7.7307546223478951e-01 1.3015812547618169e+00 
3.1709429721584318e+01 7.7307546223478951e-01 1.3015812547618169e+00 
];
