ip_ml_7_rawLogTarget_unified = zeros(100,1);
ip_ml_7_rawLogTarget_unified = [7.35982
7.28609
7.28609
7.06601
7.06601
6.81829
7.34262
7.03027
7.13765
6.69902
6.69902
7.3125
7.34127
7.15651
7.04335
6.76402
6.76402
6.82441
6.82441
5.79094
7.05162
7.23382
7.23382
7.30191
7.30191
7.35172
6.9238
6.9238
6.9238
6.63038
7.20358
6.81239
6.81239
6.81239
6.81239
6.81239
7.15804
7.15804
4.83722
7.34811
7.34811
6.18354
6.9035
7.17924
5.81474
6.69046
7.3842
7.20904
7.23456
7.23825
6.59799
6.59799
7.27635
7.30651
7.42483
6.97233
6.88973
7.27812
7.27812
7.25706
6.92718
7.33583
7.30245
7.34096
7.34096
7.34096
5.16478
6.86871
7.34941
7.34941
6.83694
6.83694
7.10291
4.52748
1.90551
7.35529
7.35529
7.35529
7.35529
7.3441
7.31949
7.15245
7.36691
7.35802
7.07331
7.07331
7.34033
6.18074
6.51371
6.51371
4.87969
7.30539
6.84143
7.38263
5.88229
7.06515
7.29969
7.29969
7.37797
7.48003
];
