ip_ml_12_rawLogTarget_unified = zeros(100,1);
ip_ml_12_rawLogTarget_unified = [8.2584
8.66362
8.70624
8.37281
8.96647
8.20433
8.01185
8.26587
8.72342
8.47727
7.36631
6.79507
7.62875
8.45269
8.46008
8.49008
7.30561
7.95871
8.47625
7.60728
7.60728
7.60728
7.71272
8.41096
8.33542
6.32762
8.72014
8.72014
10.905
9.08643
8.72014
8.25534
7.48278
8.1567
8.1567
8.76901
8.76901
8.77559
8.58863
9.69603
9.48702
7.20228
9.69603
9.69603
9.69603
9.69603
9.69603
9.69603
9.69603
9.43515
8.21397
8.37152
7.84412
8.10358
8.10358
8.40578
8.68944
8.65121
8.66724
7.98474
6.85309
7.6194
7.6194
7.63878
8.17318
8.22531
8.05983
8.0491
8.32664
8.07383
8.37256
8.72392
8.00082
8.00082
8.40355
8.40355
8.11228
8.2479
8.41771
6.32386
6.32386
6.32386
8.55527
8.55527
9.58505
8.70154
8.70154
9.76365
11.3524
9.75645
9.92419
10.0858
9.33005
9.8192
9.8192
9.8192
10.4169
10.4169
7.41786
8.89894
];
