ip_ml_14_rawLogTarget_unified = zeros(100,1);
ip_ml_14_rawLogTarget_unified = [9.86808
9.4154
9.56392
9.56392
10.3677
10.3677
10.1088
9.22468
8.84149
8.97457
8.95132
9.77437
9.53319
9.68286
9.77417
10.6688
9.18855
9.18855
9.71455
13.2647
11.5002
11.5002
11.687
10.3377
10.0816
9.79769
9.79769
9.33156
9.15965
11.3748
11.3748
10.6937
11.3748
10.0052
11.2351
11.3748
11.3748
11.3748
11.3748
11.468
11.468
10.9631
11.5802
11.5802
8.54573
8.60749
9.12145
9.12145
9.20915
9.01681
9.13607
9.13607
9.17974
9.59728
9.59728
8.89694
9.24297
9.0836
7.84777
8.9758
8.78402
8.78402
8.45997
8.57292
9.0451
9.0451
9.84735
8.43644
11.4899
10.83
10.83
11.4899
14.2889
14.2889
14.2889
11.4776
11.763
11.763
12.0379
12.0379
12.0379
15.0048
15.0048
15.0048
11.7049
9.79612
13.286
13.286
13.286
11.5844
11.5844
11.5844
11.5844
11.5844
12.6012
12.8858
13.2829
12.6012
12.6012
13.7543
];
