ip_ml_7_rawLogLikelihood_unified = zeros(100,1);
ip_ml_7_rawLogLikelihood_unified = [0.0576552
-0.0160833
-0.0160833
-0.236162
-0.236162
-0.483879
0.0404459
-0.271897
-0.164518
-0.603151
-0.603151
0.0103293
0.039097
-0.145656
-0.258819
-0.538152
-0.538152
-0.477762
-0.477762
-1.51123
-0.25055
-0.0683484
-0.0683484
-0.000258197
-0.000258197
0.0495538
-0.378371
-0.378371
-0.378371
-0.671791
-0.0985931
-0.489779
-0.489779
-0.489779
-0.489779
-0.489779
-0.14413
-0.14413
-2.46495
0.0459437
0.0459437
-1.11863
-0.398674
-0.12293
-1.48743
-0.611713
0.0820303
-0.0931306
-0.0676107
-0.0639195
-0.704184
-0.704184
-0.025817
0.00433877
0.122659
-0.329839
-0.41244
-0.024052
-0.024052
-0.0451071
-0.37499
0.0336622
0.000283164
0.0387902
0.0387902
0.0387902
-2.13739
-0.433459
0.047244
0.047244
-0.465233
-0.465233
-0.199258
-2.77469
-5.39666
0.0531205
0.0531205
0.0531205
0.0531205
0.0419328
0.017324
-0.149724
0.0647405
0.0558516
-0.228864
-0.228864
0.0381629
-1.12143
-0.78846
-0.78846
-2.42248
0.00321644
-0.460744
0.080457
-1.41988
-0.23702
-0.00247461
-0.00247461
0.0757989
0.177864
];
