ip_ml_6_rawChain_unified = zeros(100,3);
ip_ml_6_rawChain_unified = [6.4984234031246455e+00 3.1995845665462708e-01 1.5138318146095180e+00 
5.1519799704667165e+01 1.2512750529309451e+00 1.1827176510582542e+00 
5.5637828019968332e+01 1.1881137996730295e+00 1.3443428650126381e+00 
3.8254778980402172e+01 1.1629890877815037e+00 1.8745542939647772e+00 
3.8254778980402172e+01 1.1629890877815037e+00 1.8745542939647772e+00 
7.7305097059645590e+01 1.4324146134678015e+00 1.6517287767058551e+00 
8.5993950502915510e+01 1.8247792808596071e+00 1.4745173062371502e+00 
9.7525307817668065e+01 9.0563800591499932e-01 1.1372372181272614e+00 
6.2109931419356791e+01 1.1328003996523299e+00 1.6116462412863870e+00 
6.2109931419356791e+01 1.1328003996523299e+00 1.6116462412863870e+00 
7.6313005429708880e+01 1.5752294825741389e+00 1.8040695572652476e+00 
6.4388052144131748e+01 1.5647110247512992e+00 1.9461902358124954e+00 
8.2874183710071193e+01 1.6486639583783704e+00 1.6821907115859223e+00 
8.2874183710071193e+01 1.6486639583783704e+00 1.6821907115859223e+00 
6.6387093441762687e+01 8.1548288944741987e-01 9.4865255682146399e-01 
9.5842973624070382e+01 1.5058341266362536e+00 1.4731648859914308e+00 
9.1801227683293774e+01 1.3333446440752201e+00 1.9226790202197968e+00 
7.5819902375265684e+01 1.6574758544081467e+00 1.7442185470522311e+00 
8.0745160046173638e+01 8.4807278643114559e-01 1.1265075465409962e+00 
1.5755374332871906e+01 1.0065829513274085e+00 1.8509772706560770e+00 
1.5755374332871906e+01 1.0065829513274085e+00 1.8509772706560770e+00 
1.5755374332871906e+01 1.0065829513274085e+00 1.8509772706560770e+00 
1.5755374332871906e+01 1.0065829513274085e+00 1.8509772706560770e+00 
1.3941573533853546e+01 4.8119962543525502e-01 1.5893697933518531e+00 
1.7160421370347382e+01 6.2524812367783944e-01 1.5839680100646951e+00 
1.7160421370347382e+01 6.2524812367783944e-01 1.5839680100646951e+00 
1.7160421370347382e+01 6.2524812367783944e-01 1.5839680100646951e+00 
7.5105742140973433e+01 2.1866194120987288e+00 1.4610226131900315e+00 
4.4895540055855584e+01 8.0312483137189195e-01 9.2460846105087136e-01 
2.7930447132462760e+01 1.3958434222964540e+00 1.6801109391106537e+00 
2.8156170019206314e+01 9.6285056734445318e-01 1.5440184476821388e+00 
4.8650021134181223e+01 1.1133467287477516e+00 1.9216686515105887e+00 
4.8650021134181223e+01 1.1133467287477516e+00 1.9216686515105887e+00 
2.1063727039242359e+01 8.2298439781871247e-01 1.9664134101629640e+00 
3.0727301409326110e+01 1.1969678979685361e+00 1.4130662071664326e+00 
2.1819717640029534e+01 1.1667030988294966e+00 7.2702725957736236e-01 
2.2258596241671988e+01 7.5856033075418716e-01 1.6176875380549927e+00 
1.0975626567011993e+01 8.5137741548940882e-01 1.9862135178402536e+00 
1.0975626567011993e+01 8.5137741548940882e-01 1.9862135178402536e+00 
1.0975626567011993e+01 8.5137741548940882e-01 1.9862135178402536e+00 
4.8155676285113692e+01 1.0630015337616001e+00 1.2316429751081588e+00 
1.6103455882154314e+01 6.3420278938674901e-01 1.1273788957845230e+00 
1.6103455882154314e+01 6.3420278938674901e-01 1.1273788957845230e+00 
4.7625528899044298e+01 1.3099829583114080e+00 1.1864472737148999e+00 
7.9385284659545505e+01 1.0391407358786657e+00 1.0062347182572948e+00 
7.9385284659545505e+01 1.0391407358786657e+00 1.0062347182572948e+00 
6.9121199581741749e+01 8.7751882585730856e-01 1.3831506432400820e+00 
4.6473911920782413e+01 8.2685311144987361e-01 1.3145325851756513e+00 
3.0769747855386811e+01 6.3575638689485292e-01 1.1659204440373052e+00 
3.0769747855386811e+01 6.3575638689485292e-01 1.1659204440373052e+00 
3.2826768312152822e+01 1.1322174953904911e+00 1.6352907307721170e+00 
3.2826768312152822e+01 1.1322174953904911e+00 1.6352907307721170e+00 
3.2826768312152822e+01 1.1322174953904911e+00 1.6352907307721170e+00 
3.2826768312152822e+01 1.1322174953904911e+00 1.6352907307721170e+00 
3.2826768312152822e+01 1.1322174953904911e+00 1.6352907307721170e+00 
3.2826768312152822e+01 1.1322174953904911e+00 1.6352907307721170e+00 
6.8750753750149102e+01 9.0213889789988910e-01 1.2807088057985365e+00 
6.8750753750149102e+01 9.0213889789988910e-01 1.2807088057985365e+00 
6.8750753750149102e+01 9.0213889789988910e-01 1.2807088057985365e+00 
6.8750753750149102e+01 9.0213889789988910e-01 1.2807088057985365e+00 
6.9710729300818556e+01 1.3672260469632080e+00 1.7622594288693900e+00 
7.1734310662043214e+01 1.0305095412852094e+00 1.2837825076325031e+00 
3.7098605569405464e+01 1.2400989713645825e+00 1.6877603908878549e+00 
1.8732119203057565e+01 8.7352039590951036e-01 1.8600155297246388e+00 
5.4863847222390490e+01 1.0098761489052421e+00 1.2809869680770827e+00 
4.4320145154332813e+01 7.7591140270402370e-01 1.5492690410387218e+00 
8.7350076188215695e+01 2.9454892822767667e+00 1.4887554973738799e+00 
8.4210036840740742e+01 5.7027699667151843e-01 7.7181066097190310e-01 
8.4210036840740742e+01 5.7027699667151843e-01 7.7181066097190310e-01 
7.0894350301388968e+01 1.3147752462406292e+00 1.1461677807327804e+00 
7.0361386151922034e+01 2.4880666854172246e+00 1.1406446457805015e+00 
6.0441786419982094e+01 2.7030907278689673e+00 1.2684332082106646e+00 
9.5275502463056824e+01 1.5608624510704041e+00 9.5258081110412496e-01 
9.5275502463056824e+01 1.5608624510704041e+00 9.5258081110412496e-01 
8.9789103605698827e+01 1.9116215605609002e+00 1.3588688745364601e+00 
9.1648458282872156e+01 1.0902612719003466e+00 1.2624558687068639e+00 
9.1648458282872156e+01 1.0902612719003466e+00 1.2624558687068639e+00 
9.1648458282872156e+01 1.0902612719003466e+00 1.2624558687068639e+00 
9.1648458282872156e+01 1.0902612719003466e+00 1.2624558687068639e+00 
6.6153554925351727e+01 1.0134937683908531e+00 1.4236549069723032e+00 
6.6153554925351727e+01 1.0134937683908531e+00 1.4236549069723032e+00 
5.9699362648352576e+01 9.1703014155487783e-01 1.4764819012950898e+00 
5.9699362648352576e+01 9.1703014155487783e-01 1.4764819012950898e+00 
2.9601481114107337e+01 7.6606990684396059e-01 7.9837992565770233e-01 
2.9601481114107337e+01 7.6606990684396059e-01 7.9837992565770233e-01 
2.9601481114107337e+01 7.6606990684396059e-01 7.9837992565770233e-01 
2.9601481114107337e+01 7.6606990684396059e-01 7.9837992565770233e-01 
5.4143175387605531e+00 1.5812072979566327e-01 7.8823843356365986e-01 
2.9601481114107337e+01 7.6606990684396059e-01 7.9837992565770233e-01 
2.9601481114107337e+01 7.6606990684396059e-01 7.9837992565770233e-01 
3.7155347098664116e+01 6.3130801471099307e-01 7.6187348900553964e-01 
3.7155347098664116e+01 6.3130801471099307e-01 7.6187348900553964e-01 
2.1836280445808651e+01 1.2932963122172056e+00 1.5461040528383307e+00 
3.9190721458168653e+01 1.2880853031808026e+00 1.6830209177416726e+00 
1.0603486623862640e+01 3.0179172843817370e-01 5.0406072261253998e-01 
1.0603486623862640e+01 3.0179172843817370e-01 5.0406072261253998e-01 
8.5224017363696575e+01 9.1222200501966622e-01 1.3642542826901383e+00 
1.4370238873542089e+01 4.7351495500740948e-01 1.0313040454365812e+00 
1.4370238873542089e+01 4.7351495500740948e-01 1.0313040454365812e+00 
3.5190239875890306e+01 7.3515409720477587e-01 1.7204746188906788e+00 
];
