ip_ml_16_rawChain_unified = zeros(100,3);
ip_ml_16_rawChain_unified = [2.8845213933230795e+01 1.1199601183268975e+00 1.8821018013739461e+00 
2.7626107388697950e+01 1.0165361994241140e+00 1.7058811766861235e+00 
1.9003895855839342e+01 7.9781162883751977e-01 1.5461270557509172e+00 
1.9003895855839342e+01 7.9781162883751977e-01 1.5461270557509172e+00 
3.2508875328190975e+01 8.9022935872117759e-01 1.3870116818629481e+00 
3.1217919597207228e+01 8.8450758147690733e-01 1.3992502118950729e+00 
4.7226629918537036e+01 1.1887015919889641e+00 1.6730296907719318e+00 
4.8265238815008573e+01 1.2207317139373006e+00 1.7516586777511269e+00 
5.4520144610154780e+01 1.2497222181309224e+00 1.6680250968327830e+00 
4.1532245783200409e+01 1.1826607146858301e+00 1.7597222369757450e+00 
4.0294697847333374e+01 1.1888091463115003e+00 1.7362883099296416e+00 
3.7816408808733179e+01 1.0890127778943874e+00 1.6186319947854397e+00 
3.7816408808733179e+01 1.0890127778943874e+00 1.6186319947854397e+00 
3.0625788776529248e+01 9.6320238559495797e-01 1.5205407321910476e+00 
4.2219226742954106e+01 8.3973176798508664e-01 1.1061393709424723e+00 
3.8772739492785959e+01 8.2435729116963585e-01 1.1765275475411854e+00 
2.6806247290354385e+01 6.8928153956966642e-01 1.0129417207720544e+00 
2.2132171164000944e+01 5.9794633465054636e-01 9.4095914325024066e-01 
6.9514761654858049e+01 7.8749151411724139e-01 8.2351834929684886e-01 
1.1500754032525258e+01 5.2659370925889748e-01 1.4747456629664928e+00 
1.3554185357203504e+01 5.2758642750950868e-01 1.4388567557825249e+00 
1.1500754032525258e+01 5.2659370925889748e-01 1.4747456629664928e+00 
1.4208602787301192e+01 5.0881248965383219e-01 1.3422063742237225e+00 
1.4208602787301192e+01 5.0881248965383219e-01 1.3422063742237225e+00 
1.4208602787301192e+01 5.0881248965383219e-01 1.3422063742237225e+00 
1.3511987040642039e+01 4.6194491699880758e-01 1.2985007769494701e+00 
1.2425640562591958e+01 5.4718555882465103e-01 1.3684860468117213e+00 
1.2425640562591958e+01 5.4718555882465103e-01 1.3684860468117213e+00 
2.2378894374067027e+01 1.0139479405732497e+00 1.8359137474203679e+00 
2.5677914788868971e+01 9.7262819653513122e-01 1.6842197089474966e+00 
3.7711594884818645e+01 1.1079786102171387e+00 1.6358326446595688e+00 
1.8575008163409507e+01 8.1355056299214112e-01 1.6583492341947295e+00 
1.9924339478588944e+01 8.1806333162587741e-01 1.6723582512638162e+00 
2.0183023648704445e+01 9.4514705264917609e-01 1.9538914859800594e+00 
2.3472493418490096e+01 9.2229415751990118e-01 1.7653368329579620e+00 
2.4403035894595138e+01 9.5252861045732595e-01 1.8089860810043961e+00 
1.9343706205110696e+01 9.5342885609856554e-01 1.9514614616235135e+00 
1.9343706205110696e+01 9.5342885609856554e-01 1.9514614616235135e+00 
1.9039901193652490e+01 8.5272638842739701e-01 1.7417654852432993e+00 
1.9039901193652490e+01 8.5272638842739701e-01 1.7417654852432993e+00 
1.9922329455912479e+01 8.5335171601522353e-01 1.7140238153440990e+00 
2.2096311726019159e+01 8.8513111708514036e-01 1.7478403148246500e+00 
2.1412776492818075e+01 7.9375199327404744e-01 1.5479227250114485e+00 
1.9852037212454618e+01 8.6665697431572919e-01 1.7718964654439862e+00 
1.8827916192068095e+01 9.1576184547740769e-01 1.9054760416865451e+00 
6.9417897609647895e+01 1.2803787841903767e+00 1.6380733599599882e+00 
5.2694705611197051e+01 7.7073036729480149e-01 8.2354394043010748e-01 
5.9510102713458444e+01 8.7080538442581945e-01 1.0176748378873051e+00 
3.7841218869696611e+01 1.1031141124870187e+00 1.7256924951881754e+00 
3.8817690795263822e+01 1.1365950425714757e+00 1.7912728856966853e+00 
9.4665838354400037e+01 1.4612145661466296e+00 1.7933909364351643e+00 
9.4665838354400037e+01 1.4612145661466296e+00 1.7933909364351643e+00 
9.7360818604052284e+01 1.4539414761396463e+00 1.7530390089398686e+00 
9.2830172701107784e+01 1.3625655153600169e+00 1.6261588453438378e+00 
8.1903396764198234e+01 1.0844110498445709e+00 1.2472684521533923e+00 
7.6668014369545645e+01 1.0776359435699026e+00 1.3104816681423916e+00 
4.0698459789197621e+01 7.4634323790457668e-01 9.8277002016493809e-01 
2.4699855634429614e+01 6.6771568712200591e-01 1.0972337630598248e+00 
1.1671890252134379e+01 3.9812714398962951e-01 1.0294647388295302e+00 
1.1671890252134379e+01 3.9812714398962951e-01 1.0294647388295302e+00 
1.1671890252134379e+01 3.9812714398962951e-01 1.0294647388295302e+00 
1.1671890252134379e+01 3.9812714398962951e-01 1.0294647388295302e+00 
1.7940627754072409e+01 6.1220850002965366e-01 1.2080566246799151e+00 
1.8450641361913469e+01 5.8804248942732462e-01 1.1408061223144770e+00 
1.8450641361913469e+01 5.8804248942732462e-01 1.1408061223144770e+00 
1.9618437274917795e+01 6.0357386819768888e-01 1.1240951677047366e+00 
1.8044541374866920e+01 5.7713962116034623e-01 1.1147822561148730e+00 
2.5128129524153845e+01 7.0891797840230331e-01 1.2140985125503776e+00 
1.6055338072676992e+01 4.3801201860316208e-01 7.9257095399885302e-01 
1.6055338072676992e+01 4.3801201860316208e-01 7.9257095399885302e-01 
1.6983411966588825e+01 4.7922839769207959e-01 9.0213963800884422e-01 
1.6983411966588825e+01 4.7922839769207959e-01 9.0213963800884422e-01 
1.0801838908042646e+01 2.8939660159157071e-01 7.3576691412083828e-01 
9.9747146496204309e+00 2.9055438219856422e-01 7.4953854078478999e-01 
9.9747146496204309e+00 2.9055438219856422e-01 7.4953854078478999e-01 
9.4525126400264092e+00 2.8096301160657017e-01 7.3126803497966342e-01 
1.0973248960559868e+01 2.8078967047623421e-01 6.8304740018941634e-01 
9.1583407346651828e+00 2.5738767227746284e-01 6.4630861360557657e-01 
9.2256493854624271e+00 2.6237325533923822e-01 6.8201624073240397e-01 
9.4525126400264092e+00 2.8096301160657017e-01 7.3126803497966342e-01 
1.8356490024139603e+01 4.9255933202332308e-01 8.4949391701076982e-01 
1.5821646591599571e+01 4.5486614318356500e-01 7.5938791599983790e-01 
1.2962341205763845e+01 3.3593415462421505e-01 6.6592233447956251e-01 
1.2246574685983182e+01 3.3123681662214771e-01 6.3673672955474514e-01 
1.4096502064548655e+01 3.8079688741129702e-01 7.3871520737515817e-01 
1.4096502064548655e+01 3.8079688741129702e-01 7.3871520737515817e-01 
1.4096502064548655e+01 3.8079688741129702e-01 7.3871520737515817e-01 
1.4201133903990845e+01 4.0289766124834564e-01 7.4795624941581118e-01 
1.2891717613570860e+01 2.9542452562221233e-01 5.7922556788348256e-01 
1.2565482863766189e+01 3.8318421065485875e-01 7.4825034670931478e-01 
1.2565482863766189e+01 3.8318421065485875e-01 7.4825034670931478e-01 
1.6653381223659920e+01 4.2348919539544705e-01 7.1732297555852798e-01 
1.7086193105169798e+01 4.2107152004061155e-01 6.9689572340285466e-01 
1.2802156565336810e+01 3.2231337125904369e-01 5.6410312194645351e-01 
1.4395364990917830e+01 4.1376224711751541e-01 7.6596086371086070e-01 
1.4395364990917830e+01 4.1376224711751541e-01 7.6596086371086070e-01 
1.3547870233214901e+01 3.5445902428996684e-01 6.8762828505022677e-01 
1.3547870233214901e+01 3.5445902428996684e-01 6.8762828505022677e-01 
1.2485814217640103e+01 3.2312839996879311e-01 5.6394404315243107e-01 
1.1752679941645907e+01 3.0570626808406454e-01 5.4207868586662522e-01 
];
