ip_ml_5_rawLogLikelihood_unified = zeros(100,1);
ip_ml_5_rawLogLikelihood_unified = [0.0148239
-0.321968
-0.00633869
-0.00633869
-0.0404989
-1.28046
-0.422956
-0.422956
-0.133891
-1.72928
-0.0519722
-0.0519722
-0.0611336
-1.69778
0.00407095
-0.31517
-0.343566
-0.909193
-0.26752
-0.26752
-0.270283
-0.188294
-0.902654
-0.188294
-0.188294
0.0462621
-0.0288881
-0.0269372
-0.0269372
-0.0269372
-1.06761
-0.648477
0.0256179
0.0256179
0.0300558
-1.80067
-0.149122
-1.07486
-1.07486
-0.0288881
-0.0288881
-0.19303
-0.19303
-0.19303
-0.19303
-0.401551
-0.401551
-0.971477
-0.817211
-0.157124
-5.43128
-5.39435
-0.579931
-0.579931
-0.201687
-0.548134
-0.0251917
-0.0251917
-0.0808834
0.0175003
0.0175003
-0.0567725
0.0522561
-0.814732
-1.19765
0.0222234
-1.05487
-3.75423
-3.71854
-3.11407
-3.11407
-1.27012
-1.1489
-4.02422
-4.10551
-2.12691
-2.12691
-1.88845
-0.795173
0.0209357
0.0209357
-0.0901992
-0.441976
-0.310745
-0.310745
-0.377892
-0.377892
-0.310745
-0.310745
-2.51235
-2.51235
-0.310745
0.0280458
-0.310745
-0.662252
0.0700992
0.0700992
-1.34773
-1.34773
-0.0330218
];
