ip_ml_18_rawLogTarget_unified = zeros(500,1);
ip_ml_18_rawLogTarget_unified = [11.7379
11.7379
11.3992
11.8325
11.7307
11.7753
11.1548
10.4759
10.9274
11.2355
11.4333
11.7685
10.9265
10.9918
10.4497
11.0097
10.7473
11.4172
11.2102
10.5273
10.8067
10.751
10.3301
10.6906
10.8416
10.8174
12.8147
12.8622
13.0789
14.7394
14.8066
14.8066
14.8066
13.521
13.6055
14.7774
14.7774
15.5318
17.6535
15.1552
12.9491
12.9491
12.9491
15.4301
18.1309
18.8986
18.4947
18.7439
16.8434
16.9429
15.4297
15.4297
17.5421
17.5421
17.0989
15.2345
16.5566
17.0779
17.4716
17.4716
17.6129
17.6129
17.3397
17.3265
17.8356
18.0802
18.0802
17.5238
17.6509
20.6807
20.6807
23.692
23.95
25.1604
25.1604
25.1604
14.8604
14.8933
14.8933
16.5682
16.8094
16.8094
15.9785
16.862
16.3511
16.9461
19.3542
19.2458
15.189
18.4298
17.9788
17.8001
17.8001
17.3286
17.5362
17.5362
17.5362
17.5362
17.9194
17.463
14.5066
14.4535
14.2716
15.0813
15.516
15.516
16.1081
16.1152
11.6717
11.6717
11.4288
11.1961
10.7677
10.6274
8.81831
9.9781
12.346
12.346
14.3672
14.439
14.0129
14.0129
14.0129
14.0129
13.6658
14.439
14.439
14.5307
14.5307
14.5307
14.5307
14.4998
14.4709
14.4709
14.5637
14.6294
13.7549
13.7434
13.7434
12.3438
12.8913
12.2622
14.1007
14.0987
13.3438
14.7079
13.6997
13.9874
13.7301
13.5698
13.8842
13.8478
13.9413
13.9413
14.2282
14.2282
14.4568
13.4759
14.3149
13.3911
13.0515
13.3717
10.4599
10.4599
8.96196
9.54894
10.6411
10.6411
10.3312
10.309
10.309
11.5373
11.5373
11.2636
11.322
10.0321
10.232
7.94417
9.84594
11.1592
11.3109
11.673
10.1366
10.4371
11.1949
10.7039
10.1138
10.0231
9.68983
9.89756
10.8073
10.1913
8.27189
11.799
18.1051
18.1051
18.1051
18.1051
18.0125
20.6811
20.6811
21.519
21.1541
21.0103
20.8202
21.5885
21.5885
19.3221
22.654
22.9738
18.6436
18.0761
18.0761
20.2503
20.2503
20.6476
20.318
14.416
15.0274
15.0274
14.9706
16.1884
16.1884
16.1507
14.3695
14.7352
14.7316
14.2354
15.8668
15.367
15.367
15.367
15.367
14.8494
14.8494
15.0055
15.0055
17.3389
17.3389
17.3389
18.3561
19.9549
12.0307
15.8852
15.8451
15.8451
15.2134
16.1875
17.3622
15.9965
15.9965
15.0516
14.7252
13.9
15.8852
15.9809
16.1249
16.1249
15.2645
16.2131
16.2131
16.5386
16.1122
17.5556
17.4234
16.3357
16.1471
16.9053
17.2712
20.057
20.057
20.057
22.7394
22.7394
22.7394
22.7394
22.7394
22.7394
22.6507
22.6507
20.0129
20.0129
20.0129
20.4986
20.6362
22.3019
20.2697
20.8561
21.8126
21.6723
22.2833
20.3023
20.3023
20.3023
20.8495
21.832
16.8344
18.0539
18.0539
19.9158
21.1823
21.1823
22.0703
22.0703
22.0703
19.6788
20.2411
19.7892
20.1162
21.7974
21.7974
21.7974
22.4781
22.4781
22.4781
22.4188
23.0869
21.9234
21.9234
21.9234
21.9234
21.9234
21.9234
21.6489
21.7694
21.7694
21.7694
21.7234
21.7234
21.7234
23.2713
21.8505
21.8505
20.7705
20.7705
21.1577
21.1577
22.0284
22.0284
20.6837
19.8591
19.8591
19.958
19.958
23.3313
23.3313
22.9418
25.2976
25.2976
25.2976
26.3528
22.7018
22.7018
21.3297
21.3297
16.3733
16.2629
16.2318
16.0053
16.5303
17.1946
13.2597
12.8664
14.1714
14.3394
14.3349
14.3349
14.4606
18.4701
18.4701
18.7579
18.7579
18.7579
18.5249
16.6121
16.6121
18.8114
18.5515
16.9339
16.9339
16.9339
16.1427
15.6422
15.6422
16.0684
17.134
17.134
17.2984
20.1665
20.1665
20.1665
18.37
18.37
18.3645
17.134
17.0819
17.0479
17.3935
15.527
18.8875
18.8875
18.8875
18.0565
17.9364
17.9364
18.5385
18.9814
18.9814
18.9814
18.0374
18.0374
18.2568
18.2568
17.5565
17.5715
17.2153
18.172
16.7646
16.1439
16.1439
16.8623
16.3047
20.4131
15.0495
16.056
16.056
15.7315
14.6855
14.6855
15.2174
17.9025
17.2631
17.2631
16.6394
16.6394
16.6394
17.9935
19.8928
19.8928
19.8928
18.9
18.9
18.9
15.0786
14.6031
16.0972
17.1909
17.5359
17.5359
17.5359
17.5359
18.1798
16.6999
16.6999
20.7955
20.7955
20.7955
21.073
21.073
16.0088
16.0088
16.0088
16.0088
15.9528
15.9528
17.3476
18.263
16.5661
16.8841
15.925
17.7745
17.0196
15.6165
15.1305
15.9417
16.0805
17.2875
17.219
17.219
17.219
17.219
17.219
16.6261
16.1317
17.7192
17.7192
17.7192
19.4473
19.4473
17.6757
17.6757
17.6757
17.6757
18.5134
18.1377
18.1377
19.0412
19.0412
19.7564
19.7564
];
