ip_ml_13_rawLogTarget_unified = zeros(100,1);
ip_ml_13_rawLogTarget_unified = [8.58028
9.26718
8.96243
7.84847
8.78663
9.5267
8.81259
8.75514
8.75514
9.17256
8.83998
8.88995
7.82429
7.82429
7.82429
8.13884
8.13884
8.48908
8.21768
8.7842
8.7842
8.3395
9.19745
12.1178
9.68705
9.48586
8.44435
9.26278
9.26278
9.27157
8.51763
8.51763
8.79847
8.79847
8.6659
10.5019
9.07496
10.5019
9.42584
10.1838
10.5019
10.5019
10.5019
10.1532
10.575
10.6632
8.27917
8.27917
8.54357
8.73149
8.77148
8.02655
8.82245
8.77728
9.10533
8.5869
7.63566
7.63566
8.52135
8.61705
8.46638
8.30053
8.30053
8.6715
8.33359
2.51238
9.30179
9.30179
8.236
8.236
8.21502
8.78527
8.7743
8.93103
7.04892
8.97709
9.1726
9.31316
10.5922
10.5922
10.5922
9.98974
12.7158
10.5826
10.8068
9.33055
11.0228
11.0228
11.0228
11.0228
9.26154
9.26154
12.0034
10.6665
10.6665
10.0382
11.4654
11.4654
11.4654
7.66463
];
