ip_ml_17_rawLogTarget_unified = zeros(100,1);
ip_ml_17_rawLogTarget_unified = [11.5887
11.2916
10.6599
10.6599
10.9159
11.3842
12.4742
12.7377
13.2509
16.7694
18.2902
15.7222
16.7694
16.9397
16.9397
16.9838
14.6062
14.6062
14.6062
16.9914
16.9914
14.2643
14.213
10.668
10.6512
13.5763
14.199
14.199
14.2297
13.5649
13.7687
13.1406
13.6693
13.6693
13.6685
12.8145
13.9166
10.4168
10.1749
10.1749
10.3504
10.3316
9.85461
9.60952
9.55676
18.3956
20.2312
18.3956
18.3956
14.7127
14.7127
14.385
14.4219
11.5955
15.5965
15.5965
15.5965
15.5965
15.3421
15.4211
19.6328
19.6328
19.6328
19.6328
20.222
16.5138
20.7155
19.9451
21.2828
21.2828
20.3175
19.5323
22.1839
14.5466
13.0594
17.8353
16.8033
16.8033
16.8033
16.8033
16.8033
18.4978
17.6948
16.5599
14.3376
14.7889
15.3011
14.9511
14.9511
14.9511
17.8139
15.716
15.716
15.716
15.716
17.1715
17.1715
17.5467
17.7733
18.4027
];
