ip_ml_9_rawLogLikelihood_unified = zeros(100,1);
ip_ml_9_rawLogLikelihood_unified = [0.217024
0.217024
0.462917
0.13939
0.13939
0.13939
-0.102155
-0.102155
-1.82141
-0.036525
0.0251269
0.124287
-1.04398
-1.70823
-0.278829
0.231332
0.184206
0.242897
-0.0344176
-0.08772
-1.52558
0.0146938
-0.943114
-0.257276
-0.257276
-0.257276
0.267366
0.267366
-0.342511
-0.30165
-0.30165
-0.196325
-0.196325
-0.371122
-0.371122
-1.84362
-0.677197
-1.84362
0.188963
0.188963
-1.50068
-2.53817
-0.240605
-4.78527
0.0398616
0.185212
0.185212
-1.09081
-1.09081
-0.226997
-1.5525
-0.168073
0.00106588
0.207633
0.00106588
-0.146716
-0.196756
-0.506956
-0.104978
0.0771542
0.199955
0.201412
0.079009
-0.66396
-0.66396
-0.916373
-0.916373
-0.129405
-0.278463
0.10162
0.10162
0.0652105
-1.1943
-1.49874
-0.101645
0.228985
-0.101645
-0.138856
0.210235
0.129021
0.129021
0.267958
-1.57303
-0.387045
0.0964455
0.302855
0.302855
0.302855
-0.00931488
-0.00931488
-0.00931488
-0.231579
-0.231579
0.0705974
0.0705974
0.0705974
-0.231579
-0.231579
-0.231579
-0.231579
];
