ip_ml_7_rawChain_unified = zeros(100,3);
ip_ml_7_rawChain_unified = [4.0372058548297346e+01 1.0318298074597809e+00 1.5496665350482228e+00 
3.8254778980402172e+01 1.1629890877815037e+00 1.8745542939647772e+00 
3.8254778980402172e+01 1.1629890877815037e+00 1.8745542939647772e+00 
9.1216110677218012e+01 1.3351400910844493e+00 1.4322559285043348e+00 
9.1216110677218012e+01 1.3351400910844493e+00 1.4322559285043348e+00 
7.6714406888578452e+01 1.0385452799478307e+00 1.4748459947118899e+00 
6.5777086754113597e+01 1.3317270098850202e+00 1.7714277165467602e+00 
3.9161590875266050e+01 9.2194110591964362e-01 1.5453685192469264e+00 
4.5513671854869557e+01 1.1460236442819598e+00 1.8077407267863572e+00 
6.7101988012613191e+01 1.4153834719319904e+00 1.5208786232522240e+00 
6.7101988012613191e+01 1.4153834719319904e+00 1.5208786232522240e+00 
6.4388052144131748e+01 1.5647110247512992e+00 1.9461902358124954e+00 
5.7142454752209474e+01 1.1788766747364050e+00 1.6174848780620084e+00 
4.1985674049010321e+01 7.3561347848843839e-01 1.0709898607275132e+00 
9.2342391037603505e+01 1.3989050256009898e+00 1.5019909401858456e+00 
8.0745160046173638e+01 8.4807278643114559e-01 1.1265075465409962e+00 
8.0745160046173638e+01 8.4807278643114559e-01 1.1265075465409962e+00 
1.5755374332871906e+01 1.0065829513274085e+00 1.8509772706560770e+00 
1.5755374332871906e+01 1.0065829513274085e+00 1.8509772706560770e+00 
2.7521958447968274e+01 6.9602750783714062e-01 1.6066133407320959e+00 
8.6107151886440612e+00 5.4083705564544138e-01 1.6321962911748418e+00 
1.7160421370347382e+01 6.2524812367783944e-01 1.5839680100646951e+00 
1.7160421370347382e+01 6.2524812367783944e-01 1.5839680100646951e+00 
4.4895540055855584e+01 8.0312483137189195e-01 9.2460846105087136e-01 
4.4895540055855584e+01 8.0312483137189195e-01 9.2460846105087136e-01 
4.8308935318472876e+01 8.5362897956256734e-01 1.0369357391868799e+00 
2.1063727039242359e+01 8.2298439781871247e-01 1.9664134101629640e+00 
2.1063727039242359e+01 8.2298439781871247e-01 1.9664134101629640e+00 
2.1063727039242359e+01 8.2298439781871247e-01 1.9664134101629640e+00 
5.9976763774073021e+01 1.5184403824662018e+00 1.6671493704928704e+00 
2.2258596241671988e+01 7.5856033075418716e-01 1.6176875380549927e+00 
1.0975626567011993e+01 8.5137741548940882e-01 1.9862135178402536e+00 
1.0975626567011993e+01 8.5137741548940882e-01 1.9862135178402536e+00 
1.0975626567011993e+01 8.5137741548940882e-01 1.9862135178402536e+00 
1.0975626567011993e+01 8.5137741548940882e-01 1.9862135178402536e+00 
1.0975626567011993e+01 8.5137741548940882e-01 1.9862135178402536e+00 
1.6103455882154314e+01 6.3420278938674901e-01 1.1273788957845230e+00 
1.6103455882154314e+01 6.3420278938674901e-01 1.1273788957845230e+00 
4.7625528899044298e+01 1.3099829583114080e+00 1.1864472737148999e+00 
6.5061316523632186e+01 8.4800103366163748e-01 9.2009412040101801e-01 
6.5061316523632186e+01 8.4800103366163748e-01 9.2009412040101801e-01 
8.6686652896574543e+01 9.2332546494578394e-01 6.6310486903290555e-01 
7.9385284659545505e+01 1.0391407358786657e+00 1.0062347182572948e+00 
6.2283222329447533e+01 1.3010480129143676e+00 1.5452460522269891e+00 
4.7761724002617704e+01 9.0418079809768936e-01 1.6279069569927300e+00 
3.0769747855386811e+01 6.3575638689485292e-01 1.1659204440373052e+00 
2.4008670942203963e+01 7.9326984091818020e-01 1.4799667540058028e+00 
2.0522841888306083e+01 9.3064819158130341e-01 1.6121594501510559e+00 
2.5748465391329340e+01 7.7988895593684160e-01 1.1359262283672256e+00 
3.2826768312152822e+01 1.1322174953904911e+00 1.6352907307721170e+00 
1.5689659569486388e+01 1.0247735541493230e+00 1.8075614908094182e+00 
1.5689659569486388e+01 1.0247735541493230e+00 1.8075614908094182e+00 
3.5576206741053944e+01 9.8082115920110169e-01 1.6177379276320643e+00 
5.9112829601523913e+01 1.0008736898955903e+00 1.3479027936535484e+00 
2.0848655272550985e+01 6.8788999120625516e-01 1.3019618335746741e+00 
1.8827099804191121e+01 7.4500080860626361e-01 1.1840642960470020e+00 
2.2738353662466434e+01 1.1393450823313860e+00 1.7618182883900215e+00 
6.2992732688446480e+01 6.9094039016389863e-01 7.3721296392352331e-01 
6.2992732688446480e+01 6.9094039016389863e-01 7.3721296392352331e-01 
9.4193279833012667e+01 9.5156736935729003e-01 9.4133335699259257e-01 
7.2245487770762963e+01 1.2055224197843322e+00 1.2815382872653238e+00 
7.8746932053806887e+01 1.0710237646232743e+00 1.2324967363211408e+00 
7.6023783704390425e+01 1.4347017775739341e+00 1.8886300219450003e+00 
5.8518303244267813e+01 8.6304301361350100e-01 9.7320265814513185e-01 
5.8518303244267813e+01 8.6304301361350100e-01 9.7320265814513185e-01 
5.8518303244267813e+01 8.6304301361350100e-01 9.7320265814513185e-01 
4.0879855531855370e+01 1.6369211452031094e+00 1.6810469501568801e+00 
3.3392678299345370e+01 9.9299024039588335e-01 1.8527121421004178e+00 
8.0450476021126050e+01 1.5432797857467504e+00 1.8881403882224539e+00 
8.0450476021126050e+01 1.5432797857467504e+00 1.8881403882224539e+00 
5.5337387089389949e+01 6.1052701213475069e-01 7.2449687632251969e-01 
5.5337387089389949e+01 6.1052701213475069e-01 7.2449687632251969e-01 
3.9712896175973626e+01 5.0793514843599441e-01 5.3121362528775129e-01 
7.9719531873062579e+01 9.1748815915650150e-01 1.5421070648929625e+00 
9.5275502463056824e+01 1.5608624510704041e+00 9.5258081110412496e-01 
9.1648458282872156e+01 1.0902612719003466e+00 1.2624558687068639e+00 
9.1648458282872156e+01 1.0902612719003466e+00 1.2624558687068639e+00 
9.1648458282872156e+01 1.0902612719003466e+00 1.2624558687068639e+00 
9.1648458282872156e+01 1.0902612719003466e+00 1.2624558687068639e+00 
6.9419115504579551e+01 1.1367703821623925e+00 1.4665760406749220e+00 
7.1829404441682286e+01 1.1240186527033107e+00 1.4597660016616689e+00 
8.8990678836573863e+01 1.1598521320980497e+00 1.2314859551520909e+00 
4.4617307153962471e+01 1.0225278608862927e+00 1.4573151420203556e+00 
5.1266627823302422e+01 1.3437057597615225e+00 1.8145164793026132e+00 
6.6153554925351727e+01 1.0134937683908531e+00 1.4236549069723032e+00 
6.6153554925351727e+01 1.0134937683908531e+00 1.4236549069723032e+00 
8.3023991901047253e+01 1.1578713477012101e+00 1.3547652324138761e+00 
5.9699362648352576e+01 9.1703014155487783e-01 1.4764819012950898e+00 
2.9601481114107337e+01 7.6606990684396059e-01 7.9837992565770233e-01 
2.9601481114107337e+01 7.6606990684396059e-01 7.9837992565770233e-01 
1.8576475243331803e+01 7.5747124467013527e-01 7.5381730068599850e-01 
5.4143175387605531e+00 1.5812072979566327e-01 7.8823843356365986e-01 
2.5092833763609093e+01 6.5350407020645196e-01 7.1891220231501674e-01 
1.0603486623862640e+01 3.0179172843817370e-01 5.0406072261253998e-01 
8.5224017363696575e+01 9.1222200501966622e-01 1.3642542826901383e+00 
6.3958905232183056e+01 1.1992443674613917e+00 1.7388974944555518e+00 
2.4042759479394178e+01 8.6263401962877007e-01 1.3995286911249667e+00 
2.4042759479394178e+01 8.6263401962877007e-01 1.3995286911249667e+00 
2.7793058215460348e+01 7.6460304986560279e-01 1.2832715955446421e+00 
1.4370238873542089e+01 4.7351495500740948e-01 1.0313040454365812e+00 
];
