ip_ml_4_rawLogLikelihood_unified = zeros(100,1);
ip_ml_4_rawLogLikelihood_unified = [-4.02827
-3.99797
0.011716
0.0110084
0.0205903
-0.200556
-0.314091
-0.314091
-3.43139
-3.30472
-2.59209
-0.118488
-1.774
-1.19529
-0.0453983
-1.17083
-0.824663
-0.213943
-0.0708433
-0.255135
-0.783426
-0.783426
-0.139829
-0.139829
-0.0214525
-0.0214525
-0.0214525
-0.0214525
-0.264935
-0.264935
-0.110739
-1.12298
-0.110739
-0.110739
-0.7982
-0.0214525
-0.143346
-0.143346
-0.143346
-3.9943
-0.298195
-0.601062
-3.31968
-0.527343
-0.527343
-0.527343
-3.27296
-4.03331
-3.88634
-3.98088
-3.94069
-2.10204
-4.02582
-4.01806
-4.00589
-0.430662
-0.430662
-0.00903353
-0.00903353
-0.00903353
-0.00208317
-0.605027
-4.01984
-4.01868
-4.03289
-0.0728796
-0.783355
-0.783355
-3.27625
-2.78792
-2.14322
-2.76142
-2.76142
-4.02025
-0.323654
-0.323654
-0.943203
-2.18642
-1.99916
-1.99916
-1.70037
-1.00576
-1.753
-0.481506
-1.00576
-0.315078
-0.315078
-0.230762
-0.230762
-0.230762
-0.230762
-0.230762
-0.618342
-0.230762
-0.230762
-0.491794
-0.491794
-2.19852
-1.00084
-1.00084
];
