ip_ml_4_rawChain_unified = zeros(100,3);
ip_ml_4_rawChain_unified = [1.2944512384519712e+01 8.4682237442140469e+00 1.5180261377714876e+00 
9.2367683057484498e+01 5.2197827760114386e+00 9.6316928398088986e-01 
1.5247424264668403e+01 5.1913828983684207e-01 1.3531816114147572e+00 
6.4984234031246455e+00 3.1995845665462708e-01 1.5138318146095180e+00 
4.2679264881664849e+01 1.1341883625049756e+00 1.6248307052395061e+00 
6.1696731754128109e+01 1.0419064149068871e+00 1.6117729327774115e+00 
7.8951567727354032e+01 1.7067241249472138e+00 1.7024921010113916e+00 
7.8951567727354032e+01 1.7067241249472138e+00 1.7024921010113916e+00 
7.3598342907018989e+01 3.3682139938135953e+00 1.3270923161252299e+00 
9.1566281065748143e+01 3.0475311912566441e+00 1.2291514373319308e+00 
7.6839909410250954e+01 2.6037226264485756e+00 1.4030093484838735e+00 
8.2144683692667485e+01 1.3251373459605853e+00 1.3973997512245164e+00 
8.5269102291019593e+01 2.1652762563802446e+00 1.4291958022287181e+00 
6.4085016673863365e+01 7.8481122404162451e-01 1.4771657061539538e+00 
7.6313005429708880e+01 1.5752294825741389e+00 1.8040695572652476e+00 
9.0797047101385900e+01 1.8797676130579515e+00 1.4213984166393954e+00 
8.0397723209971758e+01 8.9898482761360210e-01 1.5068674723724014e+00 
7.4788909898940403e+01 1.7343652889988170e+00 1.8184830746723459e+00 
8.3848023086533942e+01 1.3839972581556137e+00 1.5142093847399039e+00 
9.5842973624070382e+01 1.5058341266362536e+00 1.4731648859914308e+00 
9.2056128321899280e+01 2.0348621365537283e+00 1.7235178191785274e+00 
9.2056128321899280e+01 2.0348621365537283e+00 1.7235178191785274e+00 
1.5755374332871906e+01 1.0065829513274085e+00 1.8509772706560770e+00 
1.5755374332871906e+01 1.0065829513274085e+00 1.8509772706560770e+00 
1.6683349126480056e+01 9.0473120976494115e-01 1.7763540841697507e+00 
1.6683349126480056e+01 9.0473120976494115e-01 1.7763540841697507e+00 
1.6683349126480056e+01 9.0473120976494115e-01 1.7763540841697507e+00 
1.6683349126480056e+01 9.0473120976494115e-01 1.7763540841697507e+00 
3.2180216698967584e+01 1.2404683253399533e+00 1.5389640949586445e+00 
3.2180216698967584e+01 1.2404683253399533e+00 1.5389640949586445e+00 
2.1063727039242359e+01 8.2298439781871247e-01 1.9664134101629640e+00 
1.5450718518046362e+01 1.5759058916771593e+00 1.9280406661157272e+00 
2.1063727039242359e+01 8.2298439781871247e-01 1.9664134101629640e+00 
2.1063727039242359e+01 8.2298439781871247e-01 1.9664134101629640e+00 
2.4586834328429507e+01 1.5386021336402798e+00 1.7416843365081602e+00 
1.6683349126480056e+01 9.0473120976494115e-01 1.7763540841697507e+00 
1.0975626567011993e+01 8.5137741548940882e-01 1.9862135178402536e+00 
1.0975626567011993e+01 8.5137741548940882e-01 1.9862135178402536e+00 
1.0975626567011993e+01 8.5137741548940882e-01 1.9862135178402536e+00 
5.3739329620035861e+01 9.2144876985247297e+00 1.9819503678125332e+00 
6.4661372715373474e+01 1.2037575513664525e+00 1.1725040423093522e+00 
5.3033627281800882e+01 7.2024042578695113e-01 1.2404056271158457e+00 
6.3349158419210895e+01 2.4852269193347083e+00 9.5062611380550410e-01 
7.5654204395303495e+01 1.2264039748858917e+00 1.0368308446374344e+00 
7.5654204395303495e+01 1.2264039748858917e+00 1.0368308446374344e+00 
7.5654204395303495e+01 1.2264039748858917e+00 1.0368308446374344e+00 
6.3842103897777427e+01 3.5708345060457232e+00 1.5732018646804922e+00 
9.2066998826446689e-01 9.0398863381174248e+00 1.3664800150016196e+00 
2.5354964722250010e+01 4.7279198329155747e+00 1.4806156877513925e+00 
2.2000759098770377e+01 6.1212925940254665e+00 1.5606034192520022e+00 
8.2928452602170637e+01 3.6160315505022913e+00 6.9345026266147858e-01 
8.0597384447279879e+01 1.8250041578958127e+00 1.0290371534841209e+00 
8.9063508673009395e+01 5.4469465691947621e+00 7.1069954937111013e-01 
9.3736150474476688e+01 5.1434239926469134e+00 7.4516265418990624e-01 
8.9539218976486779e+01 4.2538832335429824e+00 5.9240918182766666e-01 
6.9121199581741749e+01 8.7751882585730856e-01 1.3831506432400820e+00 
6.9121199581741749e+01 8.7751882585730856e-01 1.3831506432400820e+00 
5.1903559889114455e+01 1.1209039808765540e+00 1.4023418221684438e+00 
5.1903559889114455e+01 1.1209039808765540e+00 1.4023418221684438e+00 
5.1903559889114455e+01 1.1209039808765540e+00 1.4023418221684438e+00 
4.8996345769923735e+01 1.1188889557813297e+00 1.6420261645818617e+00 
3.0609584884040324e+01 1.2272416746063863e+00 1.3246788336959348e+00 
2.9943730664654321e+01 9.9998302400630763e+00 1.8985553632088827e+00 
6.2943384664762178e+01 7.8479548071501704e+00 1.4166846504540946e+00 
6.1278596470513243e+01 8.3983018488963967e+00 1.1073166338264404e+00 
7.2038251594531431e+01 1.3903149503529175e+00 1.5646732020461063e+00 
4.4320145154332813e+01 7.7591140270402370e-01 1.5492690410387218e+00 
4.4320145154332813e+01 7.7591140270402370e-01 1.5492690410387218e+00 
2.4292036231495612e+01 2.8005497265980281e+00 1.4140194548822946e+00 
8.7350076188215695e+01 2.9454892822767667e+00 1.4887554973738799e+00 
8.9746466141367677e+01 2.7759495926304356e+00 1.6883932933570913e+00 
9.5965278321476632e+01 3.1715168923639618e+00 1.6123174697053180e+00 
9.5965278321476632e+01 3.1715168923639618e+00 1.6123174697053180e+00 
6.8975375855458239e+01 9.5551330918272779e+00 1.7054833773654501e+00 
8.7388605787557651e+01 1.0969341822071990e+00 9.3113918233370097e-01 
8.7388605787557651e+01 1.0969341822071990e+00 9.3113918233370097e-01 
8.4210036840740742e+01 5.7027699667151843e-01 7.7181066097190310e-01 
7.7190275687352582e+01 1.5568212633142307e+00 7.5510464272168576e-01 
9.0728671033348220e+01 1.8342292584089617e+00 1.0574286041801926e+00 
9.0728671033348220e+01 1.8342292584089617e+00 1.0574286041801926e+00 
6.4188512641952229e+01 1.1682421949004951e+00 5.3519153809451891e-01 
9.8116758008033642e+01 1.6965221815589915e+00 1.3022442142866062e+00 
8.4133918915290593e+01 2.0326396238404296e+00 1.3346513814032916e+00 
9.6395052836238762e+01 1.3500209756962152e+00 1.1614985974438028e+00 
9.8116758008033642e+01 1.6965221815589915e+00 1.3022442142866062e+00 
9.1884345296479182e+01 1.4146059796513419e+00 1.3391564150833324e+00 
9.1884345296479182e+01 1.4146059796513419e+00 1.3391564150833324e+00 
2.9601481114107337e+01 7.6606990684396059e-01 7.9837992565770233e-01 
2.9601481114107337e+01 7.6606990684396059e-01 7.9837992565770233e-01 
2.9601481114107337e+01 7.6606990684396059e-01 7.9837992565770233e-01 
2.9601481114107337e+01 7.6606990684396059e-01 7.9837992565770233e-01 
2.9601481114107337e+01 7.6606990684396059e-01 7.9837992565770233e-01 
2.9279964536827663e+01 9.2830491638299695e-01 8.7543558502647956e-01 
2.9601481114107337e+01 7.6606990684396059e-01 7.9837992565770233e-01 
2.9601481114107337e+01 7.6606990684396059e-01 7.9837992565770233e-01 
3.5096816295160004e+01 9.4775616980182864e-01 8.9351603696451276e-01 
3.5096816295160004e+01 9.4775616980182864e-01 8.9351603696451276e-01 
3.1912110404775085e+01 1.8124596682376524e+00 1.2164103027317885e+00 
3.5190239875890306e+01 7.3515409720477587e-01 1.7204746188906788e+00 
3.5190239875890306e+01 7.3515409720477587e-01 1.7204746188906788e+00 
];
