ip_ml_9_rawLogTarget_unified = zeros(100,1);
ip_ml_9_rawLogTarget_unified = [7.51919
7.51919
7.76509
7.44156
7.44156
7.44156
7.20001
7.20001
5.48076
7.26564
7.3273
7.42646
6.25819
5.59394
7.02334
7.5335
7.48638
7.54507
7.26775
7.21445
5.77659
7.31686
6.35906
7.04489
7.04489
7.04489
7.56954
7.56954
6.95966
7.00052
7.00052
7.10584
7.10584
6.93105
6.93105
5.45855
6.62497
5.45855
7.49113
7.49113
5.80149
4.764
7.06156
2.5169
7.34203
7.48738
7.48738
6.21136
6.21136
7.07517
5.74967
7.1341
7.30324
7.5098
7.30324
7.15545
7.10541
6.79521
7.19719
7.37932
7.50212
7.50358
7.38118
6.63821
6.63821
6.3858
6.3858
7.17276
7.02371
7.40379
7.40379
7.36738
6.10787
5.80343
7.20052
7.53115
7.20052
7.16331
7.5124
7.43119
7.43119
7.57013
5.72914
6.91512
7.39862
7.60502
7.60502
7.60502
7.29285
7.29285
7.29285
7.07059
7.07059
7.37277
7.37277
7.37277
7.07059
7.07059
7.07059
7.07059
];
