ip_ml_0_rawLogTarget_unified = zeros(100,1);
ip_ml_0_rawLogTarget_unified = [-710.131
-700.782
-625.108
-570.682
-712.345
-642.755
-712.101
-712.51
-707.408
-710.175
-678.301
-712.368
-315.929
-576.223
-711.389
-698.336
-278.013
-711.018
-661.333
-595.427
-694.096
-530.558
-483.71
-692.575
-707.008
-445.11
-711.942
-701.651
-663.399
-703.543
-711.559
-694.627
-697.548
-633.554
-712.498
-3.23932
-673.186
-709.884
-708.967
-478.759
-444.858
-0.635046
-211.964
-698.534
-669.947
-690.561
-711.293
-371.243
-712.388
-701.928
-711.527
-564.434
-709.735
-711.315
-565.477
-711.703
-562.58
-638.032
-83.6459
-700.528
-712.264
-707.869
-275.734
-47.2042
-709.99
-709.214
-601.034
-698.791
-291.431
-703.563
-710.97
-703.138
-538.568
-712.094
-663.923
11.6581
-497.78
-707.533
-710.426
-712.173
-172.187
-712.479
-453.709
-712.472
-2347.17
-707.853
-710.893
-707.939
-711.178
-270.77
-706.725
-711.091
-43.6369
-712.323
-711.739
-581.509
-451.766
-678.792
-712.121
-2298.17
];
