ip_ml_6_rawLogTarget_unified = zeros(100,1);
ip_ml_6_rawLogTarget_unified = [7.32461
6.23875
7.08135
7.29257
7.29257
7.24086
5.36383
7.09949
7.2235
7.2235
7.20963
7.30833
6.82507
6.82507
7.31709
6.78209
6.82655
6.8972
6.98111
7.01713
7.01713
7.01713
7.01713
7.11101
7.26139
7.26139
7.26139
3.6318
7.30202
6.32052
7.34095
6.71168
6.71168
7.07643
6.51339
3.154
7.24335
7.00996
7.00996
7.00996
7.1206
7.21618
7.21618
5.83157
7.06432
7.06432
6.42428
6.99686
6.93722
6.93722
7.26403
7.26403
7.26403
7.26403
7.26403
7.26403
6.99642
6.99642
6.99642
6.99642
7.33532
7.32866
7.21623
7.38127
7.33581
5.70533
1.6191
5.37949
5.37949
6.14434
1.2104
1.08734
4.0825
4.0825
4.44348
7.33386
7.33386
7.33386
7.33386
7.16563
7.16563
6.63312
6.63312
6.83177
6.83177
6.83177
6.83177
7.30409
6.83177
6.83177
7.34462
7.34462
5.82552
7.15301
7.35017
7.35017
6.45506
7.40828
7.40828
5.262
];
