ip_ml_13_rawChain_unified = zeros(100,3);
ip_ml_13_rawChain_unified = [4.3779376596967332e+01 1.1681007835092276e+00 1.7309823205395181e+00 
3.3605508850050242e+01 1.0609387355093538e+00 1.6924610464560397e+00 
4.6602831400535251e+01 1.2299708763539452e+00 1.7509674383908764e+00 
3.7527733965558340e+01 1.1088379685029790e+00 1.7696604656687656e+00 
5.3355036702180783e+01 1.3367922378501726e+00 1.7974066071218162e+00 
2.9679621558139672e+01 1.1249963955520335e+00 1.8783593040782616e+00 
5.6795184567930562e+01 1.2415850251914036e+00 1.6433410172162031e+00 
5.6822407132207140e+01 1.2353341871590251e+00 1.6711601872098618e+00 
5.6822407132207140e+01 1.2353341871590251e+00 1.6711601872098618e+00 
3.9554847441855628e+01 1.0469258432159960e+00 1.5399130162895143e+00 
4.9609627884223990e+01 8.9613985825122422e-01 1.1267158297785975e+00 
4.8425441482189484e+01 7.6244109535327520e-01 9.2573463815084978e-01 
2.9177646795726336e+01 7.4631360268275215e-01 1.0360014231749386e+00 
2.9177646795726336e+01 7.4631360268275215e-01 1.0360014231749386e+00 
2.9177646795726336e+01 7.4631360268275215e-01 1.0360014231749386e+00 
4.5467155090761523e+01 8.4544850721186993e-01 1.0287148822359626e+00 
4.5467155090761523e+01 8.4544850721186993e-01 1.0287148822359626e+00 
5.2488524545637468e+01 9.0225656130949461e-01 1.0941692330468926e+00 
5.1183815070587436e+01 8.6868680214175742e-01 1.0290922795848307e+00 
6.9514761654858049e+01 7.8749151411724139e-01 8.2351834929684886e-01 
6.9514761654858049e+01 7.8749151411724139e-01 8.2351834929684886e-01 
8.1927810921205037e+01 1.2111573568987504e+00 1.5172589510777983e+00 
1.6913384176130322e+01 6.8669279673116135e-01 1.6689425022348949e+00 
1.1261295882323488e+01 5.2261327518491751e-01 1.4988042494032705e+00 
9.8171037752625150e+00 4.7470251154815124e-01 1.4082024212465092e+00 
2.3019711925779777e+01 9.5914176030321074e-01 1.7176851177194556e+00 
3.2445998926833035e+01 1.0306876832798688e+00 1.7220903658212614e+00 
3.5277079703918311e+01 1.0803786512703020e+00 1.6820905208222323e+00 
3.5277079703918311e+01 1.0803786512703020e+00 1.6820905208222323e+00 
3.0763690118214296e+01 8.9221478966276602e-01 1.3741575746119259e+00 
4.1572318709109553e+01 1.0490108347027911e+00 1.4520332970495653e+00 
4.1572318709109553e+01 1.0490108347027911e+00 1.4520332970495653e+00 
5.2875952553092063e+01 1.3281472206767693e+00 1.8371315504483374e+00 
5.2875952553092063e+01 1.3281472206767693e+00 1.8371315504483374e+00 
4.9730156603673315e+01 1.3136577351112888e+00 1.7834010021607443e+00 
1.9039901193652490e+01 8.5272638842739701e-01 1.7417654852432993e+00 
1.7175847166649596e+01 8.1080436586668192e-01 1.6488369723179714e+00 
1.9039901193652490e+01 8.5272638842739701e-01 1.7417654852432993e+00 
2.2526275818549678e+01 9.4072153735231734e-01 1.8633949577329993e+00 
1.9585676993462812e+01 9.5615449142887998e-01 1.9033195453538239e+00 
1.9039901193652490e+01 8.5272638842739701e-01 1.7417654852432993e+00 
1.9039901193652490e+01 8.5272638842739701e-01 1.7417654852432993e+00 
1.9039901193652490e+01 8.5272638842739701e-01 1.7417654852432993e+00 
1.8472321352622725e+01 9.2148341088906549e-01 1.8808207318540642e+00 
1.8827916192068095e+01 9.1576184547740769e-01 1.9054760416865451e+00 
1.6161228908384242e+01 8.6712790056546418e-01 1.9362315411292483e+00 
6.6694936907252426e+01 1.1308045329879215e+00 1.3804455055670091e+00 
6.6694936907252426e+01 1.1308045329879215e+00 1.3804455055670091e+00 
7.8276598793038431e+01 1.4245772887895993e+00 1.8069751837784089e+00 
6.8764440379091525e+01 1.2520574114983254e+00 1.6030432463217281e+00 
6.1817819328805022e+01 1.0994643122835246e+00 1.4228554142869143e+00 
6.1719709694722717e+01 1.0687761722198084e+00 1.4219971329334897e+00 
5.3587386933494720e+01 7.8630767261080448e-01 8.8450364431677608e-01 
6.4371948238745489e+01 1.1700218365256096e+00 1.5065743950439558e+00 
3.9705895866441992e+01 1.1738760381052713e+00 1.7250937292926096e+00 
5.1548360598616554e+01 1.1323149651592617e+00 1.5804969653674612e+00 
8.2714449622331031e+01 1.3881419151739651e+00 1.7866168237478133e+00 
8.2714449622331031e+01 1.3881419151739651e+00 1.7866168237478133e+00 
7.1226750140742070e+01 1.2048239090625033e+00 1.4836871376224052e+00 
7.2594228369081208e+01 1.1718150300109258e+00 1.4381904527860288e+00 
9.4665838354400037e+01 1.4612145661466296e+00 1.7933909364351643e+00 
8.0877650990960248e+01 1.1615129078672886e+00 1.3696019154872847e+00 
8.0877650990960248e+01 1.1615129078672886e+00 1.3696019154872847e+00 
8.0781610402627805e+01 1.1194629005111387e+00 1.3414534389373156e+00 
6.3051466259795561e+01 1.0145628695036257e+00 1.3110741217469450e+00 
7.8320390852274059e+01 9.6987917327836981e-01 9.5790353571483844e-01 
3.5734900134031150e+01 7.7745782233025795e-01 1.0681281575517447e+00 
3.5734900134031150e+01 7.7745782233025795e-01 1.0681281575517447e+00 
5.2363076170057752e+01 8.2364273492086382e-01 9.3485925892333332e-01 
5.2363076170057752e+01 8.2364273492086382e-01 9.3485925892333332e-01 
5.7825506776150235e+01 8.6375386272982391e-01 9.7618944786092798e-01 
5.4047565990770615e+01 7.0501924722806564e-01 7.5893232851267645e-01 
5.9399011381438548e+01 1.4425733211559963e+00 1.9270415815124651e+00 
5.0094578534947118e+01 1.2773776646862576e+00 1.7650803729400761e+00 
7.7971714749452545e+01 1.3716769249960588e+00 1.8039925859291572e+00 
1.6692801015028362e+01 4.8193263741457415e-01 7.6110263174459392e-01 
3.9017444263100479e+01 1.0748680501635215e+00 1.5840933400539596e+00 
2.9099109512288528e+01 1.0069508874394224e+00 1.6294267449382418e+00 
1.9445715113558741e+01 6.0333251292756862e-01 1.1063177015397059e+00 
1.9445715113558741e+01 6.0333251292756862e-01 1.1063177015397059e+00 
1.9445715113558741e+01 6.0333251292756862e-01 1.1063177015397059e+00 
2.3389785224098613e+01 7.0004201673855559e-01 1.1783306559655560e+00 
1.0031474320490226e+01 3.4508347946270967e-01 9.5166957487979664e-01 
1.9488675646769288e+01 6.0977619618685641e-01 1.1223675820927945e+00 
1.8450641361913469e+01 5.8804248942732462e-01 1.1408061223144770e+00 
1.7785494311047426e+01 6.7604469409989632e-01 1.2924103477232700e+00 
1.2198629359684091e+01 3.7162324999865037e-01 7.3198250402811393e-01 
1.2198629359684091e+01 3.7162324999865037e-01 7.3198250402811393e-01 
1.2198629359684091e+01 3.7162324999865037e-01 7.3198250402811393e-01 
1.2198629359684091e+01 3.7162324999865037e-01 7.3198250402811393e-01 
3.9241282421512786e+01 6.3789890754954437e-01 7.2294629542394373e-01 
3.9241282421512786e+01 6.3789890754954437e-01 7.2294629542394373e-01 
1.4096502064548655e+01 3.8079688741129702e-01 7.3871520737515817e-01 
1.4478960859135036e+01 4.5120995499964706e-01 8.5464518237372522e-01 
1.4478960859135036e+01 4.5120995499964706e-01 8.5464518237372522e-01 
2.0506325274473284e+01 6.1363365966814398e-01 1.0415685593929584e+00 
1.4395364990917830e+01 4.1376224711751541e-01 7.6596086371086070e-01 
1.4395364990917830e+01 4.1376224711751541e-01 7.6596086371086070e-01 
1.4395364990917830e+01 4.1376224711751541e-01 7.6596086371086070e-01 
2.9045947210554889e+01 9.0531147892574937e-01 1.6056433554993224e+00 
];
