ip_ml_11_rawLogLikelihood_unified = zeros(100,1);
ip_ml_11_rawLogLikelihood_unified = [0.638315
0.293833
0.709439
0.643302
0.643302
0.111507
1.50553
0.689725
-0.191062
0.0428161
0.461054
0.461054
-0.338504
-0.192426
-3.07859
-1.16909
0.144053
0.80289
0.539208
0.466107
0.772944
-0.852515
-0.127229
-0.852515
0.885953
0.885953
0.783742
0.203672
0.203672
0.66533
0.740157
0.740157
-0.650549
-0.468281
0.946544
0.946544
2.405
0.946544
0.946544
0.917238
0.636278
0.570428
0.570428
0.751006
0.956013
1.59799
-0.227535
1.59799
1.59799
1.59799
0.608658
0.771313
0.534971
0.470761
0.202492
0.5744
0.5744
0.344718
0.305534
0.455639
0.618507
0.530287
-0.299774
0.638059
0.133523
-0.448788
0.507765
0.224702
0.61623
0.61623
0.505763
0.505763
0.515113
-1.36817
-0.336815
0.898859
-1.23088
0.75877
0.824438
0.464863
0.464863
0.464863
-0.653055
0.836491
0.428237
0.769012
1.52391
0.00993003
-0.0111059
-0.030866
1.64312
1.55978
0.233934
1.63832
1.85817
1.85817
1.85817
0.428282
1.0659
1.0659
];
