ip_ml_1_rawLogLikelihood_unified = zeros(100,1);
ip_ml_1_rawLogLikelihood_unified = [-1.01164
-0.926382
-0.978346
-1.04277
-1.01296
-1.05309
-1.0542
-0.473483
-1.04321
-1.04963
-0.482493
-1.05248
-0.740436
-0.740436
-0.740436
-0.87475
-1.0289
-0.950709
-0.91226
-0.72398
-0.653601
-0.662713
-0.871077
-1.05358
-1.05358
-1.01209
-1.0325
-1.05439
-0.215582
-0.215582
-0.123422
-0.382297
-1.04853
-1.03327
-1.05224
-1.04834
-0.850141
-0.662345
-0.637118
-0.0365538
-0.00560809
-0.321191
-0.414227
-0.979599
-0.992064
-0.992064
-1.05263
-1.05263
-0.710687
-0.710687
-1.04995
-0.914973
-0.0314439
-0.839032
-1.04916
-1.04916
-1.03923
-1.01786
-0.985553
-0.404958
-1.03686
-1.0238
-1.05427
-1.05427
-1.04761
-0.0296771
-0.267573
-0.267573
-1.04958
-1.04912
-1.04668
-1.04668
-1.04131
-1.0488
-1.05441
-0.222227
-1.01046
-1.00743
-1.04416
-1.04268
-1.03012
-1.04651
-1.04651
-1.0534
-0.262924
-0.262924
-0.262924
-1.05437
-1.05365
-1.05433
-1.0544
-1.0526
-0.766903
-1.03537
-1.03838
-1.05233
-0.00940048
-0.00940048
-0.00940048
-0.915477
];
