ip_ml_2_rawLogLikelihood_unified = zeros(100,1);
ip_ml_2_rawLogLikelihood_unified = [-2.065
-1.57377
-1.9523
-2.0845
-2.10464
-2.10686
-2.10686
-0.946273
-1.94098
-0.0963894
-2.10702
-1.47979
-0.584724
-1.34996
-2.01602
-2.06811
-2.06696
-1.30624
-0.430848
-0.430848
-0.430848
-0.430848
-0.246662
-1.07188
-2.09199
-2.09575
-2.10638
-1.32372
-0.0730541
-0.011208
-0.011208
-0.011208
-0.011208
-0.920968
-2.10428
-2.10376
-2.10523
-2.08134
-2.09642
-2.0588
-0.0628418
-0.0464824
-1.87904
-2.08364
-1.97164
-2.10202
-2.07695
-2.00584
-2.04217
-2.08999
-2.08999
-0.225001
-0.00108836
-1.8002
-2.04611
-2.10699
-2.09369
-2.09369
-0.523567
-0.186319
-0.186319
-2.09763
-2.09671
-2.09671
-2.09671
-2.09184
-2.09867
-2.08934
-2.106
-0.444129
-1.49022
-1.78086
-2.01031
-1.99117
-2.09749
-2.09458
-2.07934
-1.04447
-1.04447
-1.04447
-0.90387
-0.686918
-0.525463
-0.525463
-0.525463
-0.525463
-0.0300533
-2.10719
-2.10207
-2.02115
-2.10694
-1.53268
-0.0564148
-2.00478
-2.10643
-2.10522
-2.09626
-0.0187872
-0.0667287
-1.26903
];
