ip_ml_0_rawChain_unified = zeros(100,3);
ip_ml_0_rawChain_unified = [7.8176585347981273e+00 6.9998232992486455e+00 1.5965794013427086e+00 
2.0882550957687204e+01 6.9883817347775823e+00 1.8836800736039230e+00 
8.1201023135155125e+01 4.3452038428126434e+00 1.6330902139674528e+00 
3.8863765371432699e+01 3.6591987172473806e+00 1.7594446483212760e+00 
3.8424912705374119e+01 9.5071478163334451e+00 1.3269337966664096e+00 
3.2299490257275252e+01 2.9069632774581646e+00 1.0463361128594286e+00 
4.7553379879243742e+01 7.6905925852214949e+00 1.0844521280852213e+00 
3.3253180952759558e+00 8.8177597565339330e+00 7.5172634078468903e-01 
5.7762067406148454e+01 9.3646290327215045e+00 1.8998151436999038e+00 
1.2767805481876547e+01 4.5956817042276423e+00 7.9036258934393366e-01 
2.0161090136398510e+01 5.4520550617865213e+00 1.9080734071632861e+00 
1.7038129852940787e-01 4.2441238885938786e+00 1.0496043255885308e+00 
9.9076604923490081e+01 2.4169696658743707e+00 1.5725624331750030e+00 
2.4964309384918792e+01 3.0081243973537499e+00 1.5323490010127383e+00 
2.7534687487247922e+01 7.8112029273962627e+00 1.3058231154188995e+00 
7.9788260270281191e+00 3.2405227207718754e+00 9.5223121195433791e-01 
7.1262428303164800e+00 8.1184171420134565e-01 1.1215358035779026e+00 
2.2933687381139382e+01 5.8510392680022258e+00 9.4044177153517694e-01 
7.4126782968766179e+01 2.9029863870589860e+00 7.6690327314071105e-01 
5.1765057212581127e+01 3.8204268328644448e+00 1.6501564208413075e+00 
1.3459494543576877e+01 5.2651437774201728e+00 1.6990551739242825e+00 
3.8509395359642333e+01 1.9907128555176981e+00 8.9870027331133429e-01 
2.2259028767527532e+01 1.4900684397253205e+00 7.5481954347355007e-01 
7.5433261706709203e+01 3.3814945449841431e+00 6.6195600823006728e-01 
2.0528084034856363e+01 7.6560611170485693e+00 1.7743128218239388e+00 
7.9638201272413170e+01 2.9486696735555089e+00 1.6345225022467176e+00 
5.1902081913103313e+00 8.4288965964170437e+00 1.5910546313802740e+00 
3.2128018606877994e+01 5.7837063982507573e+00 1.4340150086222661e+00 
5.8825494398633209e+00 3.1177083225464806e+00 1.6026856584197304e+00 
5.9199648422280440e+01 8.7967279350096970e+00 1.9698032980082711e+00 
1.9246292964269749e+01 9.0016409113066924e+00 1.5535917340723309e+00 
4.6770168742098789e+01 4.6061026565037908e+00 1.1680707188599477e+00 
7.5780623964159986e+01 7.2545071773749834e+00 1.7804700116384709e+00 
6.9661087574184478e+01 2.9244579365597958e+00 9.6565323465156894e-01 
1.0058534070674769e+01 9.0855283432993801e+00 8.8860655187861148e-01 
6.8315722063985916e+01 1.4132156191213456e+00 1.6274289305983647e+00 
4.2187263673535504e+01 4.5169634914366785e+00 1.4549324521682934e+00 
1.7549496584862013e+01 7.4436130954947117e+00 1.5284444470265353e+00 
6.7982228661552853e+01 6.4348691532258151e+00 1.1652280008765494e+00 
5.3366616815604871e+01 3.5051591624998952e+00 1.9325747921913390e+00 
4.2695830995860845e+01 6.8547031082932330e-01 1.8430476730004592e+00 
2.0451849393740105e+01 6.7237214988613625e-01 1.5236571273896313e+00 
7.4474800543243603e+01 2.3654547824226930e+00 1.8429195298663235e+00 
7.5990625632284946e+01 3.5662398276719283e+00 6.2938235166122602e-01 
1.3724320028442543e+01 2.2590238011490569e+00 6.6407166737449153e-01 
7.2815635949839319e+01 7.0122277662459238e+00 1.8698293991511505e+00 
3.4392040734156303e+01 9.5956037067603237e+00 1.6317574245115818e+00 
5.6294323085970397e+01 2.9789991584760447e+00 1.9344113528057481e+00 
1.0119309395997021e+01 8.7164320066492387e+00 5.6523600364384841e-01 
3.2840066801758148e+01 6.8921224746860092e+00 1.7146120437872963e+00 
5.9738978196516513e+01 9.0874554024511003e+00 1.4570761087237631e+00 
2.3574636053406795e+01 2.2893808190116918e+00 1.1432971276418211e+00 
3.8833529093735756e+01 7.1014453617930453e+00 1.3234391440219717e+00 
1.2986009506762779e+01 6.6401812306941563e+00 1.1873428956462266e+00 
7.3887773895628754e+01 3.7898384268528615e+00 1.6930902630640183e+00 
2.3441275165933437e+01 8.0252635820529861e+00 1.3010791541495959e+00 
7.7163150070827044e+01 3.5438170391174708e+00 1.5819210609847083e+00 
9.5859253253762731e+01 3.7163710227204438e+00 1.2771011592815338e+00 
8.1990328516531662e+01 1.7883486725235624e+00 1.6602218856402136e+00 
7.2754912348857147e+01 3.6337194339190204e+00 6.1563124345100562e-01 
7.3130029591828617e+01 8.9298610540141947e+00 1.2626386839788601e+00 
7.2042675783602476e+01 9.4085855439667512e+00 1.8527133627824668e+00 
5.5740789309873996e+01 2.5263309336961126e+00 1.8854182956560681e+00 
7.2737081134052133e+01 8.1606451521762902e-01 5.2606096009942149e-01 
1.6187430655513992e+01 4.6658557880764393e+00 7.8559958712058986e-01 
2.7221592169505666e+01 9.9258272834243204e+00 1.9958970823302700e+00 
4.3327285384186219e+01 4.1980371119161841e+00 1.8297381371059114e+00 
1.3474728264652621e+01 3.0715892884956557e+00 7.0506476925398154e-01 
7.0994502619741638e+01 2.3839345429987109e+00 1.6759145906099899e+00 
4.2316101088679666e+01 7.6079385866566067e+00 1.7754532541222794e+00 
6.0868582006876011e+01 8.5979877622454186e+00 1.4491193926138255e+00 
3.9819054325392344e+01 8.4423281885330717e+00 1.9833123400109915e+00 
3.5778097786286992e+01 3.4143163072247167e+00 1.7931306992652694e+00 
6.2082257700821565e+01 6.2339047645599726e+00 7.7164082536946310e-01 
8.2210426056641396e+01 4.4578255141309953e+00 1.4089024765167828e+00 
3.4556737416690801e+01 7.9300873292798357e-01 1.1407541804234498e+00 
8.1704736061050681e+01 2.2726505737132605e+00 1.0549844046314583e+00 
9.9738831122515833e+01 6.0687917414019719e+00 1.1298995338228437e+00 
3.1477667522592178e+01 8.4375939822422446e+00 1.5614065688464258e+00 
5.8391366361934288e+01 6.9612130503840115e+00 9.1496208552398350e-01 
9.8116758008033642e+01 1.6965221815589915e+00 1.3022442142866062e+00 
2.7580776228614155e+01 9.3262235393472306e+00 1.1391521751393672e+00 
9.5514928381919518e+01 3.5188167157769188e+00 1.8859319257203460e+00 
1.6748666672410366e+01 8.0277928611265974e+00 9.9678614041669888e-01 
4.8328203011250672e+01 3.1389076086861611e-01 1.9127045948368853e+00 
4.9336490549666728e+01 4.9168935618889629e+00 8.5096665647357739e-01 
2.9611470489375151e+01 9.3080468077918255e+00 1.6693764026268436e+00 
6.6294870548437048e+00 6.9025085064916549e+00 1.8501360729729992e+00 
8.2716224462950194e+01 9.9229032906246708e+00 6.3573326533497898e-01 
4.0124016827196884e+00 4.7140611222902684e-01 9.5388001260084287e-01 
9.4294643801478742e+01 8.3384948182633636e+00 1.6864717577019004e+00 
9.0446255796117285e+01 9.3949632738809594e+00 5.7837668441309020e-01 
5.7853879195579641e+00 3.9001899416861296e-01 1.4704698121115154e+00 
2.2532087764627114e+01 8.4478861806617651e+00 5.8478276947824526e-01 
4.2753982983146850e+00 8.9821371016789797e+00 1.8409134118356469e+00 
2.1694125169728768e+01 3.4215353184485462e+00 1.7852512764128967e+00 
2.8892381310640769e+01 1.6607545210696852e+00 9.2888744280340418e-01 
7.8312284021327059e+01 4.1869798114514927e+00 1.1699463520047999e+00 
5.1762105423919557e+01 9.4838357897588512e+00 7.6106332156348522e-01 
8.4391074269228284e+01 4.7233260370745001e-01 1.9644715344635912e+00 
];
