ip_ml_8_rawLogLikelihood_unified = zeros(100,1);
ip_ml_8_rawLogLikelihood_unified = [0.126883
0.270645
0.0814945
-0.059725
-1.06489
-1.88497
-1.7908
0.0103466
0.130927
-1.32737
-0.315164
-0.998717
0.0860419
-0.136889
0.14201
0.153108
-0.167183
-1.05143
-1.05143
-1.05143
-0.551392
-0.150416
-0.150416
-0.150416
-0.150416
-0.0236834
0.131127
-0.329547
-0.832692
-0.832692
-0.114782
-0.216977
-0.216977
-1.07787
-1.07787
-0.395923
-1.07787
-1.07787
-1.07787
0.299006
-0.251966
0.10111
0.10111
-0.877374
-1.22388
-0.14067
-0.14067
-1.54972
0.0233051
0.108284
-0.571812
-0.725886
-0.338477
-0.338477
-0.132714
-0.907669
-3.26701
-0.0992686
-1.10337
-0.0982641
0.000623168
0.000623168
0.000623168
-0.0857778
-0.391925
-0.104463
0.0319771
-0.210772
0.116904
0.116904
-0.287764
-0.3276
-0.0756569
-0.215488
-0.467198
0.0381254
-0.69825
-0.059427
-0.059427
0.0513086
-0.284163
0.122914
-0.323604
0.0839861
-2.0601
-1.73519
-0.492665
-5.33123
0.0563869
0.177064
-3.12477
-2.79606
-1.08767
-0.00544595
-0.00544595
-0.00544595
-0.135393
-0.135393
-0.135393
-0.135393
];
