ip_ml_11_rawChain_unified = zeros(100,3);
ip_ml_11_rawChain_unified = [4.3779376596967332e+01 1.1681007835092276e+00 1.7309823205395181e+00 
3.5128362023297740e+01 1.1614435874498124e+00 1.7011724591569490e+00 
2.7141345645484442e+01 7.9183975104705906e-01 1.3881039397839592e+00 
4.1015333909460566e+01 9.6801759592461534e-01 1.4355388324519871e+00 
4.1015333909460566e+01 9.6801759592461534e-01 1.4355388324519871e+00 
3.5133633070963171e+01 8.9627529241790227e-01 1.4421807232466202e+00 
1.9585924692236134e+01 7.3234013454557945e-01 1.4106469928154934e+00 
7.6902647057980985e+01 1.3551245684988658e+00 1.7004503696026039e+00 
9.4234829148983337e+01 1.5519922894907612e+00 1.7860874470570249e+00 
9.1394471009278448e+01 1.5248268736725927e+00 1.7764850775258638e+00 
7.0760791457210658e+01 1.4627884327327334e+00 1.8143718736097356e+00 
7.0760791457210658e+01 1.4627884327327334e+00 1.8143718736097356e+00 
8.0802708353319701e+01 1.6245831643672426e+00 1.9071695973644645e+00 
8.5287928279910105e+01 1.6674819014118640e+00 1.9466365544620470e+00 
9.2479490439384023e+01 1.6061883464321389e+00 1.7486305761517680e+00 
5.3381764440332347e+01 1.2208689074171464e+00 1.5063179207288284e+00 
5.9320266531148768e+01 1.2861186763232944e+00 1.6200947245077826e+00 
4.7544335975997761e+01 9.6477731159517865e-01 1.2743667162847516e+00 
8.3291220727099741e+01 1.5352903124612680e+00 1.8601921736164757e+00 
5.4883317480711256e+01 9.2992054128992696e-01 1.1161016742612706e+00 
5.9059217576830605e+01 9.6517118576642258e-01 1.2002607003710153e+00 
1.7160421370347382e+01 6.2524812367783944e-01 1.5839680100646951e+00 
1.7672246207125411e+01 6.2150740501557356e-01 1.4921957179900494e+00 
1.7160421370347382e+01 6.2524812367783944e-01 1.5839680100646951e+00 
4.5027889576963119e+01 8.5047283680446295e-01 1.1159983734913232e+00 
4.5027889576963119e+01 8.5047283680446295e-01 1.1159983734913232e+00 
4.9855947698531594e+01 8.9646919443166828e-01 1.1755015526010109e+00 
4.8474137344882607e+01 9.0979672529488820e-01 1.1089151509134518e+00 
4.8474137344882607e+01 9.0979672529488820e-01 1.1089151509134518e+00 
4.5939809547956024e+01 7.6571094370221271e-01 8.8457835292166109e-01 
6.9514761654858049e+01 7.8749151411724139e-01 8.2351834929684886e-01 
6.9514761654858049e+01 7.8749151411724139e-01 8.2351834929684886e-01 
6.0262340433567765e+01 1.5410553834114202e+00 1.8999788798881476e+00 
5.6467171108356901e+01 1.5539325982551346e+00 1.9521275474058413e+00 
1.6913384176130322e+01 6.8669279673116135e-01 1.6689425022348949e+00 
1.6913384176130322e+01 6.8669279673116135e-01 1.6689425022348949e+00 
1.1261295882323488e+01 5.2261327518491751e-01 1.4988042494032705e+00 
1.6913384176130322e+01 6.8669279673116135e-01 1.6689425022348949e+00 
1.6913384176130322e+01 6.8669279673116135e-01 1.6689425022348949e+00 
2.9602534727944736e+01 1.0442101468876910e+00 1.6725050106788819e+00 
2.8177663730895880e+01 1.0464944456676362e+00 1.6797788747675586e+00 
3.2445998926833035e+01 1.0306876832798688e+00 1.7220903658212614e+00 
3.2445998926833035e+01 1.0306876832798688e+00 1.7220903658212614e+00 
3.7010122303472343e+01 1.0829919266942110e+00 1.6931806327549730e+00 
3.7629440889591365e+01 1.1168356483247552e+00 1.6813710108743336e+00 
1.9039901193652490e+01 8.5272638842739701e-01 1.7417654852432993e+00 
1.6295279007414855e+01 8.2244861923862145e-01 1.6571684350325944e+00 
1.9039901193652490e+01 8.5272638842739701e-01 1.7417654852432993e+00 
1.9039901193652490e+01 8.5272638842739701e-01 1.7417654852432993e+00 
1.9039901193652490e+01 8.5272638842739701e-01 1.7417654852432993e+00 
5.9711584382672584e+01 1.0853964354358916e+00 1.4392740565173623e+00 
5.6713368318888058e+01 1.0367452646435038e+00 1.3535578339558401e+00 
5.7118522776856381e+01 8.6344097611052018e-01 9.8660763400646800e-01 
5.3604691682161459e+01 1.1130152607068045e+00 1.5480838213163204e+00 
5.2275821073283296e+01 1.0271462330720866e+00 1.4399488204916637e+00 
3.5780036700218588e+01 1.2187781230904402e+00 1.8029333967959704e+00 
3.5780036700218588e+01 1.2187781230904402e+00 1.8029333967959704e+00 
3.0557885399061199e+01 1.1844426658475757e+00 1.8316502776670407e+00 
3.2245111048150669e+01 1.0320614496601161e+00 1.5391487386018932e+00 
9.9553356971470208e+01 1.3959221346077946e+00 1.7133888428646429e+00 
9.2824620366079188e+01 1.0966210240862717e+00 1.2941169925062928e+00 
9.5891008403958494e+01 1.1036822669392403e+00 1.2448325333470991e+00 
6.9664713135022453e+01 1.4146361755269836e+00 1.9145285196750592e+00 
6.3707752477192656e+01 1.2585791885905260e+00 1.6662493891917736e+00 
8.2498796276277574e+01 1.5367116484619274e+00 1.9776052355664535e+00 
8.4684426914956248e+01 1.2758376898886419e+00 1.4566632962065951e+00 
8.0657430347103315e+01 1.3295528155448511e+00 1.6880581757515631e+00 
7.9583030388555287e+01 1.4042887851746559e+00 1.8172674883409721e+00 
8.2233295875076863e+01 1.2230060744457305e+00 1.5188071849252345e+00 
8.2233295875076863e+01 1.2230060744457305e+00 1.5188071849252345e+00 
7.9841687071939191e+01 1.1520336426392253e+00 1.4409305287183387e+00 
7.9841687071939191e+01 1.1520336426392253e+00 1.4409305287183387e+00 
6.3051466259795561e+01 1.0145628695036257e+00 1.3110741217469450e+00 
4.5389722663350227e+01 8.5306365019563468e-01 1.2622774407865176e+00 
6.9611013176973074e+01 7.6400487611455081e-01 6.8128113079450026e-01 
4.3588185113155610e+01 7.3921932712576421e-01 8.8507589936812137e-01 
2.9669859708525884e+01 4.8790146199616463e-01 6.1316879290616189e-01 
4.4204675763751709e+01 7.7783058361457869e-01 9.3592082574208646e-01 
4.8126896766798197e+01 1.2668916625741693e+00 1.7655083014605446e+00 
7.4463615900497686e+01 1.4956347105945638e+00 1.8382879462898500e+00 
7.4463615900497686e+01 1.4956347105945638e+00 1.8382879462898500e+00 
7.4463615900497686e+01 1.4956347105945638e+00 1.8382879462898500e+00 
9.1640315957993252e+01 1.3785417371177919e+00 1.5605843172437814e+00 
1.6692801015028362e+01 4.8193263741457415e-01 7.6110263174459392e-01 
4.7470578293814100e+01 7.5622716459205752e-01 8.3177436787965564e-01 
1.3718404015234025e+01 4.1283387404965322e-01 6.9411762827451284e-01 
2.1474209470269003e+01 4.9781026817704582e-01 7.4021110785126054e-01 
2.5917423058445188e+01 8.9185352724372158e-01 1.4055906853380795e+00 
3.8874310324488022e+01 1.1161371981194619e+00 1.5512533010999940e+00 
2.4042759479394178e+01 8.6263401962877007e-01 1.3995286911249667e+00 
1.9445715113558741e+01 6.0333251292756862e-01 1.1063177015397059e+00 
1.2688591624720893e+01 3.3279462662145309e-01 8.3091939832523598e-01 
1.0458290461926225e+01 3.9732000151764951e-01 9.2988710823602183e-01 
1.9488675646769288e+01 6.0977619618685641e-01 1.1223675820927945e+00 
1.2198629359684091e+01 3.7162324999865037e-01 7.3198250402811393e-01 
1.2198629359684091e+01 3.7162324999865037e-01 7.3198250402811393e-01 
1.2198629359684091e+01 3.7162324999865037e-01 7.3198250402811393e-01 
1.4099713328638558e+01 6.1559071303674662e-01 1.3255717708167181e+00 
1.5366687799876981e+01 6.5679126871385940e-01 1.3915544417357733e+00 
1.5366687799876981e+01 6.5679126871385940e-01 1.3915544417357733e+00 
];
