ip_ml_6_rawLogLikelihood_unified = zeros(100,1);
ip_ml_6_rawLogLikelihood_unified = [0.0224401
-1.06342
-0.220823
-0.00959536
-0.00959536
-0.0613063
-1.93834
-0.202681
-0.0786743
-0.0786743
-0.0925426
0.00616251
-0.477097
-0.477097
0.014917
-0.520083
-0.475619
-0.404966
-0.321064
-0.285035
-0.285035
-0.285035
-0.285035
-0.191158
-0.040777
-0.040777
-0.040777
-3.67037
-0.000154041
-0.98165
0.0387798
-0.590494
-0.590494
-0.225738
-0.788779
-4.14817
-0.0588212
-0.292205
-0.292205
-0.292205
-0.18157
-0.0859887
-0.0859887
-1.4706
-0.237851
-0.237851
-0.877887
-0.305309
-0.364951
-0.364951
-0.0381347
-0.0381347
-0.0381347
-0.0381347
-0.0381347
-0.0381347
-0.305749
-0.305749
-0.305749
-0.305749
0.0331538
0.0264916
-0.0859409
0.0791042
0.0336414
-1.59684
-5.68307
-1.92268
-1.92268
-1.15783
-6.09177
-6.21482
-3.21967
-3.21967
-2.85869
0.031692
0.031692
0.031692
0.031692
-0.136542
-0.136542
-0.669053
-0.669053
-0.470399
-0.470399
-0.470399
-0.470399
0.00191894
-0.470399
-0.470399
0.0424552
0.0424552
-1.47665
-0.149157
0.048001
0.048001
-0.847107
0.106115
0.106115
-2.04017
];
