ip_ml_15_rawLogLikelihood_unified = zeros(100,1);
ip_ml_15_rawLogLikelihood_unified = [2.2364
1.3184
3.68157
3.68157
3.35551
3.42323
2.51142
1.65891
1.93108
2.96899
2.96899
2.45038
2.96876
2.96876
2.96876
2.96876
3.54454
2.26545
7.16074
7.16074
5.04169
5.26595
5.26595
3.33801
3.67189
2.42632
3.27475
2.45182
2.85451
4.89107
4.85738
4.85738
4.22866
3.75487
3.24627
3.50316
4.85973
3.64706
4.89107
4.89107
4.89107
4.89107
4.81532
5.00292
5.00292
5.12874
4.39665
5.13768
2.18487
2.22338
2.10069
2.43605
2.43605
2.35083
2.36306
2.15459
1.89092
1.77963
1.77963
1.52047
1.41492
1.76754
2.09317
2.50836
4.02989
4.0822
8.39074
7.87249
5.35723
5.35723
5.35723
5.35723
4.49448
4.49448
6.27358
6.27358
5.68745
9.25049
9.25049
9.25049
9.25049
5.47948
5.47948
2.99511
7.18634
7.18634
7.18634
7.18634
5.14273
5.14273
5.14273
5.14273
5.14273
7.38688
6.36393
6.36393
7.46488
6.78142
7.74865
7.74865
];
