ip_ml_3_rawChain_unified = zeros(100,3);
ip_ml_3_rawChain_unified = [2.3217186653288252e+01 8.0020648656348481e+00 1.7743763430960593e+00 
1.2944512384519712e+01 8.4682237442140469e+00 1.5180261377714876e+00 
2.2769355277903060e+01 6.7813297135048085e+00 1.3302607139093703e+00 
8.1101696211752198e+01 3.5058781752187782e+00 1.5725247950267667e+00 
3.5121644892001724e-01 3.2137916846965484e+00 1.4512205702638508e+00 
8.4309234412944733e+01 5.0473794028600993e+00 1.0794633330839805e+00 
8.5173736230305124e+01 6.0956214785945928e+00 1.2218993674242924e+00 
2.3438986968040602e+01 8.9429501933633293e-01 1.2346847926649889e+00 
4.2679264881664849e+01 1.1341883625049756e+00 1.6248307052395061e+00 
6.1696731754128109e+01 1.0419064149068871e+00 1.6117729327774115e+00 
7.8951567727354032e+01 1.7067241249472138e+00 1.7024921010113916e+00 
7.2341704318380764e+01 3.2269509044748075e+00 1.5792891190312621e+00 
7.8978724611238832e+01 1.7529253963545353e+00 1.2714965059112000e+00 
7.8978724611238832e+01 1.7529253963545353e+00 1.2714965059112000e+00 
2.6267661802786801e+01 3.5651999610214036e-01 1.5902323122721291e+00 
2.6267661802786801e+01 3.5651999610214036e-01 1.5902323122721291e+00 
3.9116270992622418e+01 1.8797828520880593e+00 1.0697147078295854e+00 
7.6313005429708880e+01 1.5752294825741389e+00 1.8040695572652476e+00 
8.0397723209971758e+01 8.9898482761360210e-01 1.5068674723724014e+00 
8.0397723209971758e+01 8.9898482761360210e-01 1.5068674723724014e+00 
6.8863359614990884e+01 1.1405313717566636e+00 1.8730274287730071e+00 
8.1872973023049695e+01 2.4753741954612014e+00 1.5486305430100389e+00 
9.2056128321899280e+01 2.0348621365537283e+00 1.7235178191785274e+00 
4.2695830995860845e+01 6.8547031082932330e-01 1.8430476730004592e+00 
1.5755374332871906e+01 1.0065829513274085e+00 1.8509772706560770e+00 
1.5755374332871906e+01 1.0065829513274085e+00 1.8509772706560770e+00 
1.6683349126480056e+01 9.0473120976494115e-01 1.7763540841697507e+00 
1.6683349126480056e+01 9.0473120976494115e-01 1.7763540841697507e+00 
1.6683349126480056e+01 9.0473120976494115e-01 1.7763540841697507e+00 
2.1063727039242359e+01 8.2298439781871247e-01 1.9664134101629640e+00 
2.1063727039242359e+01 8.2298439781871247e-01 1.9664134101629640e+00 
2.1063727039242359e+01 8.2298439781871247e-01 1.9664134101629640e+00 
1.6683349126480056e+01 9.0473120976494115e-01 1.7763540841697507e+00 
1.6683349126480056e+01 9.0473120976494115e-01 1.7763540841697507e+00 
9.7972036233999319e+01 4.9133026674655493e+00 7.5342949741349630e-01 
9.0495899018413823e+01 3.7868402614961916e+00 8.9900728170773170e-01 
6.5723902942987820e+01 8.3163459627860110e+00 1.8534462163696730e+00 
5.6782280876976827e+01 9.6922313835919116e+00 1.8675832215116255e+00 
2.7823550212686083e+01 2.5596854363417085e+00 6.2762641922610551e-01 
6.2661607420778871e+01 1.1879833143357079e+00 1.1756070460109163e+00 
6.2661607420778871e+01 1.1879833143357079e+00 1.1756070460109163e+00 
6.2661607420778871e+01 1.1879833143357079e+00 1.1756070460109163e+00 
2.5544177780691392e+01 9.8809967216943750e-01 1.4783191338693795e+00 
2.5544177780691392e+01 9.8809967216943750e-01 1.4783191338693795e+00 
6.3842103897777427e+01 3.5708345060457232e+00 1.5732018646804922e+00 
8.5883816219240039e+00 8.7364198011034393e+00 1.2657221262570493e+00 
3.0352606817139876e+01 6.1716071637111796e+00 1.4451832782547362e+00 
1.9562710135418964e+01 6.1110723502604074e+00 1.4892910941606308e+00 
7.0498806746232361e+01 3.5802859527031941e+00 8.3656198487361388e-01 
7.0498806746232361e+01 3.5802859527031941e+00 8.3656198487361388e-01 
8.5387573441267634e+01 3.0013035134613886e+00 1.0592382510752556e+00 
8.5321658300613606e+01 6.0448578971731237e+00 6.1952298578408993e-01 
7.8315135583793861e+01 4.0139236195271231e+00 6.1120938202499153e-01 
6.9121199581741749e+01 8.7751882585730856e-01 1.3831506432400820e+00 
6.9121199581741749e+01 8.7751882585730856e-01 1.3831506432400820e+00 
4.8996345769923735e+01 1.1188889557813297e+00 1.6420261645818617e+00 
4.8996345769923735e+01 1.1188889557813297e+00 1.6420261645818617e+00 
7.2042675783602476e+01 9.4085855439667512e+00 1.8527133627824668e+00 
7.6391586274779641e+01 9.1824677037511471e+00 1.8918542495781099e+00 
1.8367477153130341e+01 4.7844907859940311e-01 1.4850085352066540e+00 
2.9902002939780644e+01 9.9478512152988401e+00 1.9170491744089448e+00 
3.5180263641026897e+01 9.6473308410986807e+00 1.9872983588312594e+00 
4.7387127852241804e+01 9.4237044339704568e+00 1.8363702266928654e+00 
4.2779000429878362e+00 9.6501694487268566e+00 1.9666024268741107e+00 
4.9684090365000777e+01 7.6208566808122526e+00 1.4916782749123054e+00 
7.1290351725855729e+01 1.7231314912515265e+00 1.4662735558301327e+00 
7.1290351725855729e+01 1.7231314912515265e+00 1.4662735558301327e+00 
7.1290351725855729e+01 1.7231314912515265e+00 1.4662735558301327e+00 
4.4320145154332813e+01 7.7591140270402370e-01 1.5492690410387218e+00 
4.8789454845842016e+01 4.7290683983641006e+00 1.6367569394021220e+00 
2.4292036231495612e+01 2.8005497265980281e+00 1.4140194548822946e+00 
8.7350076188215695e+01 2.9454892822767667e+00 1.4887554973738799e+00 
9.0969277272345082e+01 2.4184085620966740e+00 1.5289215503440758e+00 
9.0969277272345082e+01 2.4184085620966740e+00 1.5289215503440758e+00 
9.0969277272345082e+01 2.4184085620966740e+00 1.5289215503440758e+00 
6.8975375855458239e+01 9.5551330918272779e+00 1.7054833773654501e+00 
8.4210036840740742e+01 5.7027699667151843e-01 7.7181066097190310e-01 
8.4210036840740742e+01 5.7027699667151843e-01 7.7181066097190310e-01 
8.4210036840740742e+01 5.7027699667151843e-01 7.7181066097190310e-01 
9.0728671033348220e+01 1.8342292584089617e+00 1.0574286041801926e+00 
9.0728671033348220e+01 1.8342292584089617e+00 1.0574286041801926e+00 
9.0728671033348220e+01 1.8342292584089617e+00 1.0574286041801926e+00 
6.4188512641952229e+01 1.1682421949004951e+00 5.3519153809451891e-01 
9.8116758008033642e+01 1.6965221815589915e+00 1.3022442142866062e+00 
9.8116758008033642e+01 1.6965221815589915e+00 1.3022442142866062e+00 
9.8116758008033642e+01 1.6965221815589915e+00 1.3022442142866062e+00 
9.8116758008033642e+01 1.6965221815589915e+00 1.3022442142866062e+00 
6.0353303513238494e+01 5.7008466927415871e+00 8.3545150784970246e-01 
9.5859472903277876e+01 7.5902903927760264e+00 8.5592142387706183e-01 
6.8559672899541710e+01 3.5627648467302331e+00 1.2470871876889431e+00 
9.3233638132347053e+01 5.1233821449917647e+00 1.2458317976042592e+00 
8.0185452808717912e+00 1.3853444257725129e+00 1.0079383436282745e+00 
2.9601481114107337e+01 7.6606990684396059e-01 7.9837992565770233e-01 
2.9601481114107337e+01 7.6606990684396059e-01 7.9837992565770233e-01 
2.9601481114107337e+01 7.6606990684396059e-01 7.9837992565770233e-01 
7.8488979925301322e+01 7.9840627136828903e+00 9.1736314153671139e-01 
2.5188145817957185e+01 8.8022328343809408e-01 1.3322909230258475e+00 
2.5188145817957185e+01 8.8022328343809408e-01 1.3322909230258475e+00 
3.2881947666214195e+01 4.1325462626359410e+00 1.1213732834670536e+00 
3.7100322956001513e+01 2.2889150943230998e+00 1.8441211471300762e+00 
];
