ip_ml_17_rawLogLikelihood_unified = zeros(100,1);
ip_ml_17_rawLogLikelihood_unified = [4.28653
3.98947
3.35771
3.35771
3.61377
4.08199
5.17203
5.43552
5.94873
9.46726
10.9881
8.42007
9.46726
9.63749
9.63749
9.68164
7.304
7.304
7.304
9.6892
9.6892
6.96214
6.91082
3.36583
3.34899
6.27413
6.89681
6.89681
6.92758
6.26271
6.46652
5.83843
6.36714
6.36714
6.36637
5.51232
6.61439
3.11465
2.87273
2.87273
3.04825
3.02944
2.55244
2.30735
2.25459
11.0935
12.929
11.0935
11.0935
7.41051
7.41051
7.08283
7.11969
4.29337
8.29435
8.29435
8.29435
8.29435
8.03992
8.11895
12.3306
12.3306
12.3306
12.3306
12.9198
9.21165
13.4133
12.6429
13.9807
13.9807
13.0153
12.2301
14.8817
7.24446
5.75719
10.5331
9.50111
9.50111
9.50111
9.50111
9.50111
11.1956
10.3927
9.25774
7.03539
7.48671
7.99897
7.64897
7.64897
7.64897
10.5118
8.41379
8.41379
8.41379
8.41379
9.86936
9.86936
10.2445
10.4711
11.1006
];
