ip_ml_14_rawLogLikelihood_unified = zeros(100,1);
ip_ml_14_rawLogLikelihood_unified = [2.56591
2.11323
2.26175
2.26175
3.06554
3.06554
2.8066
1.92251
1.53932
1.6724
1.64916
2.4722
2.23102
2.38069
2.472
3.3666
1.88638
1.88638
2.41238
5.96255
4.19808
4.19808
4.38481
3.03555
2.77946
2.49553
2.49553
2.02939
1.85749
4.07266
4.07266
3.39157
4.07266
2.70307
3.93298
4.07266
4.07266
4.07266
4.07266
4.16579
4.16579
3.66096
4.278
4.278
1.24356
1.30532
1.81928
1.81928
1.90699
1.71464
1.8339
1.8339
1.87757
2.29511
2.29511
1.59477
1.9408
1.78143
0.545605
1.67363
1.48185
1.48185
1.1578
1.27075
1.74293
1.74293
2.54518
1.13427
4.18769
3.52781
3.52781
4.18769
6.98673
6.98673
6.98673
4.17545
4.46082
4.46082
4.73578
4.73578
4.73578
7.70263
7.70263
7.70263
4.40271
2.49395
5.98386
5.98386
5.98386
4.2822
4.2822
4.2822
4.2822
4.2822
5.29907
5.58365
5.98071
5.29907
5.29907
6.45208
];
