ip_ml_12_rawChain_unified = zeros(100,3);
ip_ml_12_rawChain_unified = [4.3779376596967332e+01 1.1681007835092276e+00 1.7309823205395181e+00 
4.0605974111089580e+01 1.1338945219039065e+00 1.6569637379070510e+00 
3.1539453838227349e+01 9.9364295050727536e-01 1.5452665107617918e+00 
3.0490901526833468e+01 1.0495846008114791e+00 1.6391220096803500e+00 
2.9679621558139672e+01 1.1249963955520335e+00 1.8783593040782616e+00 
1.6800299424432513e+01 7.0660121689137279e-01 1.3959895523917698e+00 
4.4820579493358323e+01 1.0565119611377543e+00 1.5518167038336861e+00 
4.1015333909460566e+01 9.6801759592461534e-01 1.4355388324519871e+00 
3.8704596697584257e+01 8.8572042577525267e-01 1.2462512600050455e+00 
3.6412897866650766e+01 1.0593083550365894e+00 1.6606126623908819e+00 
9.1394471009278448e+01 1.5248268736725927e+00 1.7764850775258638e+00 
8.0802708353319701e+01 1.6245831643672426e+00 1.9071695973644645e+00 
6.6485439183236551e+01 1.3054231913123930e+00 1.6096968920426162e+00 
4.9609627884223990e+01 8.9613985825122422e-01 1.1267158297785975e+00 
5.9059217576830605e+01 9.6517118576642258e-01 1.2002607003710153e+00 
4.8425441482189484e+01 7.6244109535327520e-01 9.2573463815084978e-01 
3.7667587502085162e+01 7.0252867848502443e-01 9.8994088980816008e-01 
3.8990413486466473e+01 8.1970569566487739e-01 1.0477846730861982e+00 
4.9855947698531594e+01 8.9646919443166828e-01 1.1755015526010109e+00 
4.8474137344882607e+01 9.0979672529488820e-01 1.1089151509134518e+00 
4.8474137344882607e+01 9.0979672529488820e-01 1.1089151509134518e+00 
4.8474137344882607e+01 9.0979672529488820e-01 1.1089151509134518e+00 
4.9875554421908710e+01 8.6921357991144721e-01 1.0269152837716249e+00 
6.9514761654858049e+01 7.8749151411724139e-01 8.2351834929684886e-01 
8.0344723958854274e+01 1.0621410367586264e+00 1.2564687413535394e+00 
6.0262340433567765e+01 1.5410553834114202e+00 1.8999788798881476e+00 
1.6913384176130322e+01 6.8669279673116135e-01 1.6689425022348949e+00 
1.6913384176130322e+01 6.8669279673116135e-01 1.6689425022348949e+00 
1.1261295882323488e+01 5.2261327518491751e-01 1.4988042494032705e+00 
9.8171037752625150e+00 4.7470251154815124e-01 1.4082024212465092e+00 
1.6913384176130322e+01 6.8669279673116135e-01 1.6689425022348949e+00 
2.8177663730895880e+01 1.0464944456676362e+00 1.6797788747675586e+00 
2.0982361350217232e+01 1.0570635471184189e+00 1.9024293750129395e+00 
3.2445998926833035e+01 1.0306876832798688e+00 1.7220903658212614e+00 
3.2445998926833035e+01 1.0306876832798688e+00 1.7220903658212614e+00 
3.5277079703918311e+01 1.0803786512703020e+00 1.6820905208222323e+00 
3.5277079703918311e+01 1.0803786512703020e+00 1.6820905208222323e+00 
3.0763690118214296e+01 8.9221478966276602e-01 1.3741575746119259e+00 
4.5043261889819192e+01 1.2483047830247949e+00 1.7809796161091767e+00 
1.9039901193652490e+01 8.5272638842739701e-01 1.7417654852432993e+00 
2.1720710651597173e+01 8.7358151173694987e-01 1.6711845140049779e+00 
1.5918911938434524e+01 7.7208934966606746e-01 1.5734912374386647e+00 
1.9039901193652490e+01 8.5272638842739701e-01 1.7417654852432993e+00 
1.9039901193652490e+01 8.5272638842739701e-01 1.7417654852432993e+00 
1.9039901193652490e+01 8.5272638842739701e-01 1.7417654852432993e+00 
1.9039901193652490e+01 8.5272638842739701e-01 1.7417654852432993e+00 
1.9039901193652490e+01 8.5272638842739701e-01 1.7417654852432993e+00 
1.9039901193652490e+01 8.5272638842739701e-01 1.7417654852432993e+00 
1.9039901193652490e+01 8.5272638842739701e-01 1.7417654852432993e+00 
1.8472321352622725e+01 9.2148341088906549e-01 1.8808207318540642e+00 
5.9711584382672584e+01 1.0853964354358916e+00 1.4392740565173623e+00 
6.8764440379091525e+01 1.2520574114983254e+00 1.6030432463217281e+00 
6.1719709694722717e+01 1.0687761722198084e+00 1.4219971329334897e+00 
5.7118522776856381e+01 8.6344097611052018e-01 9.8660763400646800e-01 
5.7118522776856381e+01 8.6344097611052018e-01 9.8660763400646800e-01 
6.4371948238745489e+01 1.1700218365256096e+00 1.5065743950439558e+00 
3.8399194609684194e+01 1.2210125510646526e+00 1.8504113785016729e+00 
3.9705895866441992e+01 1.1738760381052713e+00 1.7250937292926096e+00 
3.6609861072120779e+01 1.0193751696638493e+00 1.5667398414803855e+00 
9.9553356971470208e+01 1.3959221346077946e+00 1.7133888428646429e+00 
6.9664713135022453e+01 1.4146361755269836e+00 1.9145285196750592e+00 
6.9287088816614087e+01 1.2057262682973497e+00 1.5964327200920274e+00 
6.9287088816614087e+01 1.2057262682973497e+00 1.5964327200920274e+00 
7.9583030388555287e+01 1.4042887851746559e+00 1.8172674883409721e+00 
9.4665838354400037e+01 1.4612145661466296e+00 1.7933909364351643e+00 
8.2233295875076863e+01 1.2230060744457305e+00 1.5188071849252345e+00 
7.9841687071939191e+01 1.1520336426392253e+00 1.4409305287183387e+00 
8.0877650990960248e+01 1.1615129078672886e+00 1.3696019154872847e+00 
8.0781610402627805e+01 1.1194629005111387e+00 1.3414534389373156e+00 
6.3051466259795561e+01 1.0145628695036257e+00 1.3110741217469450e+00 
7.0947963281804704e+01 1.0089205613029020e+00 1.2058001745355489e+00 
3.9618052302619596e+01 7.9928645265351783e-01 1.0631950867036930e+00 
5.2363076170057752e+01 8.2364273492086382e-01 9.3485925892333332e-01 
5.2363076170057752e+01 8.2364273492086382e-01 9.3485925892333332e-01 
5.9399011381438548e+01 1.4425733211559963e+00 1.9270415815124651e+00 
5.9399011381438548e+01 1.4425733211559963e+00 1.9270415815124651e+00 
7.1708238636344163e+01 1.4404674618743436e+00 1.7909165279347166e+00 
6.3541801651636177e+01 1.4135624074837532e+00 1.8799026824707743e+00 
5.3797120669050386e+01 1.3532567949178864e+00 1.8178253110718432e+00 
9.1640315957993252e+01 1.3785417371177919e+00 1.5605843172437814e+00 
9.1640315957993252e+01 1.3785417371177919e+00 1.5605843172437814e+00 
9.1640315957993252e+01 1.3785417371177919e+00 1.5605843172437814e+00 
1.6692801015028362e+01 4.8193263741457415e-01 7.6110263174459392e-01 
1.6692801015028362e+01 4.8193263741457415e-01 7.6110263174459392e-01 
2.1474209470269003e+01 4.9781026817704582e-01 7.4021110785126054e-01 
3.9017444263100479e+01 1.0748680501635215e+00 1.5840933400539596e+00 
3.9017444263100479e+01 1.0748680501635215e+00 1.5840933400539596e+00 
1.9445715113558741e+01 6.0333251292756862e-01 1.1063177015397059e+00 
1.0031474320490226e+01 3.4508347946270967e-01 9.5166957487979664e-01 
1.9488675646769288e+01 6.0977619618685641e-01 1.1223675820927945e+00 
1.8450641361913469e+01 5.8804248942732462e-01 1.1408061223144770e+00 
1.2198629359684091e+01 3.7162324999865037e-01 7.3198250402811393e-01 
2.2558835213341823e+01 5.1000220489805748e-01 7.5907912558716983e-01 
1.4478960859135036e+01 4.5120995499964706e-01 8.5464518237372522e-01 
1.4478960859135036e+01 4.5120995499964706e-01 8.5464518237372522e-01 
1.4478960859135036e+01 4.5120995499964706e-01 8.5464518237372522e-01 
1.4395364990917830e+01 4.1376224711751541e-01 7.6596086371086070e-01 
1.4395364990917830e+01 4.1376224711751541e-01 7.6596086371086070e-01 
3.0936565663897710e+01 8.8649497212108241e-01 1.5209022442196893e+00 
1.5366687799876981e+01 6.5679126871385940e-01 1.3915544417357733e+00 
];
