ip_ml_15_rawChain_unified = zeros(100,3);
ip_ml_15_rawChain_unified = [4.8806903881714511e+01 1.2544389996301974e+00 1.7147751759629388e+00 
4.5064719416420992e+01 1.1105007753127196e+00 1.4980255604469532e+00 
2.6806737854398044e+01 1.0464948193326915e+00 1.8049328410181518e+00 
2.6806737854398044e+01 1.0464948193326915e+00 1.8049328410181518e+00 
1.9945791256019280e+01 7.7128179478814363e-01 1.4337433937980431e+00 
3.0379561757975942e+01 9.0524024203098641e-01 1.4553011614862008e+00 
4.8834413659446533e+01 1.1843048597025179e+00 1.6338143713218056e+00 
5.2270034015289085e+01 1.2714479364868130e+00 1.7940024892880062e+00 
5.4763714755131957e+01 1.2291336456195596e+00 1.6143868629131035e+00 
3.6889519891698669e+01 1.0861218469564979e+00 1.6436765611766633e+00 
3.6889519891698669e+01 1.0861218469564979e+00 1.6436765611766633e+00 
3.3061265374422511e+01 9.7041601176111225e-01 1.4568138508150996e+00 
3.8493441004209991e+01 7.7274582557672900e-01 1.0414747905207049e+00 
3.8493441004209991e+01 7.7274582557672900e-01 1.0414747905207049e+00 
3.8493441004209991e+01 7.7274582557672900e-01 1.0414747905207049e+00 
3.8493441004209991e+01 7.7274582557672900e-01 1.0414747905207049e+00 
2.8937146262559086e+01 6.9012755301327267e-01 9.9945455650277781e-01 
6.9514761654858049e+01 7.8749151411724139e-01 8.2351834929684886e-01 
1.1500754032525258e+01 5.2659370925889748e-01 1.4747456629664928e+00 
1.1500754032525258e+01 5.2659370925889748e-01 1.4747456629664928e+00 
1.4208602787301192e+01 5.0881248965383219e-01 1.3422063742237225e+00 
1.2425640562591958e+01 5.4718555882465103e-01 1.3684860468117213e+00 
1.2425640562591958e+01 5.4718555882465103e-01 1.3684860468117213e+00 
2.3019711925779777e+01 9.5914176030321074e-01 1.7176851177194556e+00 
2.5677914788868971e+01 9.7262819653513122e-01 1.6842197089474966e+00 
3.0118334524536294e+01 1.1146275572262043e+00 1.9117070150337645e+00 
2.3650329705640964e+01 9.7320351551451023e-01 1.7211413883967805e+00 
4.7678755187545967e+01 1.2461043519136741e+00 1.7690994610604247e+00 
3.6075231589566158e+01 1.0803832532613340e+00 1.6244866822600073e+00 
1.9039901193652490e+01 8.5272638842739701e-01 1.7417654852432993e+00 
1.9813876651432871e+01 8.4861830138502470e-01 1.7202222234656503e+00 
1.9813876651432871e+01 8.4861830138502470e-01 1.7202222234656503e+00 
1.8570946102042669e+01 8.4140859361935283e-01 1.6933055912835082e+00 
2.1882904205103394e+01 7.9211582403485370e-01 1.5556641841489167e+00 
2.2526275818549678e+01 9.4072153735231734e-01 1.8633949577329993e+00 
2.3472493418490096e+01 9.2229415751990118e-01 1.7653368329579620e+00 
1.9343706205110696e+01 9.5342885609856554e-01 1.9514614616235135e+00 
2.1233848465576891e+01 8.1956887104252596e-01 1.6598002298450691e+00 
1.9039901193652490e+01 8.5272638842739701e-01 1.7417654852432993e+00 
1.9039901193652490e+01 8.5272638842739701e-01 1.7417654852432993e+00 
1.9039901193652490e+01 8.5272638842739701e-01 1.7417654852432993e+00 
1.9039901193652490e+01 8.5272638842739701e-01 1.7417654852432993e+00 
1.9852037212454618e+01 8.6665697431572919e-01 1.7718964654439862e+00 
1.8827916192068095e+01 9.1576184547740769e-01 1.9054760416865451e+00 
1.8827916192068095e+01 9.1576184547740769e-01 1.9054760416865451e+00 
1.8547129217252284e+01 8.4655852535743370e-01 1.7764218884666079e+00 
2.1520648506518825e+01 1.0114173522412666e+00 1.9873381977494988e+00 
1.6161228908384242e+01 8.6712790056546418e-01 1.9362315411292483e+00 
6.8764440379091525e+01 1.2520574114983254e+00 1.6030432463217281e+00 
6.6965214880808531e+01 1.2365958145788338e+00 1.5816946965052410e+00 
5.0835422963388361e+01 7.5783122380488388e-01 8.3273429989324099e-01 
5.4221974283172948e+01 8.0251638069793207e-01 9.4970877926673314e-01 
5.4221974283172948e+01 8.0251638069793207e-01 9.4970877926673314e-01 
4.0117124125523539e+01 1.1375433308467786e+00 1.7233438400689141e+00 
4.1494750221368086e+01 1.1018304554781382e+00 1.6419400293431772e+00 
3.8838239538851454e+01 1.0105308499282024e+00 1.5400851783507099e+00 
8.8871623739038640e+01 1.4683083366828029e+00 1.8156699442603739e+00 
9.4665838354400037e+01 1.4612145661466296e+00 1.7933909364351643e+00 
9.4665838354400037e+01 1.4612145661466296e+00 1.7933909364351643e+00 
9.7635197520027830e+01 1.4594485651351596e+00 1.7186649908333940e+00 
7.8973748442271201e+01 1.1868558245199934e+00 1.4093505743035915e+00 
9.2722722588281613e+01 1.3600492738189673e+00 1.6179267567429756e+00 
8.0781610402627805e+01 1.1194629005111387e+00 1.3414534389373156e+00 
4.0698459789197621e+01 7.4634323790457668e-01 9.8277002016493809e-01 
2.3190485540121021e+01 6.6648083701870198e-01 1.1723202356701945e+00 
2.4699855634429614e+01 6.6771568712200591e-01 1.0972337630598248e+00 
1.1671890252134379e+01 3.9812714398962951e-01 1.0294647388295302e+00 
1.2460389305679231e+01 4.3188034600768660e-01 1.0739321138987075e+00 
1.8450641361913469e+01 5.8804248942732462e-01 1.1408061223144770e+00 
1.8450641361913469e+01 5.8804248942732462e-01 1.1408061223144770e+00 
1.8450641361913469e+01 5.8804248942732462e-01 1.1408061223144770e+00 
1.8450641361913469e+01 5.8804248942732462e-01 1.1408061223144770e+00 
2.2115636635802211e+01 6.6150264046832141e-01 1.1726876531445771e+00 
2.2115636635802211e+01 6.6150264046832141e-01 1.1726876531445771e+00 
1.6055338072676992e+01 4.3801201860316208e-01 7.9257095399885302e-01 
1.6055338072676992e+01 4.3801201860316208e-01 7.9257095399885302e-01 
1.2198629359684091e+01 3.7162324999865037e-01 7.3198250402811393e-01 
9.4525126400264092e+00 2.8096301160657017e-01 7.3126803497966342e-01 
9.4525126400264092e+00 2.8096301160657017e-01 7.3126803497966342e-01 
9.4525126400264092e+00 2.8096301160657017e-01 7.3126803497966342e-01 
9.4525126400264092e+00 2.8096301160657017e-01 7.3126803497966342e-01 
1.8356490024139603e+01 4.9255933202332308e-01 8.4949391701076982e-01 
1.8356490024139603e+01 4.9255933202332308e-01 8.4949391701076982e-01 
3.9241282421512786e+01 6.3789890754954437e-01 7.2294629542394373e-01 
1.4096502064548655e+01 3.8079688741129702e-01 7.3871520737515817e-01 
1.4096502064548655e+01 3.8079688741129702e-01 7.3871520737515817e-01 
1.4096502064548655e+01 3.8079688741129702e-01 7.3871520737515817e-01 
1.4096502064548655e+01 3.8079688741129702e-01 7.3871520737515817e-01 
1.4478960859135036e+01 4.5120995499964706e-01 8.5464518237372522e-01 
1.4478960859135036e+01 4.5120995499964706e-01 8.5464518237372522e-01 
1.4478960859135036e+01 4.5120995499964706e-01 8.5464518237372522e-01 
1.4478960859135036e+01 4.5120995499964706e-01 8.5464518237372522e-01 
1.4478960859135036e+01 4.5120995499964706e-01 8.5464518237372522e-01 
1.3357201635795166e+01 3.4748422548449098e-01 6.0464274445024313e-01 
1.4395364990917830e+01 4.1376224711751541e-01 7.6596086371086070e-01 
1.4395364990917830e+01 4.1376224711751541e-01 7.6596086371086070e-01 
1.3547870233214901e+01 3.5445902428996684e-01 6.8762828505022677e-01 
1.4823855444378570e+01 4.0095090803330419e-01 7.2934017324670508e-01 
1.2485814217640103e+01 3.2312839996879311e-01 5.6394404315243107e-01 
1.2485814217640103e+01 3.2312839996879311e-01 5.6394404315243107e-01 
];
