ip_ml_9_rawChain_unified = zeros(100,3);
ip_ml_9_rawChain_unified = [4.0372058548297346e+01 1.0318298074597809e+00 1.5496665350482228e+00 
4.0372058548297346e+01 1.0318298074597809e+00 1.5496665350482228e+00 
2.0257026886116552e+01 7.8780404787329572e-01 1.5832255661236443e+00 
9.0213404758524661e+01 1.5371823035119223e+00 1.8294644643718541e+00 
9.0213404758524661e+01 1.5371823035119223e+00 1.8294644643718541e+00 
9.0213404758524661e+01 1.5371823035119223e+00 1.8294644643718541e+00 
8.0802708353319701e+01 1.6245831643672426e+00 1.9071695973644645e+00 
8.0802708353319701e+01 1.6245831643672426e+00 1.9071695973644645e+00 
7.6714406888578452e+01 1.0385452799478307e+00 1.4748459947118899e+00 
6.1316262809245913e+01 1.2593386797664159e+00 1.5540559927589255e+00 
5.6037494533154458e+01 1.0996824359276431e+00 1.3640235727345966e+00 
5.3528644102771139e+01 1.0998139661434976e+00 1.5327881649322161e+00 
7.0533154126252271e+01 1.5728412812284600e+00 1.7822709129345455e+00 
7.3511774459971619e+01 1.6660329021573232e+00 1.8198963503886503e+00 
4.0452740650787341e+01 1.1750967843023694e+00 1.8897829095675389e+00 
5.2520083516437353e+01 1.2975691488133723e+00 1.7552566107481029e+00 
5.5872198059913316e+01 1.1899384348647664e+00 1.6316818588839421e+00 
5.2389653333052834e+01 1.0702865390371938e+00 1.4380744255468902e+00 
5.7722227911875976e+01 9.5775990829010538e-01 1.1097939138486512e+00 
3.8366507040894440e+01 8.9714123424198200e-01 1.1643320882606956e+00 
8.9064674699074672e+01 9.4550026641073504e-01 8.2815211268047151e-01 
4.8575502906336965e+01 1.3258556098906205e+00 1.9526971268813551e+00 
8.6107151886440612e+00 5.4083705564544138e-01 1.6321962911748418e+00 
1.7160421370347382e+01 6.2524812367783944e-01 1.5839680100646951e+00 
1.7160421370347382e+01 6.2524812367783944e-01 1.5839680100646951e+00 
1.7160421370347382e+01 6.2524812367783944e-01 1.5839680100646951e+00 
4.5027889576963119e+01 8.5047283680446295e-01 1.1159983734913232e+00 
4.5027889576963119e+01 8.5047283680446295e-01 1.1159983734913232e+00 
4.6132897561916529e+01 7.6575220368148589e-01 1.0653526043869452e+00 
5.0692613176707148e+01 6.6420204636108449e-01 7.8712014673292974e-01 
5.0692613176707148e+01 6.6420204636108449e-01 7.8712014673292974e-01 
6.0262340433567765e+01 1.5410553834114202e+00 1.8999788798881476e+00 
6.0262340433567765e+01 1.5410553834114202e+00 1.8999788798881476e+00 
2.2258596241671988e+01 7.5856033075418716e-01 1.6176875380549927e+00 
2.2258596241671988e+01 7.5856033075418716e-01 1.6176875380549927e+00 
1.0975626567011993e+01 8.5137741548940882e-01 1.9862135178402536e+00 
3.0769052961577685e+01 8.7692165008784462e-01 1.6029398429907631e+00 
1.0975626567011993e+01 8.5137741548940882e-01 1.9862135178402536e+00 
6.0603983211168810e+01 8.8543425193262593e-01 1.0890262691134307e+00 
6.0603983211168810e+01 8.8543425193262593e-01 1.0890262691134307e+00 
7.9385284659545505e+01 1.0391407358786657e+00 1.0062347182572948e+00 
2.1781862482297932e+01 1.1888263218000978e+00 1.7912160738695893e+00 
3.2826768312152822e+01 1.1322174953904911e+00 1.6352907307721170e+00 
1.5450493713270813e+01 1.2046108218481943e+00 1.9662011762497420e+00 
3.0506689503569866e+01 1.0842168147909177e+00 1.9024170907565505e+00 
4.6942698388942688e+01 1.0381654607516286e+00 1.4813968340993484e+00 
4.6942698388942688e+01 1.0381654607516286e+00 1.4813968340993484e+00 
2.5303093780203682e+01 7.6113891349522955e-01 1.0141206678169339e+00 
2.5303093780203682e+01 7.6113891349522955e-01 1.0141206678169339e+00 
3.8379380388246211e+01 1.2856563468144500e+00 1.7776959049538801e+00 
2.2738353662466434e+01 1.1393450823313860e+00 1.7618182883900215e+00 
7.2595804509252559e+01 9.8442357670755465e-01 1.2692859111986259e+00 
7.6023783704390425e+01 1.4347017775739341e+00 1.8886300219450003e+00 
6.9340948839139315e+01 1.5361102774356683e+00 1.9499921400595630e+00 
7.6023783704390425e+01 1.4347017775739341e+00 1.8886300219450003e+00 
4.6868002269016912e+01 9.8268040397838896e-01 1.2159177292564445e+00 
5.0299469840053384e+01 7.9549500926879246e-01 1.0683097396191776e+00 
5.5036970813456449e+01 6.8552327806957991e-01 5.3893456149370800e-01 
9.1365200602515316e+01 1.3829084317115905e+00 1.5808854516984900e+00 
7.9532239716477008e+01 1.5168893853766861e+00 1.9578116278442677e+00 
9.1648458282872156e+01 1.0902612719003466e+00 1.2624558687068639e+00 
8.6104903181307307e+01 1.3604060755362053e+00 1.6631756705750358e+00 
8.1896463775133753e+01 1.4995129534779208e+00 1.9249906386205828e+00 
6.1345860551327902e+01 9.7237225104204872e-01 1.3664253684257235e+00 
6.1345860551327902e+01 9.7237225104204872e-01 1.3664253684257235e+00 
6.0957446936878199e+01 8.5675105386873218e-01 1.1763642287099174e+00 
6.0957446936878199e+01 8.5675105386873218e-01 1.1763642287099174e+00 
9.4879696485612811e+01 8.6105190859257585e-01 9.6548653362888781e-01 
9.0081419153392332e+01 9.5385297328962948e-01 9.4166878092839301e-01 
9.0264609999887384e+01 1.4006281686378974e+00 1.6494245449370384e+00 
9.0264609999887384e+01 1.4006281686378974e+00 1.6494245449370384e+00 
7.1829404441682286e+01 1.1240186527033107e+00 1.4597660016616689e+00 
5.2875447249828660e+01 8.9152667633114557e-01 1.3279889136758962e+00 
6.9835364765311937e+01 8.3947544159633969e-01 1.1298281757005384e+00 
6.9611013176973074e+01 7.6400487611455081e-01 6.8128113079450026e-01 
4.4204675763751709e+01 7.7783058361457869e-01 9.3592082574208646e-01 
6.9611013176973074e+01 7.6400487611455081e-01 6.8128113079450026e-01 
8.8263203327687975e+01 1.2084761735356209e+00 1.5521266651143177e+00 
5.1266627823302422e+01 1.3437057597615225e+00 1.8145164793026132e+00 
6.5304232985400915e+01 1.5768453398968201e+00 1.9802125002174582e+00 
6.5304232985400915e+01 1.5768453398968201e+00 1.9802125002174582e+00 
3.5179498267060865e+01 8.3831425845605112e-01 1.2605517637805861e+00 
4.7581678193276971e+01 7.6261277877132039e-01 1.1429898303502402e+00 
8.8865163475525634e+01 1.4186688375304475e+00 1.5943438917617883e+00 
2.0043008939602714e+01 4.1002275241093245e-01 6.1400547858893872e-01 
1.0603486623862640e+01 3.0179172843817370e-01 5.0406072261253998e-01 
1.0603486623862640e+01 3.0179172843817370e-01 5.0406072261253998e-01 
1.0603486623862640e+01 3.0179172843817370e-01 5.0406072261253998e-01 
2.4042759479394178e+01 8.6263401962877007e-01 1.3995286911249667e+00 
2.4042759479394178e+01 8.6263401962877007e-01 1.3995286911249667e+00 
2.4042759479394178e+01 8.6263401962877007e-01 1.3995286911249667e+00 
3.1709429721584318e+01 7.7307546223478951e-01 1.3015812547618169e+00 
3.1709429721584318e+01 7.7307546223478951e-01 1.3015812547618169e+00 
1.0458290461926225e+01 3.9732000151764951e-01 9.2988710823602183e-01 
1.0458290461926225e+01 3.9732000151764951e-01 9.2988710823602183e-01 
1.0458290461926225e+01 3.9732000151764951e-01 9.2988710823602183e-01 
3.1709429721584318e+01 7.7307546223478951e-01 1.3015812547618169e+00 
3.1709429721584318e+01 7.7307546223478951e-01 1.3015812547618169e+00 
3.1709429721584318e+01 7.7307546223478951e-01 1.3015812547618169e+00 
3.1709429721584318e+01 7.7307546223478951e-01 1.3015812547618169e+00 
];
