ip_ml_10_rawLogLikelihood_unified = zeros(100,1);
ip_ml_10_rawLogLikelihood_unified = [0.391673
0.0334386
0.0334386
0.38639
0.38639
0.251563
0.251563
-0.184363
-0.184363
-0.184363
-0.184363
-0.0693394
0.0453475
0.437288
0.417494
0.293675
0.253861
0.392457
-0.158312
0.0265184
-0.464316
-0.464316
-0.464316
0.482527
0.482527
0.400567
0.110928
0.482527
0.630824
0.403121
-0.354316
-0.255045
0.11377
0.515527
0.515527
0.515527
-1.22216
-3.32725
-0.321354
0.310679
0.310679
0.310679
0.870331
0.870331
0.3315
0.256396
-0.992823
-0.40967
0.411155
-0.323702
-0.323702
0.374723
0.310339
-0.355093
0.360867
-0.670778
-0.670778
0.142591
0.142591
-1.65382
-0.244429
0.344713
0.183397
-0.907015
0.117688
0.280552
-2.15541
-2.15541
-2.70484
-0.183443
-0.183443
0.413258
0.413258
0.37942
0.37942
0.18671
0.18671
0.368592
-0.816558
-0.698515
-0.355681
0.174059
0.174059
0.546574
0.546574
-0.0168109
-0.0168109
-0.0168109
-1.05153
-0.734546
0.12741
0.12741
0.12741
0.12741
0.206727
0.206727
1.01204
1.01204
1.01204
0.23326
];
