ip_ml_3_rawLogTarget_unified = zeros(100,1);
ip_ml_3_rawLogTarget_unified = [4.33855
4.3226
4.33
4.95922
4.32878
4.36481
4.34599
7.16571
7.3174
7.15383
7.06985
5.10979
6.32158
6.32158
4.44798
4.44798
5.45285
7.26859
6.6922
6.6922
6.95296
5.78465
6.7227
5.42811
7.19874
7.19874
7.2863
7.2863
7.2863
7.22026
7.22026
7.22026
7.2863
7.2863
4.33525
4.4253
4.35551
4.33416
4.47668
7.09961
7.09961
7.09961
7.2515
7.2515
4.88128
4.31938
4.35145
4.34817
4.42386
4.42386
4.71068
4.31898
4.34843
6.98362
6.98362
7.30063
7.30063
4.33802
4.34461
6.93931
4.32982
4.33707
4.33375
4.32198
4.33468
6.67339
6.67339
6.67339
6.72275
4.54056
4.87884
5.24004
5.85504
5.85504
5.85504
4.32853
6.60452
6.60452
6.60452
5.82346
5.82346
5.82346
6.04447
6.55824
6.55824
6.55824
6.55824
4.32616
4.31906
4.62167
4.39302
5.13227
7.13148
7.13148
7.13148
4.31913
7.27557
7.27557
4.40708
6.11566
];
