ip_ml_11_rawLogTarget_unified = zeros(100,1);
ip_ml_11_rawLogTarget_unified = [7.94048
7.596
8.01161
7.94547
7.94547
7.41368
8.8077
7.99189
7.11111
7.34499
7.76322
7.76322
6.96367
7.10974
4.22358
6.13307
7.44622
8.10506
7.84138
7.76828
8.07511
6.44965
7.17494
6.44965
8.18812
8.18812
8.08591
7.50584
7.50584
7.9675
8.04233
8.04233
6.65162
6.83389
8.24871
8.24871
9.70717
8.24871
8.24871
8.21941
7.93845
7.8726
7.8726
8.05318
8.25818
8.90016
7.07463
8.90016
8.90016
8.90016
7.91083
8.07348
7.83714
7.77293
7.50466
7.87657
7.87657
7.64689
7.6077
7.75781
7.92068
7.83246
7.0024
7.94023
7.43569
6.85338
7.80993
7.52687
7.9184
7.9184
7.80793
7.80793
7.81728
5.934
6.96536
8.20103
6.07129
8.06094
8.12661
7.76703
7.76703
7.76703
6.64911
8.13866
7.73041
8.07118
8.82608
7.3121
7.29106
7.2713
8.94529
8.86195
7.5361
8.94049
9.16034
9.16034
9.16034
7.73045
8.36807
8.36807
];
