ip_ml_1_rawChain_unified = zeros(100,3);
ip_ml_1_rawChain_unified = [2.3919239787401246e+01 5.5780921314900320e+00 1.8252676051766772e+00 
8.1201023135155125e+01 4.3452038428126434e+00 1.6330902139674528e+00 
1.4578431980362978e+01 4.1250614963899173e+00 1.7311397258734114e+00 
2.2527073618693208e+01 6.6183422670867422e+00 1.6290478428448174e+00 
2.4547643242239115e+01 4.6804352529188620e+00 1.5028155032984913e+00 
7.4564895182720647e-01 5.2776106488159789e+00 1.5504736695669508e+00 
1.7038129852940787e-01 4.2441238885938786e+00 1.0496043255885308e+00 
9.9076604923490081e+01 2.4169696658743707e+00 1.5725624331750030e+00 
3.3434033925338781e+01 5.3236103160093418e+00 1.1773297380066665e+00 
4.7552418445716285e+01 6.3055409670793656e+00 1.1497775863874744e+00 
2.6379762758810912e+01 1.4620348615414827e+00 1.0958411442560003e+00 
2.1483615761051510e+01 6.8011663607248130e+00 1.1581066136187088e+00 
7.2833304141219458e+01 2.0028699293603580e+00 8.7399379839570979e-01 
7.2833304141219458e+01 2.0028699293603580e+00 8.7399379839570979e-01 
7.2833304141219458e+01 2.0028699293603580e+00 8.7399379839570979e-01 
2.8431134244089613e+01 3.6643990120356147e+00 1.7688980334371136e+00 
2.4254221694852752e+01 5.4702963842990098e+00 1.5749546444446332e+00 
5.1886409773784266e+00 1.5947878347171625e+00 7.5688648256782998e-01 
2.2295858010048832e+01 1.9559097380076691e+00 6.7871058777184201e-01 
2.6227032279400415e+01 1.6139529008318148e+00 8.1418111823494266e-01 
3.9116270992622418e+01 1.8797828520880593e+00 1.0697147078295854e+00 
7.9638201272413170e+01 2.9486696735555089e+00 1.6345225022467176e+00 
7.3152628206708670e+01 4.3635327839142155e+00 1.8475777487943936e+00 
5.1902081913103313e+00 8.4288965964170437e+00 1.5910546313802740e+00 
5.1902081913103313e+00 8.4288965964170437e+00 1.5910546313802740e+00 
1.8763916833268610e+01 5.3891239197575480e+00 1.8319296795423585e+00 
7.5780623964159986e+01 7.2545071773749834e+00 1.7804700116384709e+00 
1.0058534070674769e+01 9.0855283432993801e+00 8.8860655187861148e-01 
8.0397723209971758e+01 8.9898482761360210e-01 1.5068674723724014e+00 
8.0397723209971758e+01 8.9898482761360210e-01 1.5068674723724014e+00 
6.8863359614990884e+01 1.1405313717566636e+00 1.8730274287730071e+00 
7.0485736049356277e+01 2.2054205940855738e+00 1.6315179664658110e+00 
3.6336916597304651e+01 5.4749995658710242e+00 1.0189801944030097e+00 
2.4821273113493554e+01 3.8146467478286805e+00 9.1573313980747062e-01 
4.6292211732957824e+00 6.6385918556129004e+00 1.5045713199352411e+00 
7.9984298623164477e+01 5.4979963025531458e+00 9.4589245478865280e-01 
4.5578871117633874e+01 3.7462488387360584e+00 1.7473950346875580e+00 
4.2695830995860845e+01 6.8547031082932330e-01 1.8430476730004592e+00 
1.1323546200530208e+01 1.8414366186616959e+00 1.6332830018086768e+00 
1.5755374332871906e+01 1.0065829513274085e+00 1.8509772706560770e+00 
1.6683349126480056e+01 9.0473120976494115e-01 1.7763540841697507e+00 
7.4474800543243603e+01 2.3654547824226930e+00 1.8429195298663235e+00 
5.9943803998563610e+01 2.6180603952609030e+00 1.9289284584935771e+00 
7.8744167660564244e+01 3.0884057711624502e+00 8.5321186290434570e-01 
1.3724320028442543e+01 2.2590238011490569e+00 6.6407166737449153e-01 
1.3724320028442543e+01 2.2590238011490569e+00 6.6407166737449153e-01 
3.4392040734156303e+01 9.5956037067603237e+00 1.6317574245115818e+00 
3.4392040734156303e+01 9.5956037067603237e+00 1.6317574245115818e+00 
4.0078534036128687e+01 2.9466333368295095e+00 1.7084066194405616e+00 
4.0078534036128687e+01 2.9466333368295095e+00 1.7084066194405616e+00 
1.4995157236056500e+01 7.4826032387243098e+00 1.6185310314529024e+00 
1.8581108524872416e+01 2.5384004217989427e+00 1.1401082734514374e+00 
4.8091496525162704e+01 1.1478740797023121e+00 1.3310799196321215e+00 
7.3887773895628754e+01 3.7898384268528615e+00 1.6930902630640183e+00 
1.3893132745045842e+01 6.1003148630475792e+00 1.3475109433637880e+00 
1.3893132745045842e+01 6.1003148630475792e+00 1.3475109433637880e+00 
4.5199809463868093e+00 4.2006513754214225e+00 1.4528379598790795e+00 
1.4820719605492998e+01 4.6763950317222447e+00 1.5937756952686233e+00 
8.7034754067579314e+01 3.8956328883744393e+00 1.1707849546216678e+00 
9.3419674618638339e+01 2.5881626834534757e+00 1.8125823722619163e+00 
7.2754912348857147e+01 3.6337194339190204e+00 6.1563124345100562e-01 
8.3839927502718382e+01 3.2469496623408096e+00 6.0540338592557830e-01 
7.9299989926637068e+01 8.4313575719061120e+00 9.5867327707179772e-01 
7.9299989926637068e+01 8.4313575719061120e+00 9.5867327707179772e-01 
7.2042675783602476e+01 9.4085855439667512e+00 1.8527133627824668e+00 
3.1292654000010632e+01 1.1837752188752186e+00 1.6118731252310547e+00 
3.0058394529328204e+01 1.7136250407861975e+00 1.6999476018033874e+00 
3.0058394529328204e+01 1.7136250407861975e+00 1.6999476018033874e+00 
2.7221592169505666e+01 9.9258272834243204e+00 1.9958970823302700e+00 
4.7387127852241804e+01 9.4237044339704568e+00 1.8363702266928654e+00 
2.2657288110829192e+01 8.0613340615909443e+00 1.8260529273398145e+00 
2.2657288110829192e+01 8.0613340615909443e+00 1.8260529273398145e+00 
4.2316101088679666e+01 7.6079385866566067e+00 1.7754532541222794e+00 
5.7959193262631899e+01 7.4999653038903782e+00 1.4466811504533199e+00 
7.2875059819231240e+01 6.3104801624305038e+00 6.5370865938990730e-01 
7.1290351725855729e+01 1.7231314912515265e+00 1.4662735558301327e+00 
5.9938985543557109e+01 5.0260549088153965e+00 1.4591422265141449e+00 
7.0503192690147216e+01 5.0642216578239525e+00 1.4728215955861310e+00 
4.6225470409819039e+01 5.6434120203299472e+00 1.1903116587903082e+00 
6.2692896533696469e+01 5.3831672848994252e+00 1.1149446347356036e+00 
6.3394037799116703e+01 5.7423849922125498e+00 1.4515146259384752e+00 
3.2581905745638061e+01 8.7576949355383622e+00 1.8985670103465262e+00 
3.2581905745638061e+01 8.7576949355383622e+00 1.8985670103465262e+00 
6.9790093618871595e+01 6.9645056424319671e+00 9.9046892963965116e-01 
9.8116758008033642e+01 1.6965221815589915e+00 1.3022442142866062e+00 
9.8116758008033642e+01 1.6965221815589915e+00 1.3022442142866062e+00 
9.8116758008033642e+01 1.6965221815589915e+00 1.3022442142866062e+00 
2.7580776228614155e+01 9.3262235393472306e+00 1.1391521751393672e+00 
5.0500400321153499e+01 6.1739799388848819e+00 7.8065295081341501e-01 
6.4373931987607733e+01 7.8771594355019854e+00 9.2156123037575299e-01 
4.2122585104530572e+01 8.3014243529477749e+00 1.0192005714715902e+00 
9.6397045472101794e+01 9.7804965737169045e+00 6.8879615470492883e-01 
8.0185452808717912e+00 1.3853444257725129e+00 1.0079383436282745e+00 
8.0176012168545640e+01 6.9669366830742980e+00 1.6561796043938013e+00 
8.6916384740192726e+01 6.1805236701018043e+00 1.3938106675465232e+00 
9.0446255796117285e+01 9.3949632738809594e+00 5.7837668441309020e-01 
2.5188145817957185e+01 8.8022328343809408e-01 1.3322909230258475e+00 
2.5188145817957185e+01 8.8022328343809408e-01 1.3322909230258475e+00 
2.5188145817957185e+01 8.8022328343809408e-01 1.3322909230258475e+00 
2.9978311085219495e+01 4.3118640696576582e+00 1.8901408611585988e+00 
];
