ip_ml_5_rawLogTarget_unified = zeros(100,1);
ip_ml_5_rawLogTarget_unified = [7.31699
6.9802
7.29583
7.29583
7.26167
6.02171
6.87921
6.87921
7.16828
5.57289
7.2502
7.2502
7.24104
5.60439
7.30624
6.987
6.9586
6.39298
7.03465
7.03465
7.03189
7.11388
6.39952
7.11388
7.11388
7.34843
7.27328
7.27523
7.27523
7.27523
6.23456
6.65369
7.32779
7.32779
7.33223
5.5015
7.15305
6.22731
6.22731
7.27328
7.27328
7.10914
7.10914
7.10914
7.10914
6.90062
6.90062
6.33069
6.48496
7.14505
1.87089
1.90782
6.72224
6.72224
7.10048
6.75404
7.27698
7.27698
7.22129
7.31967
7.31967
7.2454
7.35443
6.48744
6.10452
7.32439
6.2473
3.54794
3.58363
4.1881
4.1881
6.03205
6.15327
3.27795
3.19666
5.17526
5.17526
5.41372
6.507
7.32311
7.32311
7.21197
6.86019
6.99142
6.99142
6.92428
6.92428
6.99142
6.99142
4.78982
4.78982
6.99142
7.33022
6.99142
6.63992
7.37227
7.37227
5.95444
5.95444
7.26915
];
