ip_ml_18_rawChain_unified = zeros(500,3);
ip_ml_18_rawChain_unified = [3.0526324324489810e+01 1.1412993101247642e+00 1.8974601273080629e+00 
3.0526324324489810e+01 1.1412993101247642e+00 1.8974601273080629e+00 
3.5634183576507894e+01 1.0584295879265686e+00 1.6073856991138000e+00 
3.0682436081476830e+01 1.0103004897582222e+00 1.6248803366424296e+00 
3.0580058726952455e+01 1.0071272359177248e+00 1.6120862340509572e+00 
3.1935550756166759e+01 1.0297954612772529e+00 1.6436030807877093e+00 
3.9420550018694478e+01 1.1537016780702334e+00 1.7259540720832205e+00 
4.1383559228062012e+01 1.1326003144298158e+00 1.6957147438418867e+00 
3.2318261613068479e+01 9.6394679565972530e-01 1.5723220535529372e+00 
3.1989157744868880e+01 9.4306417997893599e-01 1.5309347576667320e+00 
3.2686183623339872e+01 9.7900164829779379e-01 1.5706271981907884e+00 
3.1828601696919435e+01 1.0117296597652135e+00 1.6272861787239821e+00 
4.0408495352486042e+01 1.1674342941010665e+00 1.7474458120985485e+00 
4.0538973273733660e+01 1.1703462848992010e+00 1.7450878404136045e+00 
4.0409323885854505e+01 1.1610390221233533e+00 1.7582088517051395e+00 
3.8231553820436289e+01 1.1304851713020738e+00 1.7256824269696174e+00 
3.7032604150852144e+01 1.0993878503119729e+00 1.7103434196509368e+00 
3.5600441044245663e+01 1.0356333588350053e+00 1.5695605873001972e+00 
3.0952725012904217e+01 9.3982463615191414e-01 1.4553191522325322e+00 
4.0663044727650572e+01 1.2448027464548324e+00 1.8806071493163543e+00 
4.6708337701306583e+01 1.2844433547138212e+00 1.8077500651025749e+00 
4.7467929824963122e+01 1.2999315272489274e+00 1.8174663519311429e+00 
4.8585164076731282e+01 1.2556214632959692e+00 1.7171670927761054e+00 
3.9780666131223207e+01 1.2106410643465293e+00 1.8377975175428298e+00 
4.0482926436158081e+01 1.2294246872511858e+00 1.7868755645343548e+00 
3.4272925427911311e+01 1.0891726690292840e+00 1.6499833173587009e+00 
2.5215798797036118e+01 6.1174735060593355e-01 9.0380996073296760e-01 
2.4808263830225815e+01 6.0145875051119857e-01 8.8544032437223175e-01 
2.2531264368421368e+01 5.6685584893164276e-01 9.2477848422580744e-01 
1.6337365105625370e+01 4.8602344612554405e-01 8.8120663766038176e-01 
1.5130819928269808e+01 4.6688564690159107e-01 8.8243860330619284e-01 
1.5130819928269808e+01 4.6688564690159107e-01 8.8243860330619284e-01 
1.5130819928269808e+01 4.6688564690159107e-01 8.8243860330619284e-01 
2.1674399325231171e+01 5.3234727417313099e-01 8.4502232744708894e-01 
2.1413987837516277e+01 5.1482890048978092e-01 8.0162075048882186e-01 
1.8621251191587131e+01 4.4959959590165999e-01 6.8052152456956261e-01 
1.8621251191587131e+01 4.4959959590165999e-01 6.8052152456956261e-01 
1.4628139643260795e+01 4.2145550168089335e-01 7.6499757575510441e-01 
1.1924330116659601e+01 5.3307411016925155e-01 1.4752599300216749e+00 
1.0648598410492694e+01 4.9364587400684573e-01 1.4101042433302684e+00 
1.0174439191560570e+01 4.8180784836939305e-01 1.3895528070465617e+00 
1.0174439191560570e+01 4.8180784836939305e-01 1.3895528070465617e+00 
1.0174439191560570e+01 4.8180784836939305e-01 1.3895528070465617e+00 
1.0103511345401666e+01 4.5792410588330057e-01 1.3597257505066445e+00 
1.0687092219076909e+01 4.5315212604649813e-01 1.3324805380345446e+00 
1.1438935946564452e+01 4.6869739480617029e-01 1.3533919918853521e+00 
1.2134849001715997e+01 4.9171824378813922e-01 1.3847866311067110e+00 
1.1632495820951357e+01 4.7658343069300602e-01 1.3591298132310301e+00 
1.3016384624669778e+01 4.9380907942446367e-01 1.3690141092170620e+00 
1.2775323832866322e+01 4.7314508152427631e-01 1.3294151803455061e+00 
1.3647862784058114e+01 5.2623873856003556e-01 1.4419449452827371e+00 
1.3647862784058114e+01 5.2623873856003556e-01 1.4419449452827371e+00 
1.3002071335531689e+01 5.4240140381772428e-01 1.4891580973199974e+00 
1.3002071335531689e+01 5.4240140381772428e-01 1.4891580973199974e+00 
1.1500754032525258e+01 5.2659370925889748e-01 1.4747456629664928e+00 
1.1680303443505872e+01 5.6655659687414595e-01 1.5347554681596676e+00 
1.4250415043822485e+01 6.1512618952793408e-01 1.5739466131239439e+00 
1.3423207257125268e+01 5.9217244297512428e-01 1.5272682282865799e+00 
1.2739814928761493e+01 5.6658635004983537e-01 1.5129206715029002e+00 
1.2739814928761493e+01 5.6658635004983537e-01 1.5129206715029002e+00 
1.2498740777541274e+01 5.5325187327246583e-01 1.4941706267661716e+00 
1.2498740777541274e+01 5.5325187327246583e-01 1.4941706267661716e+00 
1.2510080633199580e+01 5.3717240288348034e-01 1.5877283113017413e+00 
1.2912284272013476e+01 6.0356461786295434e-01 1.7256350887494314e+00 
1.2648823646098203e+01 5.9441288584356300e-01 1.7007294329890850e+00 
1.2438847604032235e+01 5.4349183538141699e-01 1.5098394071263450e+00 
1.2438847604032235e+01 5.4349183538141699e-01 1.5098394071263450e+00 
1.1322910516887720e+01 5.2538672503202755e-01 1.5071241831132618e+00 
1.2564307749497367e+01 5.4688869324365441e-01 1.5891896658314142e+00 
9.2120503128482341e+00 2.4068391602557718e-01 8.6244580505023971e-01 
9.2120503128482341e+00 2.4068391602557718e-01 8.6244580505023971e-01 
8.1013704313363810e+00 1.9256158770428725e-01 7.9146581855042786e-01 
8.1719653620681978e+00 1.9872722835653595e-01 7.8800115477257338e-01 
7.4471373799688685e+00 1.9929432933406357e-01 7.9377547418386118e-01 
7.4471373799688685e+00 1.9929432933406357e-01 7.9377547418386118e-01 
7.4471373799688685e+00 1.9929432933406357e-01 7.9377547418386118e-01 
1.3896600141022788e+01 4.7083802702975519e-01 1.2275490157125086e+00 
1.3701042109146512e+01 4.6566672938262554e-01 1.2333394435919558e+00 
1.3701042109146512e+01 4.6566672938262554e-01 1.2333394435919558e+00 
1.3124439800280477e+01 4.4762331708404257e-01 1.1917315851263888e+00 
1.4037294419984287e+01 5.1353501724567130e-01 1.2700841678586237e+00 
1.4037294419984287e+01 5.1353501724567130e-01 1.2700841678586237e+00 
1.4235091646994906e+01 5.1387115965801300e-01 1.2967684551396395e+00 
1.2873533518079737e+01 4.3541181289916620e-01 1.1715662457521820e+00 
1.2404298014319673e+01 4.0290525236332658e-01 1.1338214452941680e+00 
1.2417428724570625e+01 4.0884471222927987e-01 1.1360792997811695e+00 
1.1289612253500190e+01 3.7444830097299076e-01 1.0829951386205203e+00 
1.1491326786744814e+01 4.1562740310524948e-01 1.1697104604412116e+00 
9.4694461989728449e+00 3.8807964936098832e-01 1.1598388216301267e+00 
1.1876221965978704e+01 4.6784262640300478e-01 1.2824328104484932e+00 
1.2144902995777658e+01 4.9116198013437129e-01 1.3211093192809193e+00 
1.1586489556815456e+01 4.7586614076421402e-01 1.3044990220441566e+00 
1.1586489556815456e+01 4.7586614076421402e-01 1.3044990220441566e+00 
1.3349421083092334e+01 4.9289385516969159e-01 1.2741312764567545e+00 
1.3211887579882957e+01 4.9081723566010166e-01 1.2678268613037829e+00 
1.3211887579882957e+01 4.9081723566010166e-01 1.2678268613037829e+00 
1.3211887579882957e+01 4.9081723566010166e-01 1.2678268613037829e+00 
1.3211887579882957e+01 4.9081723566010166e-01 1.2678268613037829e+00 
1.2711005796095995e+01 4.6098944791890345e-01 1.2303262100497663e+00 
1.2967875640400305e+01 4.9332161904620592e-01 1.2391456824520568e+00 
1.2425640562591958e+01 5.4718555882465103e-01 1.3684860468117213e+00 
1.2868111473688289e+01 6.2825481569734842e-01 1.5796827277771670e+00 
1.3202848285428137e+01 6.4839292803043225e-01 1.6020553915605980e+00 
1.6111934822030424e+01 6.9895234744552104e-01 1.6629152399619480e+00 
1.5921128621736356e+01 7.0901508253534873e-01 1.6757196359415845e+00 
1.5921128621736356e+01 7.0901508253534873e-01 1.6757196359415845e+00 
1.4791807161907283e+01 6.7808726006639497e-01 1.6401812285512500e+00 
1.4851259764635531e+01 6.9488821902906839e-01 1.6883931127004659e+00 
3.2424411995093976e+01 1.1611820122269483e+00 1.8680117564717482e+00 
3.2424411995093976e+01 1.1611820122269483e+00 1.8680117564717482e+00 
3.2876875517500181e+01 1.1528927965371560e+00 1.8649436200358658e+00 
3.3209005642599543e+01 1.1522846900203034e+00 1.8674939231508378e+00 
3.5024025654965328e+01 1.1563367464828798e+00 1.7466114361578895e+00 
