ip_ml_16_rawLogLikelihood_unified = zeros(100,1);
ip_ml_16_rawLogLikelihood_unified = [4.13089
4.10171
4.2353
4.2353
3.83714
3.97223
3.04327
2.34519
2.72154
3.00712
3.19944
3.38734
3.38734
3.69674
3.24787
2.95764
3.6111
4.84176
2.68243
8.47875
7.5409
8.47875
5.96967
5.96967
5.96967
4.59558
6.2352
6.2352
3.6165
4.34774
3.17476
5.63665
5.61902
5.2731
4.14796
3.39089
5.75422
5.75422
5.79133
5.79133
5.70232
4.46303
5.18523
5.70164
5.92376
2.58116
1.55668
2.72975
2.23837
1.01317
2.10719
2.10719
2.34262
2.19291
1.70011
2.49556
2.97006
4.83358
9.93515
9.93515
9.93515
9.93515
6.33327
6.34329
6.34329
5.98335
6.4506
4.32972
7.42831
7.42831
6.91731
6.91731
11.0432
11.5708
11.5708
10.9531
10.5809
11.3228
11.6563
10.9531
6.48804
5.15607
9.24909
9.43331
8.50906
8.50906
8.50906
7.8385
6.92268
6.705
6.705
7.16377
6.85032
9.4142
7.53528
7.53528
8.83887
8.83887
9.17487
9.4191
];
