ip_ml_0_rawLogLikelihood_unified = zeros(100,1);
ip_ml_0_rawLogLikelihood_unified = [-717.433
-708.085
-632.41
-577.985
-719.647
-650.057
-719.403
-719.812
-714.71
-717.477
-685.603
-719.67
-323.231
-583.525
-718.692
-705.638
-285.315
-718.32
-668.636
-602.729
-701.399
-537.86
-491.012
-699.877
-714.31
-452.412
-719.244
-708.954
-670.702
-710.845
-718.861
-701.929
-704.85
-640.856
-719.8
-10.5415
-680.488
-717.186
-716.269
-486.061
-452.161
-7.93722
-219.266
-705.837
-677.249
-697.863
-718.596
-378.545
-719.69
-709.23
-718.83
-571.736
-717.037
-718.617
-572.779
-719.005
-569.882
-645.334
-90.9481
-707.83
-719.567
-715.171
-283.036
-54.5064
-717.292
-716.516
-608.336
-706.093
-298.733
-710.865
-718.272
-710.44
-545.87
-719.396
-671.225
4.35597
-505.082
-714.835
-717.729
-719.475
-179.49
-719.781
-461.011
-719.774
-2354.47
-715.155
-718.195
-715.241
-718.481
-278.072
-714.027
-718.393
-50.9391
-719.625
-719.041
-588.811
-459.068
-686.095
-719.423
-2305.48
];
