ip_ml_13_rawLogLikelihood_unified = zeros(100,1);
ip_ml_13_rawLogLikelihood_unified = [1.27811
1.96501
1.66026
0.5463
1.48446
2.22454
1.51042
1.45297
1.45297
1.87039
1.53781
1.58779
0.522116
0.522116
0.522116
0.836669
0.836669
1.18691
0.915512
1.48203
1.48203
1.03733
1.89528
4.81559
2.38488
2.18369
1.14218
1.96061
1.96061
1.9694
1.21546
1.21546
1.4963
1.4963
1.36373
3.19969
1.77279
3.19969
2.12367
2.88165
3.19969
3.19969
3.19969
2.85099
3.27285
3.36101
0.977003
0.977003
1.2414
1.42932
1.46931
0.724385
1.52028
1.47511
1.80316
1.28473
0.333495
0.333495
1.21918
1.31489
1.16421
0.998364
0.998364
1.36933
1.03142
-4.78979
1.99962
1.99962
0.933832
0.933832
0.912849
1.4831
1.47213
1.62886
-0.253252
1.67492
1.87043
2.01099
3.29006
3.29006
3.29006
2.68758
5.41358
3.28044
3.50464
2.02838
3.72066
3.72066
3.72066
3.72066
1.95937
1.95937
4.70122
3.36431
3.36431
2.73605
4.16321
4.16321
4.16321
0.362462
];
