ip_ml_15_rawLogTarget_unified = zeros(100,1);
ip_ml_15_rawLogTarget_unified = [9.53857
8.62057
10.9837
10.9837
10.6577
10.7254
9.81359
8.96108
9.23325
10.2712
10.2712
9.75255
10.2709
10.2709
10.2709
10.2709
10.8467
9.56762
14.4629
14.4629
12.3439
12.5681
12.5681
10.6402
10.9741
9.72848
10.5769
9.75399
10.1567
12.1932
12.1595
12.1595
11.5308
11.057
10.5484
10.8053
12.1619
10.9492
12.1932
12.1932
12.1932
12.1932
12.1175
12.3051
12.3051
12.4309
11.6988
12.4399
9.48704
9.52555
9.40286
9.73822
9.73822
9.653
9.66523
9.45676
9.19309
9.0818
9.0818
8.82263
8.71709
9.06971
9.39534
9.81053
11.3321
11.3844
15.6929
15.1747
12.6594
12.6594
12.6594
12.6594
11.7966
11.7966
13.5758
13.5758
12.9896
16.5527
16.5527
16.5527
16.5527
12.7817
12.7817
10.2973
14.4885
14.4885
14.4885
14.4885
12.4449
12.4449
12.4449
12.4449
12.4449
14.689
13.6661
13.6661
14.767
14.0836
15.0508
15.0508
];
