ip_ml_10_rawChain_unified = zeros(100,3);
ip_ml_10_rawChain_unified = [4.0372058548297346e+01 1.0318298074597809e+00 1.5496665350482228e+00 
4.2041216580958327e+01 1.2126532797990424e+00 1.6638933872090365e+00 
4.2041216580958327e+01 1.2126532797990424e+00 1.6638933872090365e+00 
2.7141345645484442e+01 7.9183975104705906e-01 1.3881039397839592e+00 
2.7141345645484442e+01 7.9183975104705906e-01 1.3881039397839592e+00 
9.0213404758524661e+01 1.5371823035119223e+00 1.8294644643718541e+00 
9.0213404758524661e+01 1.5371823035119223e+00 1.8294644643718541e+00 
8.0802708353319701e+01 1.6245831643672426e+00 1.9071695973644645e+00 
8.0802708353319701e+01 1.6245831643672426e+00 1.9071695973644645e+00 
8.0802708353319701e+01 1.6245831643672426e+00 1.9071695973644645e+00 
8.0802708353319701e+01 1.6245831643672426e+00 1.9071695973644645e+00 
3.7706073384032713e+01 1.2118910157730787e+00 1.7108056176137845e+00 
5.6037494533154458e+01 1.0996824359276431e+00 1.3640235727345966e+00 
4.7544335975997761e+01 9.6477731159517865e-01 1.2743667162847516e+00 
5.2520083516437353e+01 1.2975691488133723e+00 1.7552566107481029e+00 
8.3291220727099741e+01 1.5352903124612680e+00 1.8601921736164757e+00 
5.4883317480711256e+01 9.2992054128992696e-01 1.1161016742612706e+00 
4.9962002235116799e+01 9.6971071847774337e-01 1.2492749840778803e+00 
3.8366507040894440e+01 8.9714123424198200e-01 1.1643320882606956e+00 
4.8575502906336965e+01 1.3258556098906205e+00 1.9526971268813551e+00 
1.7160421370347382e+01 6.2524812367783944e-01 1.5839680100646951e+00 
1.7160421370347382e+01 6.2524812367783944e-01 1.5839680100646951e+00 
1.7160421370347382e+01 6.2524812367783944e-01 1.5839680100646951e+00 
4.5027889576963119e+01 8.5047283680446295e-01 1.1159983734913232e+00 
4.5027889576963119e+01 8.5047283680446295e-01 1.1159983734913232e+00 
5.4115967220613477e+01 1.0086454227499764e+00 1.2894419852311463e+00 
4.8474137344882607e+01 9.0979672529488820e-01 1.1089151509134518e+00 
4.5027889576963119e+01 8.5047283680446295e-01 1.1159983734913232e+00 
3.0767471721055610e+01 5.8297738143522770e-01 7.1446574941050622e-01 
6.9514761654858049e+01 7.8749151411724139e-01 8.2351834929684886e-01 
6.0262340433567765e+01 1.5410553834114202e+00 1.8999788798881476e+00 
5.6467171108356901e+01 1.5539325982551346e+00 1.9521275474058413e+00 
5.6534617519011100e+01 1.4095406597315627e+00 1.8104350391847162e+00 
1.6913384176130322e+01 6.8669279673116135e-01 1.6689425022348949e+00 
1.6913384176130322e+01 6.8669279673116135e-01 1.6689425022348949e+00 
1.6913384176130322e+01 6.8669279673116135e-01 1.6689425022348949e+00 
3.0769052961577685e+01 8.7692165008784462e-01 1.6029398429907631e+00 
1.0975626567011993e+01 8.5137741548940882e-01 1.9862135178402536e+00 
4.4092066791844147e+01 7.4441774083501955e-01 1.0224903745293057e+00 
3.2445998926833035e+01 1.0306876832798688e+00 1.7220903658212614e+00 
3.2445998926833035e+01 1.0306876832798688e+00 1.7220903658212614e+00 
3.2445998926833035e+01 1.0306876832798688e+00 1.7220903658212614e+00 
1.9039901193652490e+01 8.5272638842739701e-01 1.7417654852432993e+00 
1.9039901193652490e+01 8.5272638842739701e-01 1.7417654852432993e+00 
5.9711584382672584e+01 1.0853964354358916e+00 1.4392740565173623e+00 
5.3604691682161459e+01 1.1130152607068045e+00 1.5480838213163204e+00 
3.8040137411309814e+01 1.0373307514434187e+00 1.3555764371909591e+00 
3.8379380388246211e+01 1.2856563468144500e+00 1.7776959049538801e+00 
4.0728975538785356e+01 1.3194039219374600e+00 1.9004265493119452e+00 
5.0773644354693857e+01 7.2600068790536654e-01 6.9056942926403286e-01 
5.0773644354693857e+01 7.2600068790536654e-01 6.9056942926403286e-01 
6.9340948839139315e+01 1.5361102774356683e+00 1.9499921400595630e+00 
9.6363837217204221e+01 1.3470967840305805e+00 1.6446903497361549e+00 
5.0299469840053384e+01 7.9549500926879246e-01 1.0683097396191776e+00 
9.1648458282872156e+01 1.0902612719003466e+00 1.2624558687068639e+00 
7.0240095662227873e+01 1.4250596999728580e+00 1.9649707328393129e+00 
7.0240095662227873e+01 1.4250596999728580e+00 1.9649707328393129e+00 
8.1896463775133753e+01 1.4995129534779208e+00 1.9249906386205828e+00 
8.1896463775133753e+01 1.4995129534779208e+00 1.9249906386205828e+00 
6.0957446936878199e+01 8.5675105386873218e-01 1.1763642287099174e+00 
8.4684426914956248e+01 1.2758376898886419e+00 1.4566632962065951e+00 
8.2462536470600853e+01 8.7033083731067373e-01 9.5123851094750278e-01 
9.0264609999887384e+01 1.4006281686378974e+00 1.6494245449370384e+00 
8.1794827095222175e+01 1.2702283500365614e+00 1.4126875914115049e+00 
7.1829404441682286e+01 1.1240186527033107e+00 1.4597660016616689e+00 
6.3051466259795561e+01 1.0145628695036257e+00 1.3110741217469450e+00 
5.2875447249828660e+01 8.9152667633114557e-01 1.3279889136758962e+00 
5.2875447249828660e+01 8.9152667633114557e-01 1.3279889136758962e+00 
6.9835364765311937e+01 8.3947544159633969e-01 1.1298281757005384e+00 
6.9611013176973074e+01 7.6400487611455081e-01 6.8128113079450026e-01 
6.9611013176973074e+01 7.6400487611455081e-01 6.8128113079450026e-01 
4.4204675763751709e+01 7.7783058361457869e-01 9.3592082574208646e-01 
4.4204675763751709e+01 7.7783058361457869e-01 9.3592082574208646e-01 
5.1266627823302422e+01 1.3437057597615225e+00 1.8145164793026132e+00 
5.1266627823302422e+01 1.3437057597615225e+00 1.8145164793026132e+00 
7.7855494082606526e+01 1.5427486659010778e+00 1.8687694541055051e+00 
7.7855494082606526e+01 1.5427486659010778e+00 1.8687694541055051e+00 
7.7331742910236031e+01 1.5771875963876276e+00 1.9644467963602077e+00 
6.5975603356932410e+01 1.0426299051540509e+00 1.4361048046692080e+00 
8.8865163475525634e+01 1.4186688375304475e+00 1.5943438917617883e+00 
9.1640315957993252e+01 1.3785417371177919e+00 1.5605843172437814e+00 
2.0043008939602714e+01 4.1002275241093245e-01 6.1400547858893872e-01 
2.0043008939602714e+01 4.1002275241093245e-01 6.1400547858893872e-01 
1.0603486623862640e+01 3.0179172843817370e-01 5.0406072261253998e-01 
1.0603486623862640e+01 3.0179172843817370e-01 5.0406072261253998e-01 
2.4042759479394178e+01 8.6263401962877007e-01 1.3995286911249667e+00 
2.4042759479394178e+01 8.6263401962877007e-01 1.3995286911249667e+00 
2.4042759479394178e+01 8.6263401962877007e-01 1.3995286911249667e+00 
3.5627592668180455e+01 8.9092111573945110e-01 1.5073338046042948e+00 
3.8649077992033909e+01 9.2265651924972125e-01 1.4937996081534615e+00 
1.0458290461926225e+01 3.9732000151764951e-01 9.2988710823602183e-01 
1.0458290461926225e+01 3.9732000151764951e-01 9.2988710823602183e-01 
1.0458290461926225e+01 3.9732000151764951e-01 9.2988710823602183e-01 
1.0458290461926225e+01 3.9732000151764951e-01 9.2988710823602183e-01 
2.2652014163637229e+01 7.5786350223914656e-01 1.2418273717466926e+00 
2.2652014163637229e+01 7.5786350223914656e-01 1.2418273717466926e+00 
1.2198629359684091e+01 3.7162324999865037e-01 7.3198250402811393e-01 
1.2198629359684091e+01 3.7162324999865037e-01 7.3198250402811393e-01 
1.2198629359684091e+01 3.7162324999865037e-01 7.3198250402811393e-01 
1.4099713328638558e+01 6.1559071303674662e-01 1.3255717708167181e+00 
];
