ip_ml_3_rawLogLikelihood_unified = zeros(100,1);
ip_ml_3_rawLogLikelihood_unified = [-2.96362
-2.97957
-2.97217
-2.34295
-2.97339
-2.93736
-2.95618
-0.136463
0.0152299
-0.148344
-0.232322
-2.19238
-0.980593
-0.980593
-2.85419
-2.85419
-1.84932
-0.0335795
-0.609974
-0.609974
-0.349213
-1.51752
-0.579473
-1.87406
-0.103426
-0.103426
-0.0158677
-0.0158677
-0.0158677
-0.0819101
-0.0819101
-0.0819101
-0.0158677
-0.0158677
-2.96692
-2.87687
-2.94666
-2.968
-2.82549
-0.202562
-0.202562
-0.202562
-0.0506692
-0.0506692
-2.42089
-2.98279
-2.95072
-2.954
-2.87831
-2.87831
-2.59149
-2.98319
-2.95373
-0.318545
-0.318545
-0.00154085
-0.00154085
-2.96415
-2.95756
-0.362856
-2.97234
-2.9651
-2.96842
-2.98019
-2.96749
-0.628776
-0.628776
-0.628776
-0.57942
-2.76161
-2.42333
-2.06213
-1.44713
-1.44713
-1.44713
-2.97364
-0.697654
-0.697654
-0.697654
-1.47871
-1.47871
-1.47871
-1.2577
-0.743925
-0.743925
-0.743925
-0.743925
-2.97601
-2.98311
-2.6805
-2.90915
-2.1699
-0.170687
-0.170687
-0.170687
-2.98304
-0.026598
-0.026598
-2.89509
-1.18651
];
