ip_ml_4_rawLogTarget_unified = zeros(100,1);
ip_ml_4_rawLogTarget_unified = [3.2739
3.3042
7.31389
7.31318
7.32276
7.10161
6.98808
6.98808
3.87078
3.99745
4.71008
7.18368
5.52817
6.10688
7.25677
6.13134
6.47751
7.08823
7.23133
7.04703
6.51874
6.51874
7.16234
7.16234
7.28072
7.28072
7.28072
7.28072
7.03724
7.03724
7.19143
6.17919
7.19143
7.19143
6.50397
7.28072
7.15882
7.15882
7.15882
3.30787
7.00397
6.70111
3.98249
6.77483
6.77483
6.77483
4.02921
3.26886
3.41583
3.32129
3.36148
5.20013
3.27635
3.28411
3.29628
6.87151
6.87151
7.29314
7.29314
7.29314
7.30009
6.69714
3.28233
3.28349
3.26928
7.22929
6.51881
6.51881
4.02592
4.51425
5.15895
4.54075
4.54075
3.28192
6.97852
6.97852
6.35897
5.11575
5.30301
5.30301
5.6018
6.29641
5.54917
6.82066
6.29641
6.98709
6.98709
7.07141
7.07141
7.07141
7.07141
7.07141
6.68383
7.07141
7.07141
6.81038
6.81038
5.10364
6.30133
6.30133
];
