ip_ml_17_rawChain_unified = zeros(100,3);
ip_ml_17_rawChain_unified = [3.0526324324489810e+01 1.1412993101247642e+00 1.8974601273080629e+00 
3.6028365228273266e+01 9.5723634358401566e-01 1.4238481060333656e+00 
4.1532245783200409e+01 1.1826607146858301e+00 1.7597222369757450e+00 
4.1532245783200409e+01 1.1826607146858301e+00 1.7597222369757450e+00 
3.9586550532049095e+01 1.2085336277314584e+00 1.7782424999855768e+00 
3.4394488329607860e+01 1.0069565614713654e+00 1.5424377128288318e+00 
2.5317172349107231e+01 6.2694471267388630e-01 9.3160245616402537e-01 
2.3538175569852488e+01 6.1665762390897061e-01 9.5709005213655207e-01 
2.0722653382603696e+01 5.4633997117029398e-01 8.5500432633947432e-01 
1.1500754032525258e+01 5.2659370925889748e-01 1.4747456629664928e+00 
1.1490203480074875e+01 4.8047112849215934e-01 1.3786803285085358e+00 
1.3554185357203504e+01 5.2758642750950868e-01 1.4388567557825249e+00 
1.1500754032525258e+01 5.2659370925889748e-01 1.4747456629664928e+00 
1.3128271908163434e+01 5.5820228725136256e-01 1.5418622455461608e+00 
1.3128271908163434e+01 5.5820228725136256e-01 1.5418622455461608e+00 
1.3108375027073164e+01 5.5384550398899868e-01 1.5275442689761176e+00 
1.3896600141022788e+01 4.7083802702975519e-01 1.2275490157125086e+00 
1.3896600141022788e+01 4.7083802702975519e-01 1.2275490157125086e+00 
1.3896600141022788e+01 4.7083802702975519e-01 1.2275490157125086e+00 
1.3349421083092334e+01 4.9289385516969159e-01 1.2741312764567545e+00 
1.3349421083092334e+01 4.9289385516969159e-01 1.2741312764567545e+00 
1.2425640562591958e+01 5.4718555882465103e-01 1.3684860468117213e+00 
1.2868111473688289e+01 6.2825481569734842e-01 1.5796827277771670e+00 
3.3587794210461510e+01 1.0905479467229369e+00 1.6629873706455165e+00 
3.5024025654965328e+01 1.1563367464828798e+00 1.7466114361578895e+00 
1.9924339478588944e+01 8.1806333162587741e-01 1.6723582512638162e+00 
1.7163606641494546e+01 8.3591862926598026e-01 1.8111394639605141e+00 
1.7163606641494546e+01 8.3591862926598026e-01 1.8111394639605141e+00 
1.8315685363257742e+01 8.1313621653645296e-01 1.7334294594373185e+00 
1.9317513271508925e+01 9.0114976614694586e-01 1.8238143050299938e+00 
1.9039901193652490e+01 8.5272638842739701e-01 1.7417654852432993e+00 
2.0431127648645617e+01 8.0982596385722538e-01 1.6468476611006388e+00 
1.9922329455912479e+01 8.5335171601522353e-01 1.7140238153440990e+00 
1.9922329455912479e+01 8.5335171601522353e-01 1.7140238153440990e+00 
1.9852037212454618e+01 8.6665697431572919e-01 1.7718964654439862e+00 
1.6357141000094906e+01 8.1615344124964995e-01 1.7595561614736355e+00 
1.8827916192068095e+01 9.1576184547740769e-01 1.9054760416865451e+00 
5.9276697665961827e+01 8.7451213715754772e-01 1.0313676984834743e+00 
3.6489137607599446e+01 1.0528758243111447e+00 1.6569897045748965e+00 
3.6489137607599446e+01 1.0528758243111447e+00 1.6569897045748965e+00 
3.6253855436856071e+01 1.0100784815053965e+00 1.5817851188411609e+00 
3.6193763799612896e+01 1.0859146585377777e+00 1.7149362258919560e+00 
9.6535131224572751e+01 1.4269730768141564e+00 1.7324024664505404e+00 
9.0658698330240327e+01 1.3586444748767947e+00 1.6787700424828202e+00 
3.6170993483843702e+01 6.9918661067804955e-01 9.7347840760564042e-01 
1.1671890252134379e+01 3.9812714398962951e-01 1.0294647388295302e+00 
9.6927927737127035e+00 3.1463583085322439e-01 9.2090838266308450e-01 
1.1671890252134379e+01 3.9812714398962951e-01 1.0294647388295302e+00 
1.1671890252134379e+01 3.9812714398962951e-01 1.0294647388295302e+00 
1.7665738375197783e+01 5.5714650483698935e-01 1.0953426101556278e+00 
1.7665738375197783e+01 5.5714650483698935e-01 1.0953426101556278e+00 
1.8450641361913469e+01 5.8804248942732462e-01 1.1408061223144770e+00 
1.8442370728147946e+01 5.6208133684743655e-01 1.0592132674946066e+00 
2.6179765209614441e+01 6.9568051660767327e-01 1.1623337554211819e+00 
1.6055338072676992e+01 4.3801201860316208e-01 7.9257095399885302e-01 
1.6055338072676992e+01 4.3801201860316208e-01 7.9257095399885302e-01 
1.6055338072676992e+01 4.3801201860316208e-01 7.9257095399885302e-01 
1.6055338072676992e+01 4.3801201860316208e-01 7.9257095399885302e-01 
1.6377193928298460e+01 4.7400461201859750e-01 9.1965032915219547e-01 
1.4323094066779198e+01 4.4536126051777331e-01 8.8260725779500104e-01 
1.0801838908042646e+01 2.8939660159157071e-01 7.3576691412083828e-01 
1.0801838908042646e+01 2.8939660159157071e-01 7.3576691412083828e-01 
1.0801838908042646e+01 2.8939660159157071e-01 7.3576691412083828e-01 
1.0801838908042646e+01 2.8939660159157071e-01 7.3576691412083828e-01 
9.9747146496204309e+00 2.9055438219856422e-01 7.4953854078478999e-01 
1.1900591181865975e+01 3.1038690435238248e-01 7.6909956803780566e-01 
1.0161680575576963e+01 2.8367962484667736e-01 7.5365360955364891e-01 
9.1583407346651828e+00 2.5738767227746284e-01 6.4630861360557657e-01 
9.6935245063662041e+00 2.3928171741671722e-01 6.2830348230623467e-01 
9.6935245063662041e+00 2.3928171741671722e-01 6.2830348230623467e-01 
9.2256493854624271e+00 2.6237325533923822e-01 6.8201624073240397e-01 
9.4525126400264092e+00 2.8096301160657017e-01 7.3126803497966342e-01 
8.4876920805952238e+00 2.2984284042680547e-01 6.7082835980610389e-01 
1.8356490024139603e+01 4.9255933202332308e-01 8.4949391701076982e-01 
1.5821646591599571e+01 4.5486614318356500e-01 7.5938791599983790e-01 
1.2246574685983182e+01 3.3123681662214771e-01 6.3673672955474514e-01 
1.4096502064548655e+01 3.8079688741129702e-01 7.3871520737515817e-01 
1.4096502064548655e+01 3.8079688741129702e-01 7.3871520737515817e-01 
1.4096502064548655e+01 3.8079688741129702e-01 7.3871520737515817e-01 
1.4096502064548655e+01 3.8079688741129702e-01 7.3871520737515817e-01 
1.4096502064548655e+01 3.8079688741129702e-01 7.3871520737515817e-01 
1.0249841906466287e+01 2.2507257339512776e-01 5.2735288569347716e-01 
1.2452025192779866e+01 3.3925220501611852e-01 6.5495848283091262e-01 
1.4313909453848547e+01 3.7832834544774752e-01 6.7028562812193115e-01 
1.2352088662946294e+01 3.6486251250170060e-01 6.7686827782665215e-01 
1.2565482863766189e+01 3.8318421065485875e-01 7.4825034670931478e-01 
1.6653381223659920e+01 4.2348919539544705e-01 7.1732297555852798e-01 
1.7086193105169798e+01 4.2107152004061155e-01 6.9689572340285466e-01 
1.7086193105169798e+01 4.2107152004061155e-01 6.9689572340285466e-01 
1.7086193105169798e+01 4.2107152004061155e-01 6.9689572340285466e-01 
1.2802156565336810e+01 3.2231337125904369e-01 5.6410312194645351e-01 
1.4395364990917830e+01 4.1376224711751541e-01 7.6596086371086070e-01 
1.4395364990917830e+01 4.1376224711751541e-01 7.6596086371086070e-01 
1.4395364990917830e+01 4.1376224711751541e-01 7.6596086371086070e-01 
1.4395364990917830e+01 4.1376224711751541e-01 7.6596086371086070e-01 
1.3547870233214901e+01 3.5445902428996684e-01 6.8762828505022677e-01 
1.3547870233214901e+01 3.5445902428996684e-01 6.8762828505022677e-01 
1.2485814217640103e+01 3.2312839996879311e-01 5.6394404315243107e-01 
1.2828394895001333e+01 3.1152050905873996e-01 5.6347980907721140e-01 
1.2257277002533641e+01 3.0761031273823919e-01 5.8582517224300701e-01 
];
