ip_ml_last_filtChain_unified = zeros(250,3);
ip_ml_last_filtChain_unified = [3.0526324324489810e+01 1.1412993101247642e+00 1.8974601273080629e+00 
3.5634183576507894e+01 1.0584295879265686e+00 1.6073856991138000e+00 
3.0580058726952455e+01 1.0071272359177248e+00 1.6120862340509572e+00 
3.9420550018694478e+01 1.1537016780702334e+00 1.7259540720832205e+00 
3.2318261613068479e+01 9.6394679565972530e-01 1.5723220535529372e+00 
3.2686183623339872e+01 9.7900164829779379e-01 1.5706271981907884e+00 
4.0408495352486042e+01 1.1674342941010665e+00 1.7474458120985485e+00 
4.0409323885854505e+01 1.1610390221233533e+00 1.7582088517051395e+00 
3.7032604150852144e+01 1.0993878503119729e+00 1.7103434196509368e+00 
3.0952725012904217e+01 9.3982463615191414e-01 1.4553191522325322e+00 
4.6708337701306583e+01 1.2844433547138212e+00 1.8077500651025749e+00 
4.8585164076731282e+01 1.2556214632959692e+00 1.7171670927761054e+00 
4.0482926436158081e+01 1.2294246872511858e+00 1.7868755645343548e+00 
2.5215798797036118e+01 6.1174735060593355e-01 9.0380996073296760e-01 
2.2531264368421368e+01 5.6685584893164276e-01 9.2477848422580744e-01 
1.5130819928269808e+01 4.6688564690159107e-01 8.8243860330619284e-01 
1.5130819928269808e+01 4.6688564690159107e-01 8.8243860330619284e-01 
2.1413987837516277e+01 5.1482890048978092e-01 8.0162075048882186e-01 
1.8621251191587131e+01 4.4959959590165999e-01 6.8052152456956261e-01 
1.1924330116659601e+01 5.3307411016925155e-01 1.4752599300216749e+00 
1.0174439191560570e+01 4.8180784836939305e-01 1.3895528070465617e+00 
1.0174439191560570e+01 4.8180784836939305e-01 1.3895528070465617e+00 
1.0687092219076909e+01 4.5315212604649813e-01 1.3324805380345446e+00 
1.2134849001715997e+01 4.9171824378813922e-01 1.3847866311067110e+00 
1.3016384624669778e+01 4.9380907942446367e-01 1.3690141092170620e+00 
1.3647862784058114e+01 5.2623873856003556e-01 1.4419449452827371e+00 
1.3002071335531689e+01 5.4240140381772428e-01 1.4891580973199974e+00 
1.1500754032525258e+01 5.2659370925889748e-01 1.4747456629664928e+00 
1.4250415043822485e+01 6.1512618952793408e-01 1.5739466131239439e+00 
1.2739814928761493e+01 5.6658635004983537e-01 1.5129206715029002e+00 
1.2498740777541274e+01 5.5325187327246583e-01 1.4941706267661716e+00 
1.2510080633199580e+01 5.3717240288348034e-01 1.5877283113017413e+00 
1.2648823646098203e+01 5.9441288584356300e-01 1.7007294329890850e+00 
1.2438847604032235e+01 5.4349183538141699e-01 1.5098394071263450e+00 
1.2564307749497367e+01 5.4688869324365441e-01 1.5891896658314142e+00 
9.2120503128482341e+00 2.4068391602557718e-01 8.6244580505023971e-01 
8.1719653620681978e+00 1.9872722835653595e-01 7.8800115477257338e-01 
7.4471373799688685e+00 1.9929432933406357e-01 7.9377547418386118e-01 
1.3896600141022788e+01 4.7083802702975519e-01 1.2275490157125086e+00 
1.3701042109146512e+01 4.6566672938262554e-01 1.2333394435919558e+00 
1.4037294419984287e+01 5.1353501724567130e-01 1.2700841678586237e+00 
1.4235091646994906e+01 5.1387115965801300e-01 1.2967684551396395e+00 
1.2404298014319673e+01 4.0290525236332658e-01 1.1338214452941680e+00 
1.1289612253500190e+01 3.7444830097299076e-01 1.0829951386205203e+00 
9.4694461989728449e+00 3.8807964936098832e-01 1.1598388216301267e+00 
1.2144902995777658e+01 4.9116198013437129e-01 1.3211093192809193e+00 
1.1586489556815456e+01 4.7586614076421402e-01 1.3044990220441566e+00 
1.3211887579882957e+01 4.9081723566010166e-01 1.2678268613037829e+00 
1.3211887579882957e+01 4.9081723566010166e-01 1.2678268613037829e+00 
1.2711005796095995e+01 4.6098944791890345e-01 1.2303262100497663e+00 
1.2425640562591958e+01 5.4718555882465103e-01 1.3684860468117213e+00 
1.3202848285428137e+01 6.4839292803043225e-01 1.6020553915605980e+00 
1.5921128621736356e+01 7.0901508253534873e-01 1.6757196359415845e+00 
1.4791807161907283e+01 6.7808726006639497e-01 1.6401812285512500e+00 
3.2424411995093976e+01 1.1611820122269483e+00 1.8680117564717482e+00 
3.2876875517500181e+01 1.1528927965371560e+00 1.8649436200358658e+00 
3.5024025654965328e+01 1.1563367464828798e+00 1.7466114361578895e+00 
1.4994994922598341e+01 7.2080023178959673e-01 1.5389841260880990e+00 
2.0366416382041869e+01 7.8991673793799955e-01 1.6429628177792197e+00 
1.6452300701564301e+01 7.3884003125731501e-01 1.6077944153998320e+00 
1.6508663423904643e+01 8.4280767038777926e-01 1.8447275332155328e+00 
1.6508663423904643e+01 8.4280767038777926e-01 1.8447275332155328e+00 
1.5742341352414426e+01 8.3204245094554241e-01 1.8586584808872446e+00 
1.7163606641494546e+01 8.3591862926598026e-01 1.8111394639605141e+00 
1.7462453284459134e+01 8.6357299701699075e-01 1.8684294281380114e+00 
1.7462453284459134e+01 8.6357299701699075e-01 1.8684294281380114e+00 
1.8315685363257742e+01 8.1313621653645296e-01 1.7334294594373185e+00 
1.7692807149973035e+01 7.9808093779292466e-01 1.7074129039299628e+00 
1.8880282689520747e+01 8.8007275722842937e-01 1.7933472661945842e+00 
1.9967315786880420e+01 8.6990167560457032e-01 1.7868885755757276e+00 
2.4015533314249325e+01 9.2555306167949769e-01 1.6838534065843400e+00 
1.8654505227946210e+01 8.2903133908001170e-01 1.7087823041541346e+00 
2.0431127648645617e+01 8.0982596385722538e-01 1.6468476611006388e+00 
2.0159761610571863e+01 8.6894966306562582e-01 1.7726048809889905e+00 
1.8360053743140746e+01 8.1811101183716495e-01 1.6748058953422333e+00 
1.9296243177094219e+01 8.3888190277044672e-01 1.6926712536389295e+00 
1.9816722764254536e+01 8.5716358655656855e-01 1.7394393195746252e+00 
1.8753107158983713e+01 8.4051152854103184e-01 1.7459300526209685e+00 
1.7674896340756099e+01 8.1109929772498501e-01 1.7303786727391293e+00 
1.8547640931152024e+01 8.7389499324257403e-01 1.8403039974268276e+00 
2.0580269093123260e+01 9.3049060034319431e-01 1.9130260463680830e+00 
5.8142843553110126e+01 8.6674309781824699e-01 1.0167727316160606e+00 
4.9291738985586875e+01 7.8575400831132325e-01 1.0054786592784337e+00 
5.3110776119608559e+01 6.3761508368995268e-01 6.0240123417896951e-01 
3.9738951332709895e+01 1.0705536867336123e+00 1.6256022468604681e+00 
4.0633914541386815e+01 1.0901983350409077e+00 1.6441347360747565e+00 
3.2513882651990585e+01 9.7825255079093276e-01 1.5678887764471878e+00 
3.8208811761958387e+01 9.6790277923699397e-01 1.4211523570665334e+00 
3.6067644717999521e+01 9.5855103661160457e-01 1.4981078674453372e+00 
3.4250150785248273e+01 1.0533395513310855e+00 1.7158348642108083e+00 
3.2333809384030992e+01 9.7107916365541669e-01 1.4929571872580254e+00 
2.3155464960312472e+01 8.1633161539672316e-01 1.3765396163748231e+00 
3.5582730396077366e+01 1.0533496337959600e+00 1.6438435713592328e+00 
3.6999550218002895e+01 1.0684137085153014e+00 1.6777545827854501e+00 
9.0658698330240327e+01 1.3586444748767947e+00 1.6787700424828202e+00 
4.4322521629739889e+01 9.0108447687660331e-01 1.2393711790401227e+00 
4.0139835802620759e+01 8.3257017606394723e-01 1.0461267192017263e+00 
1.2706292686861936e+01 4.2544987683231222e-01 1.0559747483194848e+00 
1.2706292686861936e+01 4.2544987683231222e-01 1.0559747483194848e+00 
1.2683703439807632e+01 4.1532296254866252e-01 1.0536957301340280e+00 
9.6927927737127035e+00 3.1463583085322439e-01 9.2090838266308450e-01 
9.8701007964492788e+00 3.2029049247557190e-01 9.6453239179718331e-01 
1.0299658767026987e+01 3.1830246431847037e-01 9.6049151655443710e-01 
9.8214402175349704e+00 3.0757463576333138e-01 9.6385540642019973e-01 
8.7064989291360853e+00 2.5056367991047929e-01 7.7903736607037599e-01 
8.9839172299334358e+00 2.7693823286999736e-01 7.4546904003680270e-01 
9.0403330630114258e+00 2.9913341927188286e-01 8.5063926538514723e-01 
9.9040200912425007e+00 3.2862689179962656e-01 9.4774196241748354e-01 
1.0668727698042847e+01 3.4032416008129068e-01 9.5077553136272241e-01 
1.7396150100770324e+01 5.4884957037142723e-01 1.1016986340017738e+00 
1.7665738375197783e+01 5.5714650483698935e-01 1.0953426101556278e+00 
1.3243030515060745e+01 4.5782137090204977e-01 1.0237678063875322e+00 
1.8957568828200650e+01 6.0519087250144044e-01 1.1757495071995805e+00 
