ip_ml_17_rawLogLikelihood_unified = zeros(1000,1);
ip_ml_17_rawLogLikelihood_unified = [-152.241
-151.174
-149.104
-147.78
-147.78
-147.78
-147.78
-148.859
-149.671
-149.671
-148.859
-148.859
-148.859
-147.919
-147.919
-149.846
-148.859
-148.859
-148.859
-148.312
-148.859
-148.859
-149.537
-148.768
-148.768
-148.815
-148.815
-151.159
-151.159
-152.317
-151.278
-150.815
-150.815
-151.448
-153.299
-149.076
-149.375
-149.375
-149.375
-147.788
-148.2
-149.506
-149.276
-149.506
-149.506
-154.095
-152.728
-153.443
-153.608
-151.114
-151.906
-152
-149.108
-149.108
-149.367
-149.111
-148.706
-147.947
-148.706
-148.706
-148.706
-150.969
-148.502
-148.502
-148.502
-149.62
-147.978
-151.652
-151.652
-147.58
-147.58
-147.58
-147.58
-147.58
-147.631
-147.631
-147.631
-147.631
-147.631
-147.631
-147.631
-147.631
-147.631
-147.892
-147.892
-149.072
-149.072
-149.661
-149.661
-149.622
-154.931
-152.378
-152.378
-148.289
-151.766
-148.978
-148.048
-150.625
-150.93
-150.625
-148.733
-148.733
-150.548
-148.323
-148.323
-150.108
-150.108
-152.251
-152.32
-152.32
-155.999
-154.652
-150.863
-150.259
-151.21
-150.871
-151.239
-151.239
-153.2
-151.76
-150.843
-151.597
-149.361
-149.145
-151.788
-148.124
-151.61
-151.479
-149.593
-153.26
-153.26
-153.285
-152.431
-151.159
-151.159
-151.393
-148.439
-148.439
-151.094
-151.159
-149.764
-149.764
-151.159
-151.383
-148.68
-149.425
-149.601
-148.449
-147.972
-152.719
-152.719
-149.997
-148.633
-148.633
-148.92
-148.92
-148.92
-152.118
-152.118
-149.937
-152.239
-152.239
-148.806
-149.082
-148.806
-148.828
-148.828
-148.021
-148.828
-147.923
-153.361
-153.361
-154.144
-153.566
-155.924
-151.21
-149.937
-151.344
-151.388
-151.159
-152.397
-151.159
-151.159
-149.574
-149.574
-150.444
-151.132
-150.445
-150.356
-148.134
-150.663
-150.663
-150.663
-148.22
-150.663
-150.663
-150.663
-151.93
-151.93
-150.223
-151.493
-150.976
-149.209
-148.403
-148.403
-148.936
-148.936
-148.357
-150.456
-150.456
-150.456
-150.456
-150.456
-150.456
-150.456
-147.648
-149.908
-155.435
-147.943
-147.717
-147.736
-149.631
-149.631
-150.899
-150.899
-148.359
-148.359
-150.899
-148.492
-151.159
-151.159
-150.985
-150.985
-150.985
-150.387
-151.245
-149.866
-150.038
-152.365
-155.456
-151.22
-148.293
-148.293
-148.441
-148.441
-148.452
-148.452
-147.633
-147.633
-147.633
-149.631
-150.597
-147.726
-147.726
-149.426
-149.426
-149.426
-148.558
-148.558
-148.558
-149.593
-151.108
-151.108
-149.668
-149.635
-152.686
-154.37
-152.707
-152.686
-154.414
-154.613
-152.866
-152.866
-152.866
-153.725
-149.515
-148.838
-148.838
-148.838
-148.838
-148.838
-148.802
-149.751
-149.416
-147.72
-147.72
-149.415
-149.415
-149.415
-148.614
-148.213
-149.415
-149.416
-153.973
-150.792
-150.489
-150.489
-153.663
-153.663
-148.689
-150.005
-149.888
-149.888
-149.189
-149.189
-149.833
-152.204
-152.387
-150
-150
-154.087
-152.989
-151.316
-149.788
-149.788
-150.829
-152.623
-152.623
-152.623
-152.623
-149.76
-148.43
-149.76
-149.76
-152.03
-151.377
-151.377
-149.814
-149.814
-149.814
-149.814
-148.925
-148.925
-148.925
-148.661
-148.925
-148.925
-148.925
-149.059
-149.059
-149.059
-148.362
-147.701
-149.99
-149.99
-149.349
-149.56
-149.56
-152.457
-151.042
-151.042
-150.257
-150.257
-151.466
-151.466
-149.555
-151.09
-150.169
-148.415
-148.415
-151.033
-150.069
-150.069
-148.35
-148.426
-148.426
-148.426
-148.426
-148.426
-148.426
-148.426
-147.638
-147.638
-147.636
-147.636
-148.426
-148.426
-148.426
-148.426
-148.426
-149.321
-149.999
-150.017
-148.975
-150.228
-150.228
-150.228
-150.463
-149.727
-152.719
-148.729
-147.844
-147.844
-147.558
-147.558
-147.734
-151.161
-151.989
-156.215
-156.571
-152.408
-151.343
-149.49
-153.135
-154.52
-155.13
-152.515
-150.03
-150.03
-149.077
-151.366
-148.791
-148.791
-148.791
-148.791
-151.931
-151.931
-153.092
-150.138
-150.047
-150.572
-150.572
-151.166
-151.166
-151.433
-150.82
-150.756
-151.019
-149.361
-150.879
-150.879
-148.329
-148.582
-148.329
-148.329
-149.061
-149.061
-150.203
-149.623
-148.279
-152.155
-151.159
-150.278
-150.43
-150.43
-148.547
-148.547
-148.547
-148.547
-148.547
-149.042
-149.088
-147.95
-148.754
-149.632
-149.275
-149.275
-148.437
-150.302
-150.259
-151.209
-152.19
-154.001
-153.969
-153.969
-152.021
-152.815
-152.8
-147.708
-152.815
-152.815
-152.815
-149.782
-149.782
-150.822
-148.88
-149.782
-148.493
-154.922
-153.087
-151.254
-151.104
-150.083
-153.597
-152.087
-153.087
-151.936
-155.771
-157.896
-148.859
-148.859
-148.859
-147.547
-148.859
-148.339
-148.859
-148.865
-151.159
-149.506
-149.506
-151.028
-151.028
-148.443
-148.443
-149.111
-149.111
-149.715
-149.715
-149.715
-149.715
-149.832
-148.013
-148.013
-148.013
-148.013
-148.866
-148.866
-148.866
-148.616
-148.616
-148.616
-148.616
-147.764
-147.764
-147.764
-149.039
-148.484
-148.484
-151.409
-151.409
-148.181
-148.181
-150.122
-150.122
-149.712
-149.712
-149.178
-149.344
-149.951
-149.951
-147.863
-152.876
-149.994
-150.505
-150.505
-147.592
-147.592
-148.952
-148.952
-149.625
-149.625
-149.625
-149.41
-149.41
-149.625
-151.491
-149.743
-149.743
-149.559
-148.379
-150.536
-150.486
-148.566
-148.566
-148.566
-150.512
-150.512
-149.764
-150.237
-147.621
-147.621
-150.034
-150.034
-150.362
-150.362
-150.362
-149.559
-150.801
-149.255
-150.829
-150.97
-150.97
-156.035
-153.56
-150.339
-148.739
-150.339
-151.009
-149.363
-149.363
-149.363
-149.113
-148.39
-149.884
-149.363
-150.503
-153.885
-153.885
-151.704
-151.704
-150.503
-150.503
-149.901
-149.901
-152.363
-148.839
-148.839
-149.942
-149.942
-151.191
-151.659
-151.659
-151.137
-150.589
-150.589
-152.022
-149.501
-150.147
-149.934
-149.934
-149.172
-149.172
-149.172
-149.172
-149.172
-147.998
-147.998
-149.877
-151.635
-151.635
-150.186
-151.845
-151.635
-149.891
-149.891
-150.337
-152.381
-149.983
-150.866
-150.306
-151.278
-149.777
-149.768
-150.949
-150.949
-150.081
-150.081
-150.081
-151.453
-151.453
-151.453
-149.984
-149.984
-149.984
-149.984
-149.36
-149.36
-149.673
-149.673
-149.777
-149.284
-149.284
-149.777
-149.435
-149.435
-150.138
-148.67
-148.379
-147.902
-151.967
-152.846
-152.846
-152.866
-151.55
-152.337
-149.66
-149.66
-150.177
-148.99
-148.916
-150.728
-150.728
-151.837
-152.632
-149.125
-149.125
-149.125
-149.125
-147.89
-147.89
-148.046
-148.046
-147.89
-147.89
-149.125
-149.125
-149.125
-149.125
-149.125
-149.162
-149.125
-149.125
-149.74
-149.74
-149.74
-149.203
-149.161
-149.55
-148.52
-150.11
-150.11
-152.321
-157.259
-152.968
-152.184
-151.249
-148.195
-148.195
-148.255
-150.404
-151.271
-153.067
-153.187
-149.02
-147.995
-152.386
-151.644
-152.205
-152.33
-154.104
-150.575
-148.06
-148.242
-148.242
-148.836
-151.563
-151.45
-151.45
-149.801
-148.698
-148.405
-152.135
-149.583
-149.583
-149.188
-151.977
-152.038
-153.832
-150.218
-150.218
-162.905
-156.758
-156.752
-150.897
-152.547
-152.071
-152.071
-149.328
-149.329
-151.455
-152.7
-152.7
-148.452
-148.452
-148.594
-148.86
-148.86
-148.86
-148.86
-148.864
-148.864
-148.864
-148.864
-148.551
-148.551
-148.551
-148.864
-147.689
-147.689
-148.864
-147.571
-148.361
-148.361
-148.361
-150.875
-150.425
-148.428
-148.428
-148.428
-147.915
-148.645
-148.645
-149.077
-148.203
-149.865
-151.219
-149.812
-149.018
-147.776
-148.94
-148.959
-148.959
-148.959
-152.612
-151.159
-151.159
-151.033
-151.788
-150.742
-151.159
-151.159
-151.159
-149.487
-148.855
-148.855
-148.855
-152.239
-148.841
-149.14
-154.032
-152.912
-151.428
-151.629
-148.453
-151.159
-151.202
-151.149
-148.108
-148.108
-152.802
-152.682
-148.608
-148.608
-150.195
-149.371
-152.002
-150.537
-151.357
-150.618
-150.28
-148.185
-150.28
-151.289
-151.289
-152.591
-152.693
-153.4
-149.859
-149.879
-151.772
-150.058
-151.896
-154.54
-152.564
-155.871
-149.033
-149.033
-150.621
-151.159
-149.054
-151.159
-152.494
-151.575
-153.363
-149.22
-149.22
-149.22
-149.22
-149.22
-147.606
-147.606
-150.025
-150.025
-151.085
-151.779
-151.779
-151.779
-151.183
-150.113
-150.113
-148.746
-147.554
-147.554
-147.554
-148.581
-148.581
-150.271
-148.581
-148.229
-148.581
-147.618
-147.618
