ip_ml_15_rawLogLikelihood_unified = zeros(1000,1);
ip_ml_15_rawLogLikelihood_unified = [-111.118
-109.183
-109.196
-111.561
-109.569
-108.835
-106.745
-110.652
-110.657
-108.756
-106.667
-106.667
-108.185
-108.677
-108.677
-107.686
-107.595
-107.1
-108.247
-107.987
-106.475
-108.622
-108.328
-108.835
-107.554
-108.579
-108.93
-107.076
-106.998
-106.883
-107.249
-111.006
-105.338
-103.979
-103.979
-105.939
-105.717
-105.717
-105.717
-104.388
-100.909
-100.909
-100.909
-101.817
-100.909
-100.909
-100.909
-100.909
-100.909
-100.909
-100.909
-100.909
-106.598
-107.27
-107.764
-109.052
-102.468
-102.468
-102.468
-102.468
-102.468
-102.468
-102.173
-101.347
-101.347
-101.347
-101.347
-101.347
-104.82
-104.974
-104.458
-103.449
-103.449
-104.036
-104.036
-104.036
-104.513
-103.038
-101.077
-101.077
-107.519
-105.884
-108.34
-100.805
-100.805
-101.045
-101.045
-101.045
-101.045
-101.045
-102.802
-100.042
-100.042
-103.622
-103.622
-107.982
-104.299
-101.745
-102.242
-104.299
-104.495
-104.495
-104.495
-105.654
-102.468
-102.468
-102.468
-102.448
-102.106
-102.106
-102.106
-102.106
-102.106
-102.106
-103.527
-103.527
-102.519
-102.519
-102.519
-102.267
-102.267
-104.836
-102.267
-102.267
-103.428
-103.428
-103.564
-102.254
-102.254
-102.908
-102.254
-102.468
-101.175
-102.925
-102.379
-102.379
-107.423
-108.69
-106.988
-104.676
-104.676
-104.024
-104.024
-104.981
-101.188
-101.188
-102.193
-103.33
-103.33
-103.33
-103.268
-102.468
-102.468
-102.468
-102.468
-102.468
-100.624
-102.468
-102.468
-102.468
-102.468
-102.25
-102.468
-102.468
-102.375
-100.787
-101.412
-101.412
-101.412
-101.412
-101.294
-101.02
-103.318
-102.061
-103.088
-103.088
-103.088
-100.873
-100.873
-100.887
-100.274
-100.274
-104.261
-106.51
-106.675
-106.51
-105.171
-105.698
-105.698
-105.698
-105.698
-106.844
-106.754
-103.848
-103.848
-103.936
-103.936
-102.593
-102.593
-102.623
-102.623
-102.623
-102.468
-102.468
-102.714
-102.468
-103.015
-102.132
-102.132
-102.132
-102.132
-102.132
-102.991
-101.316
-102.079
-102.079
-102.694
-102.694
-102.694
-102.353
-108
-102.344
-102.344
-101.146
-101.146
-101.146
-101.991
-101.991
-104.955
-107.998
-107.998
-110.175
-105.063
-110.502
-106.965
-102.468
-103.69
-102.468
-102.468
-105.073
-108.199
-109.684
-108.484
-110.718
-101.432
-101.432
-102.291
-101.031
-102.468
-102.468
-101.432
-101.432
-101.432
-102.086
-101.293
-101.293
-101.293
-101.406
-101.457
-101.457
-101.457
-102.918
-103.158
-103.158
-104.879
-104.879
-101.948
-101.847
-103.26
-102.468
-102.468
-102.815
-103.503
-103.503
-108.002
-108.423
-102.527
-102.358
-103.689
-104.732
-104.732
-103.357
-102.509
-102.509
-102.104
-102.509
-100.114
-100.894
-100.894
-100.894
-100.286
-102.413
-102.413
-105.064
-103.699
-101.286
-101.286
-101.286
-101.286
-104.375
-103.587
-104.291
-105.365
-108.791
-103.281
-103.281
-103.351
-103.351
-102.905
-102.905
-102.905
-103.185
-103.185
-103.185
-103.185
-103.185
-104.915
-105.409
-105.409
-103.349
-103.368
-101.202
-101.202
-101.202
-103.46
-103.995
-103.39
-103.39
-103.46
-103.46
-101.52
-101.52
-101.861
-103.325
-100.954
-100.954
-100.954
-100.954
-108.004
-109.333
-108.979
-101.675
-101.675
-103.5
-103.5
-101.383
-103.865
-102.389
-102.389
-103.393
-103.393
-101.796
-101.796
-102.622
-102.622
-102.622
-102.622
-101.796
-101.284
-100.615
-100.615
-100.615
-100.615
-100.615
-103.912
-101.222
-101.312
-100.692
-101.836
-102.173
-102.908
-102.908
-102.538
-102.538
-102.538
-103.943
-103.943
-103.785
-103.785
-101.115
-102.987
-101.061
-101.317
-103.578
-103.578
-103.591
-105.028
-103.314
-103.004
-102.224
-102.224
-103.04
-102.148
-102.148
-102.018
-102.018
-102.31
-102.31
-102.49
-102.49
-105.622
-108.015
-106.907
-106.359
-107.084
-104.255
-103.58
-103.58
-104.32
-104.32
-104.208
-105.176
-105.176
-105.176
-106.254
-107.327
-107.327
-107.116
-105.176
-105.176
-105.176
-105.176
-104.054
-104.771
-101.056
-102.603
-102.603
-102.608
-100.863
-100.863
-102.991
-102.468
-102.468
-102.278
-102.278
-102.278
-102.278
-102.468
-101.835
-100.549
-100.549
-100.549
-103.231
-101.82
-102.468
-102.468
-102.749
-102.468
-101.74
-102.784
-101.827
-102.934
-100.697
-100.697
-100.697
-100.697
-100.697
-100.697
-105.424
-106
-106
-103.626
-100.735
-104.966
-110.708
-110.708
-102.758
-103.219
-103.219
-104.759
-104.616
-104.084
-101.033
-101.033
-101.487
-101.487
-103.167
-103.167
-103.167
-103.167
-103.167
-103.167
-111.429
-101.535
-101.535
-101.535
-101.535
-101.535
-101.535
-101.535
-101.535
-104.097
-104.097
-104.778
-103.365
-103.775
-103.775
-102.431
-103.775
-103.775
-105.375
-105.375
-102.468
-102.468
-102.199
-102.199
-102.468
-102.468
-102.866
-102.866
-102.468
-102.468
-102.324
-102.324
-100.19
-100.19
-100.19
-100.335
-100.335
-100.744
-100.744
-100.744
-100.744
-100.613
-100.744
-100.249
-101.848
-101.848
-101.031
-101.031
-101.031
-101.031
-102.637
-102.637
-102.637
-102.64
-102.64
-102.64
-102.468
-102.468
-103.563
-103.563
-102.468
-102.468
-102.468
-102.468
-103.335
-103.335
-101.611
-101.611
-101.611
-101.611
-102.203
-102.203
-102.203
-101.961
-101.961
-101.962
-101.236
-102.193
-102.193
-102.193
-102.193
-102.193
-103.926
-103.926
-103.926
-101.428
-101.428
-101.428
-102.023
-102.293
-102.293
-102.293
-102.293
-101.996
-101.996
-101.705
-101.705
-101.705
-101.705
-101.705
-101.705
-101.705
-102.244
-102.244
-101.192
-107.627
-101.912
-101.912
-101.912
-101.912
-101.912
-101.912
-101.912
-102.468
-102.468
-102.468
-102.4
-101.25
-101.25
-101.25
-102.023
-102.023
-102.023
-102.023
-103.528
-102.023
-102.023
-101.615
-101.615
-101.615
-101.643
-101.643
-101.643
-101.762
-101.643
-101.643
-101.643
-104.236
-104.236
-103.667
-103.667
-102.082
-102.082
-102.082
-102.72
-102.082
-102.082
-102.082
-102.082
-103.161
-103.161
-101.637
-106.979
-101.637
-101.121
-101.121
-101.49
-102.468
-102.468
-102.79
-104.247
-104.247
-103.884
-101.911
-101.911
-103.367
-101.911
-100.669
-102.468
-102.845
-102.468
-102.468
-102.468
-101.531
-101.531
-101.531
-102.667
-102.179
-102.179
-101.531
-101.531
-100.583
-100.583
-103.066
-103.611
-103.611
-103.611
-103.625
-102.468
-104.926
-106.076
-104.74
-104.74
-102.155
-102.155
-102.155
-102.155
-102.659
-102.659
-102.659
-103.056
-101.089
-101.089
-101.089
-101.089
-101.089
-108.124
-104.223
-104.581
-107.985
-107.985
-101.142
-100.957
-101.559
-107.571
-103.906
-103.255
-103.549
-103.694
-103.694
-103.793
-102.608
-102.608
-103.583
-102.608
-102.608
-102.346
-105.159
-105.785
-105.785
-105.83
-107.674
-105.466
-104.717
-103.843
-103.843
-102.994
-101.937
-101.937
-101.937
-104.532
-104.193
-103.578
-105.385
-104.532
-104.532
-102.093
-103.703
-102.513
-102.513
-102.513
-103.227
-103.144
-102.563
-102.563
-103.144
-101.61
-102.693
-103.129
-103.134
-102.506
-101.132
-103.709
-103.022
-102.342
-102.342
-101.83
-114.172
-118.451
-111.139
-109.757
-111.847
-111.847
-110.588
-111.816
-112.658
-111.534
-112.247
-112.386
-108.445
-108.066
-110.688
-107.298
-107.298
-108.179
-110.024
-109.413
-110.436
-109.344
-110.056
-109.197
-115.841
-115.601
-105.432
-105.432
-105.951
-101.439
-101.439
-102.9
-102.448
-102.448
-108.264
-103.856
-104.209
-107.097
-103.581
-103.581
-103.581
-103.581
-103.581
-103.446
-103.086
-103.086
-101.784
-101.784
-105.077
-105.077
-103.512
-103.512
-103.512
-103.512
-100.912
-100.912
-100.912
-100.912
-100.912
-100.912
-100.764
-100.571
-100.571
-100.764
-101.702
-100.764
-101.051
-101.056
-100.065
-100.065
-100.065
-101.826
-101.826
-101.826
-100.964
-103.452
-102.468
-102.468
-102.468
-102.468
-102.468
-100.906
-100.906
-103.61
-102.468
-102.468
-102.297
-100.626
-103.2
-103.2
-103.2
-104.415
-104.415
-104.415
-105.238
-103.543
-102.468
-102.497
-102.468
-102.029
-102.468
-102.468
-102.468
-102.468
-105.935
-101.872
-101.872
-104.818
-104.818
-109.174
-105.146
-104.921
-105.675
-102.556
-107.091
-104.211
-104.211
-104.301
-103.409
-104.031
-103.774
-103.497
-103.497
-102.966
-101.587
-101.587
-102.967
-102.967
-104.271
-105.521
-104.392
-102.999
-107.818
-107.156
-104.494
-105.819
-107.33
-101.076
