ip_ml_27_rawLogLikelihood_unified = zeros(1000,1);
ip_ml_27_rawLogLikelihood_unified = [-4518.15
-4517.61
-4517.71
-4517.71
-4517.33
-4517.33
-4519.19
-4519.64
-4519.61
-4519.61
-4519.61
-4521.17
-4519.29
-4519.5
-4517.95
-4524.3
-4521.37
-4521.24
-4520.51
-4520.51
-4520.19
-4520.53
-4520.49
-4519.09
-4518.32
-4518.32
-4518.26
-4518.55
-4518.28
-4519.46
-4517.98
-4517.98
-4518.07
-4518.07
-4518.07
-4518.07
-4517.88
-4517.88
-4517.45
-4517.88
-4518.71
-4519.71
-4518.77
-4521.21
-4520.95
-4519.64
-4520.24
-4520.24
-4520.43
-4519.1
-4520.57
-4520.14
-4517.57
-4517.57
-4518.84
-4518.53
-4518.47
-4520.57
-4520.57
-4520.57
-4517.43
-4519.88
-4519.57
-4518.62
-4518.62
-4519.31
-4519.31
-4519.59
-4519.16
-4519.16
-4519.16
-4519.31
-4517.68
-4519.31
-4517.46
-4517.46
-4519.31
-4519.31
-4519.18
-4519.18
-4519.18
-4518.19
-4519.1
-4517.6
-4520.24
-4518.91
-4518.56
-4518.37
-4518.52
-4521.57
-4520.37
-4518.18
-4521.45
-4521.45
-4521.29
-4518.69
-4518.55
-4518.64
-4518.64
-4518.48
-4520.11
-4518.58
-4518.58
-4519.78
-4519.78
-4518.12
-4518.12
-4518.12
-4518.12
-4517.78
-4518.43
-4518.43
-4519.28
-4520.92
-4520.92
-4517.69
-4517.69
-4522.54
-4518.88
-4519.11
-4518.19
-4517.94
-4518.36
-4518.32
-4518.4
-4518.37
-4519.06
-4519.06
-4518.71
-4517.83
-4517.83
-4519.15
-4519.15
-4518.06
-4517.62
-4517.62
-4517.79
-4518.03
-4517.38
-4517.38
-4520.16
-4521.4
-4520.64
-4520.37
-4521.37
-4519.03
-4518.72
-4519.74
-4519.74
-4520.59
-4522.16
-4518.17
-4518.17
-4518.17
-4522.65
-4521.91
-4519.84
-4521.13
-4517.97
-4518.53
-4518.53
-4519.26
-4518.13
-4518.13
-4519.99
-4519.75
-4520.15
-4521.06
-4521.06
-4519.02
-4521.21
-4523.69
-4521.57
-4520.09
-4520.05
-4520.05
-4520.75
-4519.94
-4517.54
-4517.54
-4517.54
-4517.54
-4517.54
-4517.54
-4518.09
-4518.09
-4518.05
-4518.32
-4518.32
-4518.32
-4519.69
-4519.63
-4520.14
-4520.14
-4520.2
-4520.2
-4519.28
-4519.2
-4519.2
-4519.36
-4518.71
-4524.47
-4520.09
-4518.75
-4518.75
-4519.05
-4519.84
-4522.74
-4518.91
-4518.42
-4520.2
-4519.97
-4520.13
-4520.52
-4521.71
-4519.22
-4518.43
-4519.85
-4519.85
-4520.08
-4519.73
-4519.73
-4519.73
-4518.75
-4520.46
-4520.46
-4518.24
-4518.49
-4519.3
-4517.45
-4517.43
-4517.76
-4521.03
-4519.05
-4519.19
-4518.24
-4519.23
-4519.02
-4517.77
-4518.21
-4518.39
-4517.8
-4520.13
-4519.41
-4518.49
-4517.58
-4520.55
-4520.13
-4519.1
-4519.22
-4517.85
-4517.85
-4517.85
-4517.85
-4517.85
-4517.85
-4517.85
-4517.85
-4518.21
-4518.25
-4518.25
-4517.73
-4517.73
-4517.73
-4518.43
-4519.48
-4518.88
-4518.95
-4518.95
-4517.45
-4517.45
-4517.45
-4517.76
-4517.76
-4517.86
-4518.27
-4519.62
-4518.82
-4519.38
-4519.38
-4518.24
-4519.33
-4519.71
-4519.24
-4519.61
-4517.77
-4517.77
-4517.77
-4520.32
-4519.77
-4519.53
-4518.43
-4518.43
-4520.13
-4520.13
-4520.13
-4520
-4517.22
-4517.22
-4517.22
-4517.28
-4520.68
-4519.02
-4519.15
-4519.15
-4519.09
-4519.07
-4519.07
-4526.26
-4518.9
-4517.72
-4518.9
-4518.5
-4518.5
-4518.5
-4518.22
-4517.92
-4519.49
-4519.49
-4517.73
-4518.15
-4518.87
-4519.04
-4519.04
-4519.43
-4521.6
-4519.58
-4519.58
-4519.58
-4521.45
-4521.45
-4520.35
-4518.72
-4518.75
-4518.75
-4519.9
-4518.23
-4517.96
-4518.11
-4517.44
-4518.18
-4518.18
-4518.18
-4519.49
-4519.49
-4519.36
-4519.06
-4518.64
-4519.14
-4517.55
-4518.03
-4517.75
-4519.45
-4520.49
-4518.37
-4520.19
-4519.25
-4518.28
-4520.58
-4521.24
-4520.15
-4521.89
-4519.38
-4519.38
-4518.74
-4522.65
-4518.07
-4518.9
-4519.27
-4518.59
-4519
-4519.98
-4517.46
-4517.35
-4517.35
-4518.52
-4518.52
-4518.52
-4518.52
-4519.49
-4519.49
-4518.22
-4518.52
-4517.95
-4517.82
-4518.74
-4519.8
-4520.29
-4519.7
-4519.14
-4519.53
-4519.4
-4518.68
-4517.95
-4517.61
-4518
-4518
-4518.64
-4520.35
-4520.35
-4521.22
-4521.22
-4518.89
-4518.89
-4518.88
-4518.88
-4518.88
-4518.89
-4518.13
-4518.13
-4517.64
-4517.64
-4517.64
-4517.64
-4517.88
-4517.67
-4517.97
-4517.97
-4517.97
-4517.64
-4517.64
-4517.64
-4517.64
-4517.64
-4517.67
-4517.67
-4518.14
-4518.84
-4518.01
-4520.16
-4521.35
-4519.04
-4520.78
-4519.53
-4518.95
-4518.95
-4518.95
-4518.95
-4518.95
-4518.92
-4518.94
-4518.87
-4519.75
-4518.92
-4518.42
-4519.35
-4519.35
-4517.64
-4517.75
-4517.64
-4517.64
-4519.32
-4517.64
-4517.64
-4517.64
-4518.35
-4519.69
-4517.64
-4517.33
-4517.33
-4517.64
-4517.3
-4518.23
-4518.79
-4518.8
-4517.64
-4517.64
-4517.94
-4517.79
-4519.01
-4519.01
-4518.53
-4518.74
-4518.83
-4519.55
-4519.46
-4518.84
-4517.86
-4518.84
-4519.27
-4520.47
-4520.47
-4518.76
-4518.46
-4518.82
-4523.7
-4523.7
-4520.37
-4518.64
-4518.1
-4518.52
-4519.06
-4518.08
-4518.08
-4518.08
-4518.52
-4519.75
-4519.85
-4522.59
-4519.29
-4520.25
-4517.43
-4517.43
-4517.43
-4517.43
-4519.59
-4522.29
-4519.43
-4521.65
-4518.59
-4519.62
-4520.41
-4520
-4520.15
-4520.15
-4519.96
-4518.97
-4518.66
-4518.97
-4518.97
-4518.97
-4520.58
-4519.64
-4518.25
-4518.83
-4519.38
-4517.57
-4517.57
-4517.57
-4517.57
-4518.7
-4517.57
-4517.57
-4517.57
-4517.57
-4518.26
-4518.67
-4519.13
-4519.13
-4520.01
-4520.26
-4519.62
-4519.62
-4519.62
-4521.2
-4518.07
-4518.07
-4518.42
-4519.25
-4519.26
-4520.64
-4520.51
-4520.51
-4518.9
-4519.77
-4517.89
-4517.89
-4519.19
-4518.56
-4518.56
-4517.69
-4518.19
-4518.19
-4517.69
-4517.69
-4519.29
-4519.39
-4520.04
-4521.72
-4519.42
-4520.33
-4521.69
-4518.47
-4518.47
-4518.47
-4518.47
-4518.47
-4518.47
-4518.46
-4520.81
-4520.81
-4520.18
-4520.18
-4520.18
-4520.18
-4518.99
-4518.17
-4520.27
-4519.84
-4517.63
-4518.81
-4519.59
-4518.77
-4519.7
-4520.28
-4519.57
-4518.76
-4518.76
-4519.44
-4519.44
-4519.45
-4518.86
-4519.09
-4518.71
-4518.71
-4517.64
-4517.64
-4518.08
-4517.48
-4517.48
-4517.48
-4520.56
-4520.18
-4518.19
-4518.19
-4519.28
-4517.64
-4517.96
-4517.89
-4517.89
-4518.29
-4518.29
-4520.5
-4517.41
-4517.54
-4523.15
-4518.96
-4523.17
-4517.91
-4519.09
-4517.91
-4517.91
-4519.94
-4517.91
-4517.91
-4519.19
-4519.19
-4519.21
-4519.21
-4522.46
-4518.65
-4518.76
-4520.84
-4518.18
-4519.16
-4520.5
-4518.74
-4520.84
-4520.02
-4521.67
-4518
-4519.41
-4519.41
-4519.31
-4518.66
-4518.08
-4518.08
-4518.71
-4520.94
-4518
-4518
-4517.48
-4517.48
-4517.48
-4518.07
-4519.45
-4518.07
-4518.07
-4518.07
-4522.84
-4520.11
-4517.62
-4518.45
-4518.45
-4517.96
-4517.96
-4519.42
-4519.42
-4517.7
-4517.7
-4518.5
-4518.73
-4518.73
-4518.41
-4517.75
-4517.75
-4519.96
-4517.8
-4517.8
-4517.8
-4517.8
-4518.13
-4518.13
-4518.13
-4520.38
-4520.48
-4518.48
-4518.48
-4520.14
-4518.56
-4518.56
-4519.31
-4518.22
-4518.22
-4519.36
-4518.38
-4522.69
-4520.5
-4517.67
-4518.48
-4518.48
-4520.26
-4520.64
-4519.79
-4518.99
-4518.99
-4518.65
-4518.65
-4519.18
-4519.18
-4520.16
-4519.84
-4517.84
-4517.84
-4517.84
-4518.22
-4519.3
-4519.3
-4519.41
-4517.67
-4517.67
-4519.45
-4518.17
-4519.01
-4518.95
-4518.95
-4521.36
-4520.54
-4519.74
-4521.03
-4518.19
-4519.27
-4518.61
-4518.33
-4518.33
-4518.55
-4518.89
-4518.55
-4518.55
-4519.31
-4518
-4518.27
-4518.27
-4518
-4518
-4519.43
-4520.33
-4517.67
-4517.67
-4517.77
-4518.94
-4520.26
-4520.26
-4518.75
-4518.75
-4518.75
-4520.07
-4518.52
-4520.77
-4519.57
-4521.17
-4521.17
-4518.52
-4518.46
-4518.16
-4518.16
-4518.16
-4520.14
-4520.14
-4520.14
-4517.54
-4517.54
-4517.54
-4517.54
-4519.19
-4519.19
-4519.19
-4519.19
-4519.19
-4519.19
-4517.44
-4520.48
-4519.02
-4517.91
-4518.61
-4518.61
-4518.11
-4519.9
-4518.55
-4517.55
-4518.48
-4518.55
-4522.79
-4522.79
-4521.38
-4519.13
-4519.13
-4519.13
-4519.13
-4517.57
-4518.06
-4517.7
-4517.7
-4517.7
-4517.7
-4517.7
-4517.96
-4518.32
-4518.63
-4519.31
-4518.63
-4518.52
-4517.97
-4518.72
-4517.35
-4517.35
-4518.2
-4518.68
-4519.9
-4521.26
-4519.43
-4518.67
-4519.6
-4518.45
-4517.71
-4517.71
-4517.8
-4520.17
-4517.22
-4519.02
-4519.57
-4519.57
-4517.57
-4520.45
-4518.31
-4519.31
-4519.31
-4522.72
-4519.19
-4518.24
-4518.71
-4520.27
-4520.17
-4520.17
-4520.17
-4518.14
-4521.42
-4521.42
-4519.38
-4518.47
-4519.85
-4518.22
-4518.22
-4518.8
-4518.8
-4521.11
-4519.49
-4519.63
-4518.49
-4518.33
-4518.14
-4518.14
-4518.45
-4518.05
-4518.05
-4518.54
-4523.54
-4523.54
-4519.01
-4518.7
-4517.96
-4517.96
-4518.07
-4518.66
-4517.51
-4519.99
-4519.99
-4519.99
-4519.99
