ip_ml_14_rawChain_unified = zeros(1000,3);
ip_ml_14_rawChain_unified = [1.7166684777734158e+00 1.0113926575842431e+00 3.7527911979576939e-01 
1.7166684777734158e+00 1.0113926575842431e+00 3.7527911979576939e-01 
1.7166684777734158e+00 1.0113926575842431e+00 3.7527911979576939e-01 
3.0471882913222101e+00 1.1379610337394934e+00 3.7996296303933014e-01 
1.4570539583720374e+00 1.0071538787641403e+00 5.4138595641303666e-01 
2.0858393380916516e+00 1.2581005769748839e+00 5.8238347275681523e-01 
1.7432209891748951e+00 1.1336739149414561e+00 5.3598912133061227e-01 
1.7661184746888441e+00 1.0546260122065843e+00 4.2317761762996020e-01 
1.6566607312487991e+00 1.0484281903447090e+00 3.8206471045926155e-01 
2.1095442846696741e+00 1.1682335016353180e+00 4.8788124843958325e-01 
2.1095442846696741e+00 1.1682335016353180e+00 4.8788124843958325e-01 
2.1058426471566469e+00 1.5664332773139127e+00 9.5943026506538309e-01 
3.2310308928975862e+00 1.8783728200152408e+00 1.0342041380762406e+00 
2.1058426471566469e+00 1.5664332773139127e+00 9.5943026506538309e-01 
2.7788014815923137e+00 1.6692377098202773e+00 1.0178306345451893e+00 
1.9577774494715419e+00 1.4534242907257064e+00 9.2729967334162144e-01 
2.2188340554809769e+00 1.2802921262878595e+00 7.9223516765151403e-01 
1.9670789303699554e+00 9.4739266575395331e-01 6.5698891955988081e-01 
9.4606834993299693e-01 6.8271939481584432e-01 5.5851301015746246e-01 
3.2171524219564063e+00 1.8028098059840045e+00 9.9914810720199221e-01 
2.1814751123955074e+00 1.8895631079805033e+00 1.0261329543436606e+00 
2.1814751123955074e+00 1.8895631079805033e+00 1.0261329543436606e+00 
2.2129924898063003e+00 1.6769755361568446e+00 9.3621105446867570e-01 
2.4961349859459494e+00 1.7190444754223140e+00 1.0212178601454980e+00 
2.7615212005082661e+00 1.6231847353199083e+00 1.0084451414763258e+00 
1.9030840906687203e+00 1.5370416766397441e+00 9.0430663821861546e-01 
2.2788754713654402e+00 1.0390226163159830e+00 5.2586683413034696e-01 
1.1331713818793681e+00 9.0742544088852861e-01 4.8222605680902325e-01 
1.8386191461433818e+00 1.0246891725095566e+00 4.9498285094166788e-01 
1.8386191461433818e+00 1.0246891725095566e+00 4.9498285094166788e-01 
1.2303402385799178e+00 9.2586215166486463e-01 4.8561191050771541e-01 
1.6662889113904766e+00 7.9518436009341553e-01 4.1114672010694042e-01 
1.2312381509153387e+00 8.6091154702707318e-01 4.1566017779698122e-01 
1.7281385539632017e+00 1.0962679478690576e+00 5.4739580626389794e-01 
1.7281385539632017e+00 1.0962679478690576e+00 5.4739580626389794e-01 
2.2641088633053608e+00 1.0132045230458755e+00 4.3724378466517405e-01 
1.6381186080242234e+00 1.0049056604805202e+00 4.5233074740650281e-01 
1.6381186080242234e+00 1.0049056604805202e+00 4.5233074740650281e-01 
1.9274780229065911e+00 1.0203519435933663e+00 4.2868660358912647e-01 
1.7647058945559766e+00 9.2232366280123868e-01 4.0727274287025156e-01 
1.7177735567918500e+00 9.5343367163539494e-01 4.7934355531561013e-01 
1.4230456107475762e+00 9.6490715399506177e-01 4.7542659911506585e-01 
1.7408721331272923e+00 8.6135891387601093e-01 4.1509114469641223e-01 
1.7408721331272923e+00 8.6135891387601093e-01 4.1509114469641223e-01 
1.1498653568323336e+00 8.0763776126463060e-01 4.3849347323832349e-01 
1.6610274067444268e+00 8.7396668252334286e-01 4.2367756839194243e-01 
1.3316013264888442e+00 7.1217225639071868e-01 4.0011108827384573e-01 
2.0902235056786336e+00 8.8030112232033109e-01 3.0113287440211511e-01 
2.2172749401805238e+00 9.5448393834957035e-01 4.3842734779726483e-01 
2.1183964485413229e+00 9.4781020773204216e-01 4.5973647864760736e-01 
2.1183964485413229e+00 9.4781020773204216e-01 4.5973647864760736e-01 
2.4428341955867454e+00 1.0857714423994487e+00 5.3424358676512917e-01 
1.9044853195940563e+00 8.9953752177780499e-01 4.1991044171507630e-01 
1.9044853195940563e+00 8.9953752177780499e-01 4.1991044171507630e-01 
2.1052777421540108e+00 9.9229493094334820e-01 4.5149830098122445e-01 
2.0630008270538953e+00 1.0051940958535051e+00 4.0606122972412084e-01 
2.2428128098604785e+00 1.0988340790853046e+00 4.8500866597631220e-01 
1.8806522155864220e+00 8.5740346673141898e-01 3.4563720958300792e-01 
1.8704242474652935e+00 7.8018275294487116e-01 3.2611857652695653e-01 
1.8806522155864220e+00 8.5740346673141898e-01 3.4563720958300792e-01 
2.1191926564149668e+00 1.5658371391905990e+00 1.1353768884293400e+00 
1.6245033792535382e+00 1.4901845979652213e+00 1.1697495671508138e+00 
1.6245033792535382e+00 1.4901845979652213e+00 1.1697495671508138e+00 
1.5353646491559463e+00 6.3540199402950548e-01 4.1269420489779046e-01 
1.3358396483839514e+00 7.4737572498662042e-01 4.7061876116248541e-01 
1.3358396483839514e+00 7.4737572498662042e-01 4.7061876116248541e-01 
1.3221378091275828e+00 7.4179506772174819e-01 4.8355418408619694e-01 
1.3221378091275828e+00 7.4179506772174819e-01 4.8355418408619694e-01 
1.1332439135540877e+00 5.8524030016334994e-01 4.3744553882159321e-01 
9.1600059469012229e-01 2.6666806617534766e-01 2.4050752393635752e-01 
9.1600059469012229e-01 2.6666806617534766e-01 2.4050752393635752e-01 
9.1600059469012229e-01 2.6666806617534766e-01 2.4050752393635752e-01 
9.1600059469012229e-01 2.6666806617534766e-01 2.4050752393635752e-01 
9.1600059469012229e-01 2.6666806617534766e-01 2.4050752393635752e-01 
9.1600059469012229e-01 2.6666806617534766e-01 2.4050752393635752e-01 
9.1600059469012229e-01 2.6666806617534766e-01 2.4050752393635752e-01 
9.1600059469012229e-01 2.6666806617534766e-01 2.4050752393635752e-01 
1.8772270516606557e+00 9.5076896865950433e-01 4.6743303716934248e-01 
2.4181180911287479e+00 9.3985116481358033e-01 4.4519690396745026e-01 
1.9497432054598600e+00 8.9446440633751501e-01 4.3867514584373968e-01 
1.9903459108457706e+00 8.0564180240630190e-01 4.2700784727434438e-01 
1.3091196391089761e+00 8.3076877712445318e-01 4.6243099759372108e-01 
8.8206560463360995e-01 6.9076738937247517e-01 4.0124176553855861e-01 
1.7984589410224210e+00 8.4205672951869592e-01 4.6206517833033989e-01 
1.8853998940025458e+00 7.2156986216094843e-01 3.7885822675273428e-01 
3.0303777125867697e+00 1.4198307482433374e+00 5.4195259237997584e-01 
8.9741751396759550e-01 3.5605948959103040e-01 2.4854069646031368e-01 
8.9741751396759550e-01 3.5605948959103040e-01 2.4854069646031368e-01 
8.9741751396759550e-01 3.5605948959103040e-01 2.4854069646031368e-01 
1.0325863228511774e+00 3.0619835679478313e-01 2.8438034190413825e-01 
1.0325863228511774e+00 3.0619835679478313e-01 2.8438034190413825e-01 
1.0325863228511774e+00 3.0619835679478313e-01 2.8438034190413825e-01 
1.0325863228511774e+00 3.0619835679478313e-01 2.8438034190413825e-01 
1.0325863228511774e+00 3.0619835679478313e-01 2.8438034190413825e-01 
1.4406833229017031e+00 4.2275140301666758e-01 2.6452771684119897e-01 
1.4514042564344523e+00 3.8349218399009866e-01 2.5586401903015105e-01 
9.9406173114342988e-01 5.3839361184147716e-01 4.6027774784409825e-01 
1.2080664609958205e+00 5.1430423790860158e-01 4.0583685734700836e-01 
1.2978571307563749e+00 5.6553949808930215e-01 4.2398752223950614e-01 
1.3576584646901801e+00 6.1364331296948738e-01 4.4860259707142663e-01 
1.3576584646901801e+00 6.1364331296948738e-01 4.4860259707142663e-01 
1.8550939508670337e+00 9.0466411781523692e-01 4.1537145966216971e-01 
2.3054092401019619e+00 8.4722282564861551e-01 3.1420560177388562e-01 
1.4902181944414667e+00 6.8448173574074889e-01 2.6898461878107660e-01 
1.4961230092112314e+00 7.8697103330537421e-01 4.6447694133943040e-01 
1.9628646181257294e+00 1.0428248696044204e+00 4.7496930912410462e-01 
1.7795581237152380e+00 1.0673220752878896e+00 4.8159271308672347e-01 
9.7680457420236300e-01 1.8510492192434896e-01 2.6111578445630179e-01 
9.8909700688616775e-01 1.7055798546716941e-01 2.4875680995853114e-01 
9.8909700688616775e-01 1.7055798546716941e-01 2.4875680995853114e-01 
9.8909700688616775e-01 1.7055798546716941e-01 2.4875680995853114e-01 
5.9578388740516075e-01 1.7388469769628251e-01 2.5277836286990407e-01 
5.6734476864030303e-01 1.8424775864141829e-01 2.6660296197342415e-01 
