ip_ml_26_rawLogLikelihood_unified = zeros(1000,1);
ip_ml_26_rawLogLikelihood_unified = [-3136.64
-3136.64
-3136.64
-3136.64
-3136.64
-3137.92
-3137.92
-3137.94
-3139.63
-3138.22
-3137.65
-3136.96
-3138.07
-3138.21
-3138.21
-3137.07
-3138.13
-3139.3
-3139.3
-3138.14
-3137.07
-3137.07
-3141.47
-3138.94
-3139.3
-3138.61
-3139.2
-3139.2
-3138.84
-3138.84
-3138.85
-3137.85
-3137.32
-3138.54
-3139.94
-3139.61
-3139.01
-3139.52
-3138.26
-3138.11
-3138.11
-3138.66
-3139.1
-3138.47
-3138.63
-3137.14
-3137.14
-3138.09
-3137.38
-3137.98
-3137.01
-3137.01
-3137.01
-3137.01
-3137.59
-3138.08
-3137.83
-3139.33
-3138.24
-3139.49
-3137.86
-3138.88
-3138.88
-3138.58
-3138.58
-3138.32
-3137.44
-3137.28
-3138.35
-3137.72
-3139.21
-3137.46
-3137.46
-3138.88
-3138.88
-3138.88
-3136.7
-3136.7
-3141.39
-3138.41
-3138.19
-3138.01
-3138.2
-3138.01
-3137.9
-3137.9
-3138.01
-3138.01
-3138.01
-3138.01
-3138.01
-3136.72
-3138.01
-3137.92
-3137.92
-3137.92
-3137.86
-3137.23
-3137.23
-3137.86
-3136.82
-3138.88
-3137.73
-3138.68
-3141.43
-3142.85
-3137.36
-3137.46
-3139.58
-3136.54
-3137.22
-3137.22
-3137.4
-3138.36
-3138.36
-3138.36
-3138.36
-3137.57
-3137.83
-3137.83
-3137.83
-3137.62
-3140.3
-3138.11
-3138.57
-3138.9
-3139.18
-3137.59
-3140.92
-3137.48
-3137.18
-3137.18
-3137.18
-3137.18
-3137.4
-3137.4
-3139.44
-3139.47
-3140.58
-3136.88
-3140.25
-3137.23
-3137.09
-3137.23
-3137.06
-3140.18
-3141.43
-3137.35
-3137.32
-3137.37
-3137.37
-3139.93
-3141.35
-3137.3
-3137.06
-3137.06
-3138.01
-3137.71
-3137.12
-3137.89
-3137.14
-3137.58
-3137.58
-3137.12
-3137.12
-3137.12
-3137.14
-3138.59
-3142.83
-3139.46
-3139.44
-3138.31
-3138.31
-3138.89
-3140.3
-3140.56
-3139.99
-3137.22
-3137.22
-3137.22
-3139.81
-3139.81
-3138.38
-3139.27
-3138.43
-3137.47
-3137.47
-3137.19
-3138.48
-3140.4
-3137.94
-3137.94
-3138.59
-3139.53
-3139.53
-3139.19
-3137.8
-3138.1
-3139.58
-3139.58
-3138.58
-3138.45
-3138.45
-3136.78
-3136.78
-3137.13
-3137.16
-3137.13
-3137.97
-3139.21
-3137.78
-3138.91
-3138.22
-3139.22
-3138.16
-3137.73
-3137.66
-3137.66
-3138.24
-3138.24
-3138.04
-3138.04
-3141.59
-3140.13
-3138.3
-3137.74
-3137.62
-3138.58
-3137.83
-3138.38
-3137.87
-3140.89
-3137.73
-3138.85
-3138.46
-3138.85
-3138.04
-3139.68
-3137.94
-3137.94
-3137.94
-3139.47
-3139.13
-3138.04
-3138.26
-3137.05
-3138.75
-3138.3
-3138.53
-3139.58
-3137.25
-3137.25
-3137.44
-3138.13
-3136.99
-3136.99
-3136.99
-3136.99
-3136.91
-3136.91
-3137.76
-3137.76
-3137.76
-3137.76
-3137.76
-3136.71
-3136.71
-3136.71
-3136.93
-3136.93
-3136.93
-3137.83
-3137.83
-3137.83
-3137.83
-3137
-3138.22
-3138.22
-3138.62
-3137.83
-3137.92
-3137.26
-3137.26
-3137.26
-3137.54
-3137.54
-3137.23
-3137.8
-3137.8
-3136.94
-3136.94
-3138.34
-3138.34
-3137.19
-3137.19
-3137.89
-3137.89
-3139.41
-3137.33
-3137.71
-3138.58
-3138.58
-3138.62
-3137.44
-3137.44
-3138.87
-3139.25
-3138.16
-3138.16
-3138.71
-3137.52
-3138.77
-3139.72
-3137.94
-3137.94
-3137.94
-3137.91
-3136.56
-3136.56
-3138.96
-3140.15
-3140.15
-3140.15
-3137.81
-3139.57
-3137.95
-3137.95
-3137.85
-3137.85
-3138.68
-3138.68
-3138.68
-3139.78
-3139.66
-3137.34
-3137.73
-3137.73
-3137.55
-3137.73
-3137.45
-3137.45
-3137.45
-3137.15
-3137.15
-3137.82
-3137.82
-3137.82
-3138.09
-3137.34
-3140.42
-3140.42
-3138.19
-3138.37
-3138.37
-3138.1
-3137.62
-3137.23
-3138.42
-3136.71
-3137.22
-3137.22
-3137.22
-3138.14
-3138.04
-3137.54
-3137.54
-3137.54
-3137.12
-3137.12
-3138.11
-3138.83
-3137.35
-3137.35
-3138.76
-3138.62
-3137.74
-3137.89
-3137.89
-3139.42
-3139.42
-3138.57
-3138.06
-3138.06
-3138.06
-3138.29
-3138.57
-3137.61
-3137.44
-3139.72
-3137.15
-3138.27
-3138.87
-3137.85
-3137.51
-3137.51
-3137.46
-3137.46
-3137.46
-3137.46
-3137.46
-3137.46
-3137.06
-3136.78
-3136.85
-3138.35
-3138.35
-3137.52
-3138.28
-3138.28
-3137.65
-3138.87
-3142.02
-3137.57
-3137.57
-3137.06
-3137.06
-3137.06
-3139.33
-3139.33
-3137.71
-3137.71
-3137.43
-3137.72
-3137.19
-3136.85
-3136.85
-3136.85
-3137.49
-3136.85
-3136.85
-3136.85
-3136.85
-3136.85
-3138.13
-3137.68
-3137.57
-3138.27
-3138.83
-3137.1
-3137.82
-3137.82
-3137.82
-3138.12
-3137.82
-3137.74
-3137.74
-3138.41
-3136.85
-3136.85
-3136.85
-3136.85
-3136.85
-3136.85
-3136.85
-3136.85
-3136.85
-3137.25
-3137.25
-3137.25
-3137.66
-3137.66
-3136.85
-3136.85
-3137.06
-3137.69
-3136.95
-3137.46
-3136.85
-3136.85
-3137.4
-3139.42
-3138.11
-3138.11
-3138.11
-3139.2
-3139.6
-3137.68
-3137.68
-3137.92
-3137.98
-3137.98
-3137.9
-3137.9
-3137.42
-3137.83
-3137.83
-3137.83
-3138.94
-3138.94
-3138.97
-3141.05
-3141.05
-3138.74
-3137.17
-3137.46
-3137.46
-3137.46
-3138.31
-3140.28
-3138.79
-3138.66
-3137.85
-3137.85
-3137.95
-3136.7
-3136.7
-3138.2
-3139.3
-3139.3
-3140.81
-3140.6
-3139.63
-3137.29
-3137.39
-3137.03
-3137.74
-3138.77
-3140.51
-3138.01
-3138.05
-3138.94
-3138.94
-3138.91
-3140.48
-3140.48
-3137.53
-3137.53
-3139.18
-3137.77
-3137.77
-3138.9
-3138.25
-3139.88
-3137.27
-3137.27
-3137.68
-3137.68
-3137.68
-3136.8
-3137.42
-3136.8
-3136.8
-3136.8
-3137.57
-3137.88
-3138.5
-3138.78
-3138.23
-3138.23
-3140.36
-3138.23
-3138.23
-3139.73
-3138.52
-3138.25
-3137.15
-3136.8
-3137.39
-3139.37
-3138.03
-3137.95
-3137.98
-3138.93
-3138.61
-3138.61
-3138.61
-3137.72
-3137.72
-3137.72
-3138.33
-3139.14
-3137.7
-3137.93
-3137.49
-3137.49
-3136.88
-3136.88
-3138.06
-3138.06
-3138.06
-3138.06
-3137.64
-3138.18
-3139.49
-3139.49
-3138.02
-3138.72
-3138.72
-3139.27
-3137.42
-3137.42
-3137.42
-3137.42
-3139.05
-3139.05
-3140.76
-3138.61
-3138.61
-3138
-3138.02
-3138.64
-3137.22
-3138.06
-3138.38
-3138.38
-3136.84
-3137.66
-3137.22
-3141.79
-3138.2
-3137.63
-3137.63
-3138.68
-3137.62
-3137.62
-3137.62
-3138.05
-3138.1
-3137.69
-3137.38
-3136.84
-3136.73
-3136.73
-3137.94
-3138.68
-3139.22
-3139.22
-3139.26
-3139.26
-3137.99
-3137.99
-3138.61
-3137.6
-3137.99
-3137.99
-3136.85
-3137.07
-3137.02
-3137.19
-3137.3
-3137.3
-3138.83
-3136.73
-3143.31
-3139.76
-3142.08
-3137.42
-3137.42
-3140.85
-3137.76
-3137.76
-3137.76
-3139.03
-3140.85
-3137.04
-3137.04
-3138.45
-3137.04
-3137.04
-3137.92
-3137.94
-3137.62
-3139.01
-3137.94
-3139.72
-3138.83
-3140.01
-3137.36
-3138.62
-3137.36
-3137.36
-3137.36
-3139.07
-3139.07
-3139.07
-3139.07
-3139.93
-3137.9
-3137.7
-3139.81
-3139.12
-3138.19
-3139.56
-3139.64
-3137.1
-3137.54
-3137.54
-3137.16
-3137.1
-3137.1
-3136.74
-3136.74
-3137.14
-3137.14
-3137.14
-3140.46
-3140.29
-3140.29
-3141.09
-3137.49
-3137.49
-3137.49
-3137.23
-3136.89
-3136.89
-3136.89
-3136.89
-3136.97
-3138.36
-3137.47
-3137.47
-3137.47
-3140.09
-3140.09
-3138.49
-3138.46
-3138.46
-3136.96
-3136.96
-3137.19
-3139.41
-3139.18
-3138.82
-3137.82
-3139.98
-3137.43
-3138.58
-3137.83
-3137.84
-3137.25
-3138.3
-3137.96
-3138.8
-3140.2
-3138.19
-3140.35
-3138.84
-3137.48
-3136.87
-3138.88
-3138.88
-3137.43
-3138.66
-3138.77
-3137.29
-3137.55
-3137.55
-3138.8
-3137.09
-3137.83
-3138
-3138
-3138
-3137.1
-3137.1
-3137.7
-3137.7
-3136.87
-3136.87
-3136.87
-3137.99
-3138.79
-3139
-3138.62
-3138.62
-3137.62
-3137.62
-3137.62
-3137.21
-3137.46
-3137.91
-3137.46
-3137.46
-3137.46
-3136.95
-3136.95
-3136.95
-3137.93
-3137.93
-3137.93
-3137.93
-3137.93
-3137.76
-3137.76
-3137.76
-3137.76
-3136.82
-3139.03
-3137.36
-3136.83
-3138.84
-3139.38
-3138.35
-3138.33
-3137.48
-3137.48
-3137.41
-3138.31
-3138.31
-3139.2
-3138.79
-3137.88
-3137.88
-3137.16
-3136.8
-3137.96
-3137.38
-3137.52
-3137.33
-3137.33
-3137.48
-3137.48
-3137.48
-3137.48
-3138.01
-3136.73
-3138.21
-3137.53
-3137.53
-3137.78
-3137.24
-3137.59
-3137.59
-3137.59
-3137.24
-3137.57
-3137.57
-3139.34
-3139.34
-3136.91
-3138.83
-3138.42
-3138.09
-3138.35
-3137.24
-3136.96
-3139
-3137.25
-3137.25
-3137.25
-3136.8
-3139.33
-3137.36
-3138.13
-3138.55
-3140.07
-3140.07
-3137.38
-3137.26
-3138.68
-3138.86
-3138.86
-3138.6
-3138.19
-3138.07
-3137.43
-3137.43
-3139.05
-3137.25
-3137.25
-3137.25
-3139.71
-3137.65
-3139.42
-3141.16
-3138.12
-3139.19
-3138.13
-3138.23
-3137.44
-3137.91
-3137.33
-3137.33
-3139.45
-3137.5
-3137.47
-3140.94
-3140.94
-3137.8
-3137.8
-3137.33
-3137.15
-3137.04
-3136.75
-3138.48
-3138.48
-3138.78
-3137.93
-3137.93
