ip_ml_14_rawLogTarget_unified = zeros(1000,1);
ip_ml_14_rawLogTarget_unified = [-86.6129
-86.6129
-86.6129
-88.2969
-86.222
-87.0129
-86.7774
-86.6392
-87.2482
-86.7702
-86.7702
-87.2608
-89.5927
-87.2608
-88.6874
-86.8328
-86.7346
-85.7847
-84.5396
-89.648
-88.7389
-88.7389
-87.8906
-87.8981
-88.7521
-87.5762
-86.5365
-87.1989
-85.7979
-85.7979
-86.7519
-84.3661
-86.3321
-86.344
-86.344
-86.3055
-86.2058
-86.2058
-85.9948
-85.3617
-85.3571
-86.3244
-84.855
-84.855
-85.8373
-84.9313
-83.7918
-85.6143
-86.2139
-85.9068
-85.9068
-87.0884
-85.2438
-85.2438
-85.905
-85.9656
-86.4227
-85.1178
-84.8339
-85.1178
-86.9919
-86.3218
-86.3218
-83.3449
-83.86
-83.86
-83.7638
-83.7638
-82.5312
-79.5509
-79.5509
-79.5509
-79.5509
-79.5509
-79.5509
-79.5509
-79.5509
-85.379
-87.4162
-85.3197
-85.5913
-85.0875
-86.527
-84.7815
-85.1598
-88.1275
-80.8864
-80.8864
-80.8864
-79.9263
-79.9263
-79.9263
-79.9263
-79.9263
-82.9017
-83.4827
-82.3877
-81.7268
-82.2301
-82.6381
-82.6381
-85.2133
-86.5962
-83.8133
-84.0787
-85.9675
-86.3508
-79.4617
-79.6673
-79.6673
-79.6673
-81.1726
-81.875
-85.576
-85.3912
-82.4555
-82.4555
-82.4555
-85.0504
-82.623
-82.6545
-91.3989
-91.2733
-92.0367
-83.7661
-80.8864
-80.8864
-80.8864
-80.8864
-81.4725
-81.4725
-80.5761
-80.5761
-80.5761
-81.7933
-81.7933
-80.9303
-80.7144
-80.7144
-81.7091
-81.7091
-80.7029
-80.7029
-80.7029
-80.8864
-80.7966
-80.8864
-80.81
-80.81
-80.81
-85.1311
-84.7586
-83.211
-82.7785
-82.2193
-82.2193
-82.2193
-80.6506
-82.2193
-81.625
-81.625
-80.8864
-80.8864
-80.8864
-80.8864
-80.8864
-80.8864
-80.8864
-80.8864
-83.1037
-83.1037
-80.8069
-81.3186
-79.9815
-79.9815
-79.9815
-79.8811
-79.8811
-82.0011
-82.0011
-81.4179
-81.4179
-79.5198
-79.5198
-88.8477
-87.4404
-82.4227
-82.3052
-82.5747
-82.4227
-84.349
-84.349
-83.6536
-83.6536
-83.6536
-82.1714
-84.6356
-84.1443
-82.069
-81.7372
-80.9939
-81.0192
-81.8906
-81.8906
-80.8864
-80.8864
-82.3739
-82.3739
-80.8864
-80.5984
-80.5984
-80.5984
-81.54
-81.54
-79.8996
-80.5531
-80.1483
-81.974
-81.0801
-81.0801
-81.0801
-81.0801
-85.6254
-89.4148
-81.6324
-80.78
-79.7539
-79.9631
-79.9631
-96.0284
-86.8493
-87.4887
-88.7632
-84.8682
-85.7152
-87.769
-84.4566
-86.3491
-85.8859
-84.0802
-85.2318
-84.6187
-86.3423
-84.7393
-84.6187
-84.8677
-80.8864
-80.8864
-82.5526
-84.8937
-86.9282
-86.9282
-86.9429
-85.7545
-85.5692
-85.5692
-85.0757
-84.2759
-87.0685
-86.0406
-87.9727
-87.9727
-84.6187
-84.6187
-84.6187
-84.6187
-84.6187
-79.999
-79.999
-79.999
-79.999
-80.8864
-79.9768
-80.8864
-80.8864
-80.0206
-81.2719
-81.4776
-81.4776
-81.4776
-80.441
-80.8084
-80.8084
-81.5652
-80.8864
-80.8864
-80.8864
-81.773
-85.9009
-87.3918
-84.7996
-85.6767
-85.6767
-86.896
-85.9884
-86.0948
-85.7091
-80.9475
-80.9475
-81.9322
-81.6481
-81.6481
-81.6481
-81.0483
-80.9218
-80.9218
-80.9218
-80.9218
-81.0483
-81.0483
-81.514
-81.514
-81.514
-80.8398
-80.8398
-81.514
-83.1101
-83.6478
-83.4261
-79.8742
-84.8232
-84.8232
-83.3075
-83.3687
-88.0693
-85.9276
-81.6432
-81.5834
-81.5834
-81.6432
-81.6432
-81.6432
-82.0978
-81.2607
-81.5009
-83.4234
-83.4058
-83.4058
-81.4807
-83.0415
-83.0415
-79.8024
-79.8024
-79.8024
-81.7365
-81.7365
-80.3667
-80.3667
-82.0821
-82.0821
-79.5891
-79.5891
-79.5891
-79.5891
-86.3893
-86.3893
-84.1996
-83.8683
-86.7674
-86.7674
-80.2072
-80.2072
-80.2072
-82.0837
-82.0837
-82.0837
-81.6792
-80.3112
-80.3112
-80.3112
-80.3112
-80.3112
-79.872
-82.124
-79.8959
-79.8959
-80.3455
-80.3455
-81.0303
-82.0446
-81.757
-80.9467
-80.9467
-80.9467
-83.5492
-85.0481
-82.2927
-82.1502
-82.1502
-81.3313
-82.047
-81.8488
-81.6115
-81.8488
-81.3456
-80.6778
-80.6778
-80.6778
-80.4014
-80.5013
-80.5013
-80.4014
-81.4683
-81.7071
-81.7071
-81.7734
-83.5889
-83.5889
-86.1405
-85.1201
-84.6893
-84.6893
-84.2195
-85.246
-85.246
-84.331
-84.331
-85.246
-84.8412
-82.4176
-82.4176
-81.8393
-81.8393
-82.8109
-82.931
-83.2066
-83.2066
-83.2066
-84.1303
-84.1303
-83.2066
-83.2066
-83.2066
-83.2066
-79.6773
-81.0018
-81.0018
-81.0018
-80.9642
-80.7721
-81.9972
-81.0244
-80.8864
-80.8864
-80.8864
-80.02
-79.2426
-79.2426
-81.5404
-81.0252
-80.331
-80.8864
-80.8864
-80.8864
-80.8864
-80.3373
-80.3373
-80.3373
-80.3373
-80.3373
-80.3373
-80.3373
-81.2855
-79.3694
-79.3694
-79.3694
-83.4189
-83.4189
-81.8783
-83.0264
-84.2541
-83.1104
-87.9458
-82.4555
-82.8493
-82.4555
-79.657
-79.657
-79.657
-81.4851
-81.4851
-81.4851
-82.726
-88.5637
-80.0868
-80.0868
-80.0868
-80.0868
-85.4513
-82.8653
-82.8653
-82.8653
-81.6547
-81.6547
-80.3107
-82.0061
-82.0061
-82.0061
-82.0061
-82.0061
-82.5526
-82.5526
-82.1714
-82.1714
-82.1714
-82.1714
-82.1714
-82.5263
-81.923
-83.3837
-85.1482
-85.1482
-85.1482
-84.7308
-84.16
-83.884
-80.8864
-80.8864
-80.8864
-80.8864
-80.6559
-80.6559
-82.4297
-82.4297
-81.64
-80.8864
-80.8864
-80.8864
-80.8864
-80.7633
-83.8146
-83.8146
-80.1587
-80.1587
-80.1587
-80.5518
-80.5518
-80.5518
-80.5518
-80.735
-80.735
-80.735
-80.735
-80.735
-80.735
-80.735
-79.0592
-79.0592
-79.4095
-79.4095
-80.3556
-79.6554
-79.6554
-79.6554
-80.8864
-80.8864
-80.8864
-80.8864
-80.8864
-81.5626
-81.5626
-81.0316
-80.8864
-80.8864
-80.8864
-80.8864
-80.8864
-80.8864
-81.6289
-82.4376
-82.4376
-83.0382
-83.0382
-84.7512
-87.9879
-81.7545
-80.907
-80.907
-80.1522
-80.1522
-80.8864
-80.4526
-80.4526
-80.8937
-80.8864
-80.8864
-80.6511
-80.6511
-80.6511
-82.1357
-82.1357
-82.1357
-80.5054
-80.5054
-80.737
-80.737
-80.737
-80.737
-80.4819
-80.2329
-80.2329
-80.2329
-82.1844
-84.7915
-85.3063
-80.4102
-80.4102
-80.4102
-80.4102
-80.8864
-80.8864
-80.8864
-79.8434
-80.5053
-80.5053
-80.5053
-80.5053
-80.1797
-80.1797
-80.4983
-80.4983
-80.1797
-80.1797
-82.4012
-82.4012
-81.9133
-81.9133
-80.9924
-80.5555
-80.5555
-80.5555
-81.4799
-80.8864
-80.1747
-80.1747
-79.7326
-80.8864
-80.8513
-80.8864
-80.8864
-80.8864
-82.4102
-80.4092
-80.4092
-80.8864
-80.8864
-80.0834
-80.0834
-80.0834
-81.0569
-80.0834
-80.0834
-81.3992
-81.3992
-81.3992
-81.3992
-81.3992
-80.8864
-81.3691
-80.6182
-80.6182
-80.6182
-81.0503
-81.0503
-81.3899
-79.7048
-79.7048
-79.7048
-79.7048
-81.4309
-81.4309
-85.1543
-82.3898
-82.6969
-85.6127
-82.2484
-81.9732
-81.8156
-80.6143
-80.6143
-79.7501
-79.7501
-80.1075
-85.2083
-85.2585
-85.5042
-82.1183
-82.1183
-82.0214
-81.0068
-81.0068
-80.7823
-83.1917
-83.1917
-82.0764
-83.728
-83.728
-83.7666
-83.7666
-85.3856
-84.8005
-82.6545
-82.6545
-81.9137
-81.6051
-82.6545
-81.7198
-82.6545
-82.6545
-82.6545
-82.6545
-82.6545
-84.1774
-85.0623
-85.0623
-82.7818
-80.9252
-80.9252
-81.5364
-81.4658
-81.4658
-81.4658
-80.1512
-80.1512
-80.1512
-81.0796
-81.0796
-81.4531
-81.4567
-82.6545
-80.919
-81.4112
-81.2342
-82.3701
-82.6545
-81.7625
-81.3614
-81.0859
-81.0859
-80.34
-89.0647
-90.3062
-90.075
-89.9834
-90.803
-89.0115
-87.9755
-88.7168
-93.6666
-90.9728
-94.8316
-92.9014
-88.0121
-88.0121
-87.3029
-87.2567
-87.3078
-87.1341
-87.8113
-88.1654
-88.1709
-88.0711
-89.597
-89.597
-89.6163
-88.6535
-89.7765
-88.6023
-89.8998
-89.3833
-89.3656
-86.0073
-87.9283
-86.1131
-86.1131
-86.1131
-86.5352
-85.1997
-88.4292
-87.3445
-87.3357
-86.8652
-89.2926
-87.5167
-86.9946
-87.3869
-86.5964
-86.5964
-86.814
-88.5575
-94.7519
-94.495
-92.3296
-92.4117
-83.4261
-83.4261
-83.4261
-83.8704
-81.2566
-81.2566
-81.6694
-88.6783
-85.852
-85.6942
-86.8836
-86.9469
-84.9451
-83.6899
-83.6899
-84.696
-83.8585
-81.8397
-81.7242
-81.416
-80.3003
-80.3003
-83.1219
-81.2875
-81.7811
-81.7811
-79.0836
-79.5538
-78.95
-79.5538
-79.5538
-79.5538
-79.5538
-79.5538
-79.4265
-79.4265
-79.4265
-79.4265
-80.2302
-79.4265
-79.4265
-80.3362
-87.7811
-79.5979
-81.7299
-85.8182
-85.1225
-80.8864
-82.068
-82.068
-82.068
-80.8864
-79.5483
-81.8646
-80.8864
-80.8864
-80.7402
-81.5136
-81.5136
-82.5548
-82.5548
-82.0252
-81.3462
-81.3462
-80.8864
-80.2581
-80.2581
-80.2581
-80.8864
-80.8864
-80.8864
-80.8864
-80.8864
-82.9
-82.9
-86.6318
-83.1803
-83.1803
-83.6343
-83.6343
-82.3799
-82.3799
-82.3799
-82.3799
-81.693
-81.693
-82.2252
-82.2252
-82.0057
-81.7681
-81.6837
-81.6837
-81.3142
-82.431
-83.5023
-83.5023
-82.5349
-82.5349
