ip_ml_12_rawLogTarget_unified = zeros(1000,1);
ip_ml_12_rawLogTarget_unified = [-72.631
-72.5768
-66.2799
-66.7624
-66.7624
-65.8474
-66.1303
-65.8474
-65.8474
-66.3903
-66.4016
-65.3912
-65.0986
-66.047
-67.6032
-65.8474
-66.4992
-66.4992
-65.8474
-65.8474
-65.8474
-67.1093
-68.6818
-66.7501
-65.7515
-65.7515
-65.8474
-65.5693
-65.8474
-66.1641
-66.1641
-66.1641
-66.1641
-66.4494
-66.4664
-72.3323
-69.3909
-65.9517
-65.9517
-65.3576
-66.1302
-67.2759
-72.2326
-75.6016
-73.5138
-66.6509
-67.3891
-67.7704
-66.2757
-66.2757
-66.1398
-65.7892
-65.7892
-65.7892
-66.8802
-66.1445
-67.358
-67.8082
-66.6987
-66.7517
-66.5873
-66.5873
-67.2221
-68.7789
-68.4693
-68.5038
-68.5038
-67.7563
-67.4338
-67.358
-67.358
-67.2221
-68.3631
-66.793
-67.2221
-67.2221
-66.8768
-66.8768
-66.5585
-66.5585
-66.4425
-66.5585
-66.2258
-71.6248
-71.5764
-71.6294
-72.0692
-72.7185
-70.8835
-70.8835
-71.5826
-71.5773
-71.7621
-71.3911
-71.5116
-72.3976
-72.6336
-65.1041
-64.7543
-64.7543
-64.7543
-65.4561
-65.1041
-65.1041
-65.1041
-65.2097
-65.2097
-65.2097
-65.2097
-66.5757
-66.5757
-64.3893
-64.3893
-66.4556
-65.5106
-65.354
-65.354
-65.354
-64.6246
-65.385
-64.6319
-65.1041
-65.254
-65.254
-65.8367
-66.0345
-64.5341
-64.5341
-64.2801
-69.3376
-68.5118
-65.8067
-65.8067
-65.4342
-65.4342
-65.4342
-65.4342
-63.1577
-63.1577
-63.7589
-63.137
-60.3497
-60.3497
-64.7369
-64.7369
-64.1018
-64.1018
-64.1018
-64.1018
-66.7493
-66.7493
-66.7371
-66.7371
-67.7959
-67.7959
-61.2492
-61.2492
-61.5072
-60.8296
-62.8137
-62.8137
-63.2647
-63.2647
-63.2647
-62.4147
-62.4147
-62.4147
-62.4147
-61.9016
-61.9016
-61.8388
-61.8388
-61.8388
-61.8388
-65.1041
-65.1041
-65.5203
-65.1553
-65.1553
-64.3177
-64.7302
-64.7302
-60.1432
-60.1432
-60.1432
-60.1432
-63.5622
-63.5622
-64.3367
-64.3367
-64.1955
-63.3981
-62.9098
-62.4673
-62.4673
-62.4673
-62.5023
-62.5023
-62.6218
-65.3479
-65.3479
-69.2031
-67.5244
-70.1359
-61.2492
-61.2492
-61.0084
-61.0084
-61.0084
-61.2492
-61.2492
-61.9533
-61.9533
-61.1157
-61.2492
-61.2492
-61.2492
-61.2492
-64.5444
-65.1041
-64.258
-64.5116
-64.2552
-64.2552
-63.0539
-63.362
-62.284
-62.284
-65.4523
-65.6833
-63.4364
-66.1941
-67.2163
-61.2492
-61.2492
-61.2492
-61.2492
-62.0907
-61.2492
-61.0917
-61.959
-60.9401
-61.4
-61.2492
-65.1041
-60.1884
-67.3878
-62.6218
-62.2327
-62.1126
-72.4098
-71.7698
-71.6554
-73.6826
-72.3988
-72.6153
-72.579
-72.0598
-71.4891
-72.7977
-66.0917
-65.6878
-70.184
-65.8782
-65.8782
-64.952
-66.3581
-66.4641
-66.4641
-68.0523
-72.5427
-71.7421
-71.8736
-71.3124
-71.4663
-69.4429
-71.7855
-65.0348
-65.0348
-64.7476
-64.7476
-66.0772
-68.7416
-64.5387
-64.9978
-64.9978
-65.4663
-65.4663
-64.9092
-65.1041
-64.4734
-64.5614
-66.3339
-64.0208
-65.3806
-66.2972
-74.1324
-71.9763
-72.163
-65.8425
-65.6196
-71.9212
-66.3657
-66.6982
-66.0196
-66.0196
-70.9985
-71.1277
-71.0923
-65.4899
-66.8944
-67.6063
-65.3088
-65.3088
-65.0705
-65.0705
-65.0705
-65.1041
-65.1041
-65.1041
-65.1041
-66.8525
-65.1041
-64.1466
-64.1466
-64.1466
-63.9006
-63.9006
-67.5324
-61.2492
-61.2492
-61.2492
-61.2492
-61.2492
-61.2492
-61.5485
-61.5485
-61.5485
-61.7082
-61.7082
-61.2492
-61.2492
-61.2492
-61.2492
-65.1041
-65.1041
-64.9526
-65.483
-64.2871
-64.2871
-64.2871
-64.968
-64.6877
-65.2099
-62.8154
-62.8645
-62.8645
-62.8645
-62.8645
-62.8645
-62.7724
-61.7364
-61.7364
-65.1125
-65.1125
-64.0559
-61.1726
-62.2601
-63.2208
-63.2208
-62.0358
-64.7784
-67.0626
-67.0626
-65.5392
-61.8367
-62.1896
-62.1896
-66.1459
-62.5506
-70.0948
-69.9884
-67.9957
-68.3657
-69.3294
-69.6325
-61.5994
-62.0293
-64.525
-64.525
-60.9886
-61.9091
-61.9091
-62.7727
-65.1041
-65.1041
-65.1041
-65.1041
-65.1041
-64.8929
-65.1041
-65.1041
-67.9313
-67.7471
-67.7471
-61.2492
-62.1787
-62.1787
-61.8647
-61.8647
-61.2492
-60.9907
-61.2492
-61.361
-62.1484
-62.1484
-66.2638
-63.4574
-62.6814
-62.6814
-61.9864
-61.9864
-61.9864
-61.7009
-61.9963
-61.9963
-61.7009
-61.7009
-61.7009
-65.1025
-64.8879
-64.9767
-64.6127
-64.9143
-64.9143
-63.9791
-63.6951
-63.9791
-64.6336
-64.6336
-64.6336
-64.6336
-64.6336
-62.7826
-62.6218
-62.6218
-63.7915
-63.7915
-63.0504
-63.0504
-62.6461
-62.089
-61.3388
-61.3388
-66.5305
-61.7374
-61.7374
-61.2492
-61.2492
-61.5707
-61.5707
-61.2492
-61.2492
-60.8229
-60.8229
-60.8229
-60.0716
-62.7121
-62.7121
-62.7121
-62.7121
-64.6301
-64.6301
-64.9827
-64.7039
-64.7039
-65.5331
-62.9757
-62.9757
-62.9757
-62.2162
-65.2451
-62.4673
-62.4673
-60.1918
-62.6218
-62.6218
-69.2648
-72.2883
-67.7214
-69.6954
-69.5718
-60.6285
-61.2492
-65.1041
-65.1041
-62.8513
-61.8457
-62.026
-61.9293
-63.1577
-63.1577
-63.1577
-63.1577
-63.1577
-63.8529
-63.8529
-62.5427
-62.2468
-62.2468
-62.2468
-62.2468
-64.1597
-64.1597
-65.1939
-65.1939
-61.2492
-61.2492
-61.2492
-61.2492
-62.2178
-62.2178
-62.2178
-62.2178
-61.2492
-61.2492
-61.1269
-61.1269
-62.2099
-62.2099
-61.2492
-61.2492
-63.5224
-63.5224
-63.5224
-63.5224
-61.9679
-61.9679
-61.9679
-62.0024
-61.3523
-60.9895
-60.9895
-60.9895
-62.2387
-62.2387
-62.2387
-61.2492
-61.2492
-60.2936
-60.2936
-61.2492
-61.2492
-61.2492
-62.3796
-61.2492
-61.2492
-61.2492
-61.2492
-61.2492
-61.2492
-61.2492
-61.2492
-60.9534
-61.2492
-61.1332
-60.7419
-60.7419
-61.2492
-61.2492
-61.2492
-61.2492
-61.2492
-60.674
-61.2492
-61.2492
-61.2492
-61.2492
-62.0907
-62.0907
-62.0907
-62.0907
-62.0907
-62.0907
-61.2492
-61.2492
-61.5121
-61.2492
-61.2492
-64.7799
-64.7799
-61.2492
-61.2492
-60.9684
-60.9684
-61.2492
-61.2492
-60.6285
-60.6285
-60.6285
-60.6259
-60.6259
-61.2492
-61.6473
-61.2492
-61.2492
-61.041
-60.9905
-60.9905
-61.2492
-61.2492
-61.3996
-61.3996
-61.3996
-61.3996
-61.2492
-61.2492
-60.3319
-60.3319
-60.3319
-60.3319
-60.3319
-61.2492
-61.2492
-61.2492
-64.6169
-64.6169
-63.2208
-63.2208
-62.0252
-62.0252
-62.0252
-62.0252
-62.0252
-61.9705
-61.9705
-61.9705
-61.8283
-61.8283
-64.6433
-64.6433
-65.1041
-65.1041
-62.6218
-62.6218
-61.6231
-62.6621
-62.6621
-62.6621
-62.8512
-62.8512
-64.3331
-64.3331
-64.3886
-64.3886
-62.4673
-62.4673
-62.6218
-62.6218
-62.6218
-62.6218
-62.6218
-62.6218
-62.7768
-62.7768
-62.7768
-62.6218
-62.6218
-62.6218
-62.6218
-62.6218
-62.6218
-61.0265
-61.0265
-61.7538
-61.7538
-61.699
-61.699
-61.699
-62.6283
-62.6283
-62.5285
-61.7421
-61.8434
-62.1745
-62.6218
-62.6218
-61.6566
-61.5192
-61.3196
-62.401
-62.401
-62.6218
-62.6218
-61.9293
-61.9293
-65.4342
-65.4342
-64.6049
-67.8208
-65.4289
-68.6328
-68.6982
-68.901
-68.8231
-68.8231
-67.3533
-67.5567
-68.8814
-68.4692
-68.5881
-67.792
-68.9138
-67.203
-67.6167
-68.4351
-68.4471
-68.4471
-68.4471
-71.9668
-67.4014
-67.4014
-67.0965
-68.515
-69.0368
-68.4226
-68.7173
-68.6631
-67.9108
-68.1354
-71.0037
-70.5939
-71.1109
-71.2613
-71.2546
-70.9512
-71.7872
-72.3868
-69.5754
-69.5754
-68.3636
-69.5896
-69.374
-69.6191
-73.3368
-73.8715
-69.8828
-69.8828
-69.5977
-71.0832
-72.9129
-73.6726
-72.1401
-73.5846
-72.2179
-71.7536
-70.6012
-70.3357
-71.7203
-72.2212
-72.6906
-72.7099
-71.674
-67.0681
-65.8763
-66.2201
-66.0993
-66.0993
-68.7697
-68.7697
-66.8694
-66.7115
-66.7848
-67.4586
-68.0263
-68.0263
-68.0263
-68.0263
-68.0263
-67.1206
-68.8947
-67.1513
-68.6535
-69.2399
-69.397
-69.9827
-69.1985
-68.204
-69.8318
-68.4351
-68.2625
-67.8879
-67.8879
-68.0102
-69.471
-67.7251
-67.6273
-68.3618
-68.9198
-68.9198
-67.6836
-68.0136
-68.9099
-65.4381
-69.0958
-66.7924
-66.38
-65.3067
-65.3067
-66.4828
-64.4785
-64.4785
-67.0239
-66.049
-67.1047
-66.1867
-66.8903
-67.2821
-65.9833
-66.3265
-67.6422
-66.465
-66.465
-66.049
-66.0135
-66.049
-66.0689
-66.0689
-66.049
-66.049
-66.2459
-66.7863
-67.6805
-66.5821
-67.4082
-65.5422
-65.5422
-67.262
-67.262
-67.6556
-67.6939
-67.6654
-67.262
-66.049
-66.049
-66.049
-66.1207
-66.1207
-66.0312
-66.4047
-66.4047
-70.243
-70.5317
-69.7476
-69.6029
-70.436
-72.3005
-67.9711
-67.5213
-67.7899
-68.2257
-70.9947
-70.5636
-70.7523
-69.75
-70.2947
-70.8919
-69.1874
-69.5202
-71.3773
-71.3882
-72.6409
-72.6409
-63.2208
-63.2208
-66.3488
-66.8494
-66.8494
-64.9593
-63.1399
-63.1399
-65.1041
-65.1041
-65.1041
-65.1041
-64.4
-64.4
-64.4
