ip_ml_11_rawLogTarget_unified = zeros(1000,1);
ip_ml_11_rawLogTarget_unified = [-63.9993
-64.0149
-58.353
-58.353
-57.9673
-57.9673
-57.864
-57.864
-57.864
-57.864
-57.9673
-57.9673
-57.9673
-58.4514
-57.0654
-57.2996
-59.995
-58.0451
-58.0912
-59.533
-59.1157
-59.1157
-57.9673
-57.9673
-57.9673
-57.9673
-57.9673
-57.9673
-57.9673
-58.5053
-57.9673
-59.0925
-58.0018
-60.4947
-57.3897
-58.0829
-58.534
-57.7263
-57.9673
-57.9673
-58.5041
-58.5193
-63.7498
-57.9673
-57.9673
-57.9673
-58.0466
-57.9673
-58.5589
-63.6708
-63.6141
-64.8069
-65.144
-63.8663
-66.6649
-64.8033
-64.0529
-64.0759
-59.0103
-58.6838
-58.6838
-58.6838
-58.6838
-58.3492
-58.2281
-58.6532
-57.7621
-59.1827
-59.1575
-59.1575
-59.6376
-59.1931
-58.8877
-59.0947
-59.1931
-59.1835
-58.7737
-59.1931
-59.1931
-60.5813
-60.3053
-59.6695
-59.3819
-60.1239
-58.228
-59.1931
-58.8105
-59.1223
-59.1931
-58.9705
-58.5856
-58.5856
-59.2835
-58.8852
-58.8852
-58.6014
-58.6014
-59.0822
-59.0308
-63.5058
-66.1519
-69.9599
-62.4259
-63.0414
-63.0378
-62.9823
-62.9578
-63.8418
-62.3193
-63.0066
-63.5917
-63.6065
-64.0167
-63.9789
-62.4579
-62.4579
-62.4545
-62.9888
-62.9895
-62.9105
-63.551
-62.051
-63.1883
-63.3088
-64.3626
-63.808
-63.4617
-57.3045
-56.9926
-57.6184
-57.3045
-57.3045
-57.3045
-57.3987
-57.3987
-58.6167
-58.6167
-56.9516
-56.9516
-56.6672
-57.7536
-57.523
-57.667
-57.5274
-57.5274
-57.3045
-57.3045
-57.555
-57.3045
-57.3045
-57.6344
-57.4596
-57.4382
-58.1127
-56.7963
-56.5698
-61.0596
-60.8711
-61.0531
-60.4908
-57.6512
-57.6894
-57.5989
-57.5989
-55.569
-56.7882
-56.7882
-56.9574
-56.4108
-56.4108
-57.3045
-57.3045
-58.7715
-58.4019
-59.7048
-59.7048
-58.3894
-58.3894
-59.7048
-58.938
-53.8673
-53.8673
-53.6666
-53.8673
-53.8673
-55.5382
-55.2623
-55.2623
-55.2623
-55.2623
-54.8912
-53.8673
-55.6253
-54.5953
-54.449
-54.393
-54.393
-57.3045
-57.6756
-57.3502
-56.9712
-52.8811
-56.6203
-56.6203
-56.6203
-56.4944
-56.4944
-56.4944
-56.1839
-54.9534
-54.9534
-54.9534
-54.9846
-55.0912
-57.5219
-57.5989
-59.42
-60.9595
-59.4627
-62.071
-63.8549
-64.3101
-64.1171
-61.4989
-53.8673
-53.8673
-53.6525
-53.8673
-53.8673
-53.8673
-53.8673
-53.8673
-53.8673
-57.8975
-57.3045
-55.6253
-56.7763
-56.7763
-58.2526
-57.4165
-55.0912
-55.4764
-55.4578
-54.7899
-57.5989
-56.0658
-58.2765
-62.3385
-59.8798
-59.6742
-65.1493
-65.158
-64.0518
-63.8188
-63.3355
-63.2772
-63.2035
-63.2325
-64.4223
-64.2452
-63.9209
-63.9383
-64.1551
-63.4931
-63.4983
-62.9358
-69.2075
-64.9197
-64.2811
-60.6052
-58.7654
-58.4183
-58.4183
-57.825
-61.8342
-57.9949
-57.9949
-57.6859
-58.5904
-58.5904
-58.5904
-57.7912
-57.0471
-57.0471
-60.6052
-58.4227
-58.5173
-58.5173
-59.877
-63.7812
-63.778
-63.7116
-63.9742
-63.7345
-63.0993
-63.8488
-61.4158
-61.4411
-62.9122
-63.2673
-63.098
-61.2913
-63.2622
-63.4958
-65.8299
-66.7479
-66.106
-65.2567
-65.0666
-57.0847
-57.4516
-57.4771
-57.4771
-60.548
-57.3045
-57.046
-57.2098
-57.2098
-57.2098
-57.3045
-57.3045
-56.7422
-56.7422
-56.3386
-56.3386
-57.3045
-57.3045
-64.2831
-65.3641
-64.1226
-71.5631
-64.0021
-63.5988
-64.6402
-58.6796
-57.963
-57.8294
-58.6375
-63.1544
-63.0007
-58.4295
-58.4295
-58.0746
-57.9673
-57.9673
-62.4169
-62.341
-57.6486
-59.0974
-57.4871
-57.4871
-57.2746
-57.3045
-57.3045
-57.3045
-59.7108
-56.4508
-56.4508
-56.2314
-59.4698
-53.8673
-53.8673
-53.8673
-53.8673
-53.8673
-53.8673
-53.8673
-53.8673
-57.3045
-58.8074
-57.3045
-56.576
-56.576
-57.1832
-56.9333
-57.1981
-57.3045
-55.2638
-54.5708
-55.3076
-55.3076
-55.3076
-55.3076
-55.6253
-57.312
-56.3699
-53.799
-55.6253
-55.6253
-54.5854
-55.6253
-55.6253
-54.5686
-57.7147
-56.6553
-58.3879
-57.3045
-57.6925
-56.9074
-54.7058
-54.7058
-54.7058
-55.0912
-55.0277
-55.0277
-62.0175
-63.9245
-59.782
-60.2129
-60.2129
-61.1745
-61.1066
-60.7
-61.9429
-56.7882
-56.7882
-54.5101
-57.3045
-57.3045
-57.3045
-57.3045
-57.3045
-57.3045
-57.3045
-59.8255
-59.8255
-53.8673
-54.696
-54.416
-54.416
-53.8673
-53.8673
-53.8673
-53.9669
-53.9669
-53.2202
-53.8673
-53.8673
-59.4143
-55.8362
-55.8362
-55.8362
-55.1443
-55.1443
-54.5246
-54.27
-54.27
-54.27
-54.27
-57.3045
-58.1845
-57.1118
-57.191
-56.8664
-56.3014
-56.3014
-56.3014
-57.1522
-56.885
-56.885
-55.2346
-55.0912
-55.0912
-55.0912
-56.1341
-55.4734
-55.1128
-55.1128
-54.7139
-62.6817
-58.5765
-58.5765
-58.6513
-54.3025
-53.7968
-53.8673
-53.8673
-53.4872
-55.1717
-55.1717
-58.8608
-57.3045
-57.3045
-56.9477
-58.5059
-57.6871
-54.974
-55.4067
-57.4303
-57.4303
-54.9534
-54.9534
-55.0912
-55.0912
-61.3085
-61.6221
-63.35
-59.5489
-61.4271
-61.3986
-55.569
-55.569
-55.569
-55.569
-56.1889
-56.1889
-55.0206
-55.0206
-55.0206
-56.7882
-56.7882
-56.4625
-56.4625
-56.4625
-56.4625
-56.4625
-57.3846
-57.3846
-53.8673
-53.8673
-54.1149
-54.1149
-53.8673
-54.7309
-53.8673
-53.8673
-53.7582
-53.8673
-53.8673
-53.8673
-53.8673
-53.8673
-55.8942
-53.8673
-54.5081
-54.5389
-54.5389
-53.8673
-53.8673
-53.8673
-53.6404
-53.8673
-53.8673
-53.8673
-53.8673
-53.8673
-53.8673
-53.8673
-53.8673
-53.8673
-53.8673
-53.8673
-53.8673
-53.8673
-53.8673
-53.8673
-53.8673
-53.8673
-53.8673
-53.8673
-53.8673
-53.8673
-53.8673
-53.8673
-53.8673
-53.8673
-53.8673
-53.8673
-53.8673
-53.8673
-53.8673
-53.8673
-53.8673
-53.8673
-54.6176
-54.6176
-54.6176
-53.8673
-53.8673
-53.8673
-53.8673
-53.8673
-53.8673
-53.8673
-53.8673
-53.8673
-53.9999
-53.7268
-53.8673
-53.8673
-54.5001
-54.5001
-53.8673
-53.5916
-53.5916
-54.0017
-54.0017
-53.8673
-53.3138
-53.3138
-53.3138
-53.3115
-53.8673
-53.8673
-53.8673
-53.8673
-53.8673
-53.8673
-53.8673
-53.8673
-54.0014
-54.0014
-53.8673
-53.8673
-53.8673
-53.8673
-54.0665
-57.3045
-57.3045
-56.8701
-55.6253
-54.5592
-54.5105
-54.3837
-56.7763
-56.9942
-59.3183
-58.8889
-56.6203
-56.6203
-55.8094
-56.6203
-56.6203
-57.3045
-57.3045
-57.1864
-57.3045
-57.3045
-57.3045
-57.3045
-57.3045
-56.6818
-59.7891
-59.7891
-55.0912
-55.0912
-55.0912
-55.1271
-55.1271
-55.0912
-58.8359
-56.4707
-56.4707
-54.9534
-54.9534
-55.0912
-55.0912
-55.0912
-55.0912
-55.0912
-55.0912
-54.3991
-54.3991
-55.2294
-54.7412
-55.0912
-55.0912
-55.4578
-55.4578
-54.7442
-55.4578
-55.4578
-55.0912
-55.0912
-54.5599
-54.5599
-56.6425
-56.6425
-53.6687
-53.6687
-54.3172
-54.3172
-55.36
-55.36
-55.008
-54.2559
-55.0912
-55.0912
-54.2305
-54.2305
-55.0912
-54.2772
-54.4737
-54.4737
-54.4737
-57.5989
-57.5989
-56.8594
-56.8594
-59.7269
-56.8293
-59.653
-59.653
-59.7742
-59.3814
-60.6207
-60.6207
-59.5805
-59.5805
-59.4915
-60.8682
-60.2259
-59.707
-60.7015
-60.7015
-59.5264
-59.6012
-59.4067
-59.6236
-59.6974
-63.1631
-63.6014
-60.4105
-59.4149
-60.1581
-60.2268
-60.2215
-59.883
-60.1794
-60.2382
-60.2615
-62.5232
-62.4821
-62.6253
-62.0939
-62.9913
-63.8339
-60.5451
-60.5451
-61.3895
-59.7942
-61.3042
-61.3042
-61.2101
-61.3162
-64.9295
-64.8205
-61.842
-62.6654
-62.6844
-62.492
-64.3466
-64.6483
-64.4069
-63.4442
-64.7655
-64.8857
-63.6935
-63.6863
-63.7485
-63.6673
-62.22
-63.036
-62.1949
-62.4111
-63.3192
-63.4384
-62.7044
-62.96
-63.1384
-64.1413
-64.0865
-64.4591
-64.1112
-62.9998
-63.2556
-63.6393
-58.9428
-57.9931
-58.2997
-58.2997
-58.1919
-61.2335
-60.9402
-58.9008
-59.404
-60.6894
-61.8583
-62.8634
-64.4973
-59.9102
-60.9297
-61.1914
-62.1895
-61.3
-60.4288
-60.6846
-59.13
-60.4694
-60.4694
-61.0521
-60.9924
-60.9924
-60.0687
-60.1208
-61.3707
-60.2316
-60.3256
-59.6724
-59.8489
-59.5544
-60.078
-62.2471
-61.0694
-60.4734
-61.4401
-60.4731
-60.4734
-60.928
-59.6046
-60.2316
-60.2316
-60.8394
-60.1051
-60.1051
-60.651
-60.1653
-61.0688
-57.7708
-57.6024
-60.204
-60.2258
-58.8058
-60.8552
-60.2743
-59.3307
-64.7384
-63.8812
-63.5641
-59.5898
-58.4606
-59.5898
-59.5898
-58.5596
-57.1787
-58.1471
-58.1471
-58.1471
-58.1471
-59.0884
-59.0884
-58.2699
-58.8973
-58.8973
-58.3946
-58.3514
-60.1726
-58.8647
-58.5181
-58.7324
-60.1726
-58.1471
-58.1471
-58.1471
-58.1648
-58.1471
-58.3227
-59.4164
-58.8046
-58.8046
-59.359
-59.359
-58.9827
-59.6107
-58.4083
-59.2287
-59.2287
-58.1471
-58.1471
-58.1471
-58.6137
-60.095
-58.1471
-58.1471
-61.8289
-62.588
-62.8867
-62.3453
-62.1442
-62.1427
