ip_ml_0_rawChain_unified = zeros(1000,3);
ip_ml_0_rawChain_unified = [7.8176585347981273e+00 6.9998232992486455e+00 9.3105293422847235e-01 
2.0882550957687204e+01 6.9883817347775823e+00 1.1224533824026153e+00 
8.1201023135155125e+01 4.3452038428126434e+00 9.5539347597830182e-01 
3.8863765371432699e+01 3.6591987172473806e+00 1.0396297655475173e+00 
3.8424912705374119e+01 9.5071478163334451e+00 7.5128919777760639e-01 
3.2299490257275252e+01 2.9069632774581646e+00 5.6422407523961904e-01 
4.7553379879243742e+01 7.6905925852214949e+00 5.8963475205681415e-01 
3.3253180952759558e+00 8.8177597565339330e+00 3.6781756052312603e-01 
5.7762067406148454e+01 9.3646290327215045e+00 1.1332100957999358e+00 
1.2767805481876547e+01 4.5956817042276423e+00 3.9357505956262245e-01 
2.0161090136398510e+01 5.4520550617865213e+00 1.1387156047755240e+00 
1.7038129852940787e-01 4.2441238885938786e+00 5.6640288372568715e-01 
9.9076604923490081e+01 2.4169696658743707e+00 9.1504162211666862e-01 
2.4964309384918792e+01 3.0081243973537499e+00 8.8823266734182549e-01 
2.7534687487247922e+01 7.8112029273962627e+00 7.3721541027926629e-01 
7.9788260270281191e+00 3.2405227207718754e+00 5.0148747463622523e-01 
7.1262428303164800e+00 8.1184171420134565e-01 6.1435720238526836e-01 
2.2933687381139382e+01 5.8510392680022258e+00 4.9362784769011797e-01 
7.4126782968766179e+01 2.9029863870589860e+00 3.7793551542714071e-01 
5.1765057212581127e+01 3.8204268328644448e+00 9.6677094722753831e-01 
1.3459494543576877e+01 5.2651437774201728e+00 9.9937011594952163e-01 
3.8509395359642333e+01 1.9907128555176981e+00 4.6580018220755620e-01 
2.2259028767527532e+01 1.4900684397253205e+00 3.6987969564903339e-01 
7.5433261706709203e+01 3.3814945449841431e+00 3.0797067215337820e-01 
2.0528084034856363e+01 7.6560611170485693e+00 1.0495418812159591e+00 
7.9638201272413170e+01 2.9486696735555089e+00 9.5634833483114501e-01 
5.1902081913103313e+00 8.4288965964170437e+00 9.2736975425351598e-01 
3.2128018606877994e+01 5.7837063982507573e+00 8.2267667241484399e-01 
5.8825494398633209e+00 3.1177083225464806e+00 9.3512377227982024e-01 
5.9199648422280440e+01 8.7967279350096970e+00 1.1798688653388474e+00 
1.9246292964269749e+01 9.0016409113066924e+00 9.0239448938155387e-01 
4.6770168742098789e+01 4.6061026565037908e+00 6.4538047923996511e-01 
7.5780623964159986e+01 7.2545071773749834e+00 1.0536466744256472e+00 
6.9661087574184478e+01 2.9244579365597958e+00 5.1043548976771258e-01 
1.0058534070674769e+01 9.0855283432993801e+00 4.5907103458574100e-01 
6.8315722063985916e+01 1.4132156191213456e+00 9.5161928706557641e-01 
4.2187263673535504e+01 4.5169634914366785e+00 8.3662163477886220e-01 
1.7549496584862013e+01 7.4436130954947117e+00 8.8562963135102346e-01 
6.7982228661552853e+01 6.4348691532258151e+00 6.4348533391769958e-01 
5.3366616815604871e+01 3.5051591624998952e+00 1.1550498614608926e+00 
4.2695830995860845e+01 6.8547031082932330e-01 1.0953651153336394e+00 
2.0451849393740105e+01 6.7237214988613625e-01 8.8243808492642084e-01 
7.4474800543243603e+01 2.3654547824226930e+00 1.0952796865775489e+00 
7.5990625632284946e+01 3.5662398276719283e+00 2.8625490110748403e-01 
1.3724320028442543e+01 2.2590238011490569e+00 3.0938111158299436e-01 
7.2815635949839319e+01 7.0122277662459238e+00 1.1132195994341003e+00 
3.4392040734156303e+01 9.5956037067603237e+00 9.5450494967438781e-01 
5.6294323085970397e+01 2.9789991584760447e+00 1.1562742352038320e+00 
1.0119309395997021e+01 8.7164320066492387e+00 2.4349066909589895e-01 
3.2840066801758148e+01 6.8921224746860092e+00 1.0097413625248641e+00 
5.9738978196516513e+01 9.0874554024511003e+00 8.3805073914917538e-01 
2.3574636053406795e+01 2.2893808190116918e+00 6.2886475176121404e-01 
3.8833529093735756e+01 7.1014453617930453e+00 7.4895942934798110e-01 
1.2986009506762779e+01 6.6401812306941563e+00 6.5822859709748438e-01 
7.3887773895628754e+01 3.7898384268528615e+00 9.9539350870934551e-01 
2.3441275165933437e+01 8.0252635820529861e+00 7.3405276943306386e-01 
7.7163150070827044e+01 3.5438170391174708e+00 9.2128070732313883e-01 
9.5859253253762731e+01 3.7163710227204438e+00 7.1806743952102248e-01 
8.1990328516531662e+01 1.7883486725235624e+00 9.7348125709347566e-01 
7.2754912348857147e+01 3.6337194339190204e+00 2.7708749563400376e-01 
7.3130029591828617e+01 8.9298610540141947e+00 7.0842578931924005e-01 
7.2042675783602476e+01 9.4085855439667512e+00 1.1018089085216445e+00 
5.5740789309873996e+01 2.5263309336961126e+00 1.1236121971040454e+00 
7.2737081134052133e+01 8.1606451521762902e-01 2.1737397339961434e-01 
1.6187430655513992e+01 4.6658557880764393e+00 3.9039972474705992e-01 
2.7221592169505666e+01 9.9258272834243204e+00 1.1972647215535133e+00 
4.3327285384186219e+01 4.1980371119161841e+00 1.0864920914039409e+00 
1.3474728264652621e+01 3.0715892884956557e+00 3.3670984616932104e-01 
7.0994502619741638e+01 2.3839345429987109e+00 9.8394306040665991e-01 
4.2316101088679666e+01 7.6079385866566067e+00 1.0503021694148529e+00 
6.0868582006876011e+01 8.5979877622454186e+00 8.3274626174255029e-01 
3.9819054325392344e+01 8.4423281885330717e+00 1.1888748933406610e+00 
3.5778097786286992e+01 3.4143163072247167e+00 1.0620871328435129e+00 
6.2082257700821565e+01 6.2339047645599726e+00 3.8109388357964208e-01 
8.2210426056641396e+01 4.4578255141309953e+00 8.0593498434452182e-01 
3.4556737416690801e+01 7.9300873292798357e-01 6.2716945361563314e-01 
8.1704736061050681e+01 2.2726505737132605e+00 5.6998960308763880e-01 
9.9738831122515833e+01 6.0687917414019719e+00 6.1993302254856242e-01 
3.1477667522592178e+01 8.4375939822422446e+00 9.0760437923095050e-01 
5.8391366361934288e+01 6.9612130503840115e+00 4.7664139034932235e-01 
9.8116758008033642e+01 1.6965221815589915e+00 7.3482947619107075e-01 
2.7580776228614155e+01 9.3262235393472306e+00 6.2610145009291140e-01 
9.5514928381919518e+01 3.5188167157769188e+00 1.1239546171468973e+00 
1.6748666672410366e+01 8.0277928611265974e+00 5.3119076027779921e-01 
4.8328203011250672e+01 3.1389076086861611e-01 1.1418030632245901e+00 
4.9336490549666728e+01 4.9168935618889629e+00 4.3397777098238494e-01 
2.9611470489375151e+01 9.3080468077918255e+00 9.7958426841789570e-01 
6.6294870548437048e+00 6.9025085064916549e+00 1.1000907153153328e+00 
8.2716224462950194e+01 9.9229032906246708e+00 2.9048884355665266e-01 
4.0124016827196884e+00 4.7140611222902684e-01 5.0258667506722854e-01 
9.4294643801478742e+01 8.3384948182633636e+00 9.9098117180126688e-01 
9.0446255796117285e+01 9.3949632738809594e+00 2.5225112294206015e-01 
5.7853879195579641e+00 3.9001899416861296e-01 8.4697987474101022e-01 
2.2532087764627114e+01 8.4478861806617651e+00 2.5652184631883018e-01 
4.2753982983146850e+00 8.9821371016789797e+00 1.0939422745570979e+00 
2.1694125169728768e+01 3.4215353184485462e+00 1.0568341842752644e+00 
2.8892381310640769e+01 1.6607545210696852e+00 4.8592496186893613e-01 
7.8312284021327059e+01 4.1869798114514927e+00 6.4663090133653323e-01 
5.1762105423919557e+01 9.4838357897588512e+00 3.7404221437565682e-01 
8.4391074269228284e+01 4.7233260370745001e-01 1.1763143563090608e+00 
3.8722310279918062e+01 1.7815242136448708e+00 8.6794791899165058e-01 
1.0568613775337846e+01 6.2124451173397288e+00 4.1195545426565944e-01 
4.5875646543378721e+01 1.6225176234084701e-01 4.5158029515426606e-01 
5.8992320810218281e+01 6.0857424132359652e+00 5.1258159684084670e-01 
5.7949973288180203e+01 3.1457752613665912e-01 6.2797535976508523e-01 
8.9579136355645161e+01 9.7955696719306684e-01 6.0553854251099959e-01 
5.4636372837838067e+01 5.4764569161459100e+00 7.9814387118083796e-01 
9.0893279526196793e+01 3.9077831339228020e-01 2.9139629396589301e-01 
5.3230837649358996e+01 6.6268588902238070e+00 5.3717827745345370e-01 
9.2643691357665048e+01 8.2971850866367554e+00 8.2235941526098411e-01 
2.5091314192341788e+01 2.2376512327318641e+00 5.5018430533412821e-01 
2.4181455571221164e+01 9.2535443251234888e+00 1.0047297690989196e+00 
1.5508377592072087e+01 3.2992832520390638e+00 5.4133041466083109e-01 
