ip_ml_7_rawChain_unified = zeros(1000,3);
ip_ml_7_rawChain_unified = [5.9185642425327259e+01 5.2064591613541147e+00 9.3655179094680141e-01 
6.9598240340629260e+01 5.4789067468485815e+00 1.1409090418337946e+00 
2.1748817268416984e+00 1.1830883483285606e+00 4.9438828894374998e-01 
2.1748817268416984e+00 1.1830883483285606e+00 4.9438828894374998e-01 
2.1748817268416984e+00 1.1830883483285606e+00 4.9438828894374998e-01 
2.1748817268416984e+00 1.1830883483285606e+00 4.9438828894374998e-01 
2.1748817268416984e+00 1.1830883483285606e+00 4.9438828894374998e-01 
2.1748817268416984e+00 1.1830883483285606e+00 4.9438828894374998e-01 
2.1748817268416984e+00 1.1830883483285606e+00 4.9438828894374998e-01 
2.1748817268416984e+00 1.1830883483285606e+00 4.9438828894374998e-01 
2.1748817268416984e+00 1.1830883483285606e+00 4.9438828894374998e-01 
2.1748817268416984e+00 1.1830883483285606e+00 4.9438828894374998e-01 
2.1748817268416984e+00 1.1830883483285606e+00 4.9438828894374998e-01 
2.1748817268416984e+00 1.1830883483285606e+00 4.9438828894374998e-01 
2.1748817268416984e+00 1.1830883483285606e+00 4.9438828894374998e-01 
4.1062469900966860e+01 3.6210872359903599e+00 2.3015558388342439e-01 
4.1062469900966860e+01 3.6210872359903599e+00 2.3015558388342439e-01 
4.1062469900966860e+01 3.6210872359903599e+00 2.3015558388342439e-01 
1.3110182559544905e+01 5.3142903198703291e+00 1.1065457627392226e+00 
3.5702851661892254e+01 5.2983066979916442e+00 8.7638171416744515e-01 
3.5702851661892254e+01 5.2983066979916442e+00 8.7638171416744515e-01 
3.0205085391689504e+01 7.8175390142049066e+00 1.1666896353356560e+00 
1.5060632746541883e+01 4.8711003519478595e+00 2.6361009229301086e-01 
6.1996967801071392e+01 5.0018176891340937e+00 7.8253620747312380e-01 
7.0449472109608934e+01 6.5565061474698156e+00 1.1811600563393723e+00 
6.7209568770590380e+01 5.9884699611205052e+00 1.1691673515029288e+00 
6.7209568770590380e+01 5.9884699611205052e+00 1.1691673515029288e+00 
5.1846509428482321e+01 4.9279900512332642e+00 9.5909740926830145e-01 
3.0085701409626150e+01 5.3462200493860905e+00 8.1355333142672204e-01 
5.5846711720014063e+01 7.4719296263723987e+00 1.1640815649145844e+00 
5.5846711720014063e+01 7.4719296263723987e+00 1.1640815649145844e+00 
5.0561383948197161e+01 6.8709287441546838e+00 9.5772609428098754e-01 
5.8284581539883384e+01 7.5763846265046393e+00 9.8766648838232562e-01 
3.7262586684021493e+01 6.3798993429804778e+00 5.8509845956012130e-01 
1.3089231890952647e+01 3.2121847440284155e+00 7.9148946551986443e-01 
1.3089231890952647e+01 3.2121847440284155e+00 7.9148946551986443e-01 
4.0456491171207986e+01 5.7000211218413748e+00 6.4684924042888547e-01 
2.0642796278834538e+01 3.6621116672399969e+00 4.3411595469119579e-01 
3.1748526623541039e+01 4.6768163453163041e+00 5.7665585473307490e-01 
8.3865931189034782e+01 5.9542037696714312e+00 1.1443502012220208e+00 
7.6072225581485938e+01 5.3944271749184098e+00 1.1220318871111044e+00 
5.8619186398826471e+01 5.9458630538214878e+00 1.0176984146937822e+00 
6.1525334415072102e+01 4.7718580155473518e+00 9.3158423895801568e-01 
6.1525334415072102e+01 4.7718580155473518e+00 9.3158423895801568e-01 
5.7750181262870051e+01 4.9481942941324144e+00 9.5479984363948645e-01 
5.7750181262870051e+01 4.9481942941324144e+00 9.5479984363948645e-01 
7.8931194668598081e+01 7.3474757568389464e+00 1.1843434126377446e+00 
7.8931194668598081e+01 7.3474757568389464e+00 1.1843434126377446e+00 
2.0713914273586816e+01 4.3345244661382623e+00 7.6348665197825283e-01 
4.2248034011659271e+01 5.5760391644208243e+00 1.0166150942754890e+00 
5.7552534973621491e+01 4.9441920000945974e+00 7.9560226326747585e-01 
2.9852118824030292e+01 5.4424574679587305e+00 1.1355905848841581e+00 
9.3283637111378511e+01 5.3872893213588737e+00 6.5293098200095212e-01 
7.5386257348864177e+01 4.3589039852319935e+00 5.7916088749254113e-01 
6.2607300089020271e+01 3.9071961597597409e+00 4.8937861663854021e-01 
9.3267430902677702e+01 6.4840825224097340e+00 8.8548207207676499e-01 
6.8393106110930830e+01 5.5198034432214618e+00 1.1569639819512905e+00 
5.4811136987697019e+01 5.5317035036514595e+00 9.0853746023949611e-01 
5.2945243766390071e+01 4.9603723145609537e+00 6.8011792419695716e-01 
4.4387158188854102e+01 3.7865529451605529e+00 5.9674666967866130e-01 
4.5683582298289792e+01 4.2423021608453961e+00 8.7730904304994772e-01 
7.3560287558622775e+01 5.3793039707291488e+00 1.0921788361283182e+00 
6.7124911506440043e+01 4.6379961142076480e+00 9.4585473219216110e-01 
7.6260768367155137e+01 6.0150291135182998e+00 9.4648276164508016e-01 
2.2655360677706156e+01 2.7816920233335134e+00 4.7470910281241130e-01 
5.0437369018459172e+01 4.6842782722282523e+00 8.3365138980303866e-01 
6.3011457296545352e+01 5.1242119207959096e+00 1.0693931328218276e+00 
8.6639150542074034e+01 5.4230890520471284e+00 8.8141116813527209e-01 
8.6639150542074034e+01 5.4230890520471284e+00 8.8141116813527209e-01 
8.6639150542074034e+01 5.4230890520471284e+00 8.8141116813527209e-01 
9.5899086118766292e+01 4.3614400626350029e+00 7.0628111014761974e-01 
9.5899086118766292e+01 4.3614400626350029e+00 7.0628111014761974e-01 
9.9918063718221106e+01 4.3956461572667145e+00 7.5214455905338373e-01 
9.5899086118766292e+01 4.3614400626350029e+00 7.0628111014761974e-01 
9.0913878098509414e+01 3.7753220271803594e+00 5.4451902495590310e-01 
8.5698641659147114e+01 3.3167122456381968e+00 5.5052133168237094e-01 
7.0819695216509245e+01 3.7181983301353299e+00 4.8922681027451581e-01 
7.2402881974558312e+01 4.1159597196567494e+00 5.8115870787125523e-01 
1.8321087751553559e+01 2.3759542218278886e+00 3.3679793387239770e-01 
3.5555715989207400e+01 3.4294499920034753e+00 2.0837796605766967e-01 
9.0655512527051165e+00 3.2548550002230603e+00 1.0134821967226690e+00 
7.0602651316738267e+00 1.9653619442119965e+00 5.6846140012146518e-01 
1.8321087751553559e+01 2.3759542218278886e+00 3.3679793387239770e-01 
6.1335032408342158e+00 1.5439590902428182e+00 2.1541509520042385e-01 
6.1335032408342158e+00 1.5439590902428182e+00 2.1541509520042385e-01 
3.4402434947492431e+01 2.8944485072564929e+00 4.3105447286718990e-01 
3.7470941683861852e+01 3.7906422260920749e+00 5.0443401630069618e-01 
4.9574272517470774e+01 3.3261301376078336e+00 2.9947524807901360e-01 
4.4519397682869339e+00 1.7230233139275546e+00 4.8339915889519697e-01 
1.7624799427874116e+01 2.9708203611645319e+00 4.7481633531929662e-01 
2.0210795971270251e+01 2.3141546564216147e+00 2.0101421368750716e-01 
6.2139634585629750e+01 4.6547926062673675e+00 9.3809003431857030e-01 
1.9228802257386636e+01 3.0018961577830239e+00 4.2593957553728962e-01 
4.5529208088736812e+00 2.2500536372053963e+00 9.7340128753023991e-01 
3.7338155772549801e+00 2.0246695160250945e+00 8.7115049691467861e-01 
2.8515439175217123e+00 1.7737362197674149e+00 9.9872711501966971e-01 
2.8515439175217123e+00 1.7737362197674149e+00 9.9872711501966971e-01 
2.8515439175217123e+00 1.7737362197674149e+00 9.9872711501966971e-01 
2.8515439175217123e+00 1.7737362197674149e+00 9.9872711501966971e-01 
3.5089978403767663e+00 2.5024391190768620e+00 9.3642909562141874e-01 
3.5089978403767663e+00 2.5024391190768620e+00 9.3642909562141874e-01 
2.8515439175217123e+00 1.7737362197674149e+00 9.9872711501966971e-01 
2.8515439175217123e+00 1.7737362197674149e+00 9.9872711501966971e-01 
2.8515439175217123e+00 1.7737362197674149e+00 9.9872711501966971e-01 
2.8515439175217123e+00 1.7737362197674149e+00 9.9872711501966971e-01 
2.8515439175217123e+00 1.7737362197674149e+00 9.9872711501966971e-01 
2.8515439175217123e+00 1.7737362197674149e+00 9.9872711501966971e-01 
2.8515439175217123e+00 1.7737362197674149e+00 9.9872711501966971e-01 
2.8515439175217123e+00 1.7737362197674149e+00 9.9872711501966971e-01 
2.8515439175217123e+00 1.7737362197674149e+00 9.9872711501966971e-01 
2.8515439175217123e+00 1.7737362197674149e+00 9.9872711501966971e-01 
2.8515439175217123e+00 1.7737362197674149e+00 9.9872711501966971e-01 
2.8515439175217123e+00 1.7737362197674149e+00 9.9872711501966971e-01 
