ip_ml_12_rawChain_unified = zeros(1000,3);
ip_ml_12_rawChain_unified = [6.4620143338003004e+01 5.4670551592350245e+00 9.6855679255384453e-01 
6.3796611477477462e+01 5.4881089471382509e+00 9.8941855392266342e-01 
2.3325363596765754e+00 1.3353743752359386e+00 5.8433476323885192e-01 
1.7477897096990143e+00 1.2849988474257314e+00 5.9382617779138425e-01 
1.7477897096990143e+00 1.2849988474257314e+00 5.9382617779138425e-01 
2.1748817268416984e+00 1.1830883483285606e+00 4.9438828894374998e-01 
2.6579652122329835e+00 1.1227967964868375e+00 3.8484774059817145e-01 
2.1748817268416984e+00 1.1830883483285606e+00 4.9438828894374998e-01 
2.1748817268416984e+00 1.1830883483285606e+00 4.9438828894374998e-01 
2.7322217782321880e+00 1.2522802141332905e+00 4.9935461428448835e-01 
2.6336429495513412e+00 1.3364977444818111e+00 5.5285781162561187e-01 
1.4570539583720374e+00 1.0071538787641403e+00 5.4138595641303666e-01 
1.4907756496862477e+00 9.6918181099669798e-01 5.1014286866293568e-01 
1.5323753685556940e+00 1.0845657747440967e+00 5.1879505686706062e-01 
1.1205470365624579e+00 1.0383375398592944e+00 5.1095801823689446e-01 
2.1748817268416984e+00 1.1830883483285606e+00 4.9438828894374998e-01 
2.8131680720468406e+00 1.2815207832328130e+00 4.8727814740754838e-01 
2.8131680720468406e+00 1.2815207832328130e+00 4.8727814740754838e-01 
2.1748817268416984e+00 1.1830883483285606e+00 4.9438828894374998e-01 
2.1748817268416984e+00 1.1830883483285606e+00 4.9438828894374998e-01 
2.1748817268416984e+00 1.1830883483285606e+00 4.9438828894374998e-01 
3.0314429852336908e+00 1.2441548711795849e+00 5.0555972351568301e-01 
3.5217815119784857e+00 1.2951843816042485e+00 5.2636119528819436e-01 
2.7290396264172219e+00 1.0861744509802556e+00 4.6262213986472384e-01 
2.2059555876866281e+00 1.1978322295565682e+00 5.5357561607801253e-01 
2.2059555876866281e+00 1.1978322295565682e+00 5.5357561607801253e-01 
2.1748817268416984e+00 1.1830883483285606e+00 4.9438828894374998e-01 
1.9469899349558131e+00 1.1498424765037831e+00 5.5258059457804731e-01 
2.1748817268416984e+00 1.1830883483285606e+00 4.9438828894374998e-01 
2.5381895398882648e+00 1.2518430573068924e+00 5.1726963801626502e-01 
2.5381895398882648e+00 1.2518430573068924e+00 5.1726963801626502e-01 
2.5381895398882648e+00 1.2518430573068924e+00 5.1726963801626502e-01 
2.5381895398882648e+00 1.2518430573068924e+00 5.1726963801626502e-01 
1.5382993204333177e+00 1.0998061547702915e+00 4.7908007708621858e-01 
1.9761075443871181e+00 1.2544366284552435e+00 5.1587907952653689e-01 
7.3773163379248596e-01 1.1944741475369707e+00 5.1109912516919909e-01 
4.2012281328853973e+00 1.4226689395840184e+00 4.9747281314064273e-01 
2.4232700330195613e+00 1.1924324789648493e+00 4.8754000016595767e-01 
2.4232700330195613e+00 1.1924324789648493e+00 4.8754000016595767e-01 
1.9517534360111617e+00 1.0832678816473686e+00 4.9739315493817721e-01 
2.4838842335983493e+00 1.2459668264456050e+00 5.0076741406223979e-01 
3.0699922819088483e+00 1.1982282790991698e+00 4.6870505219086628e-01 
4.8041391620278368e+01 4.7024124932460261e+00 8.1317932119279390e-01 
2.2110000739933291e+01 3.7801227974787794e+00 3.2718230421531369e-01 
7.6069289222979279e+01 5.4989469027880666e+00 1.1272923491817641e+00 
1.8057469348584052e+00 1.5914516455616998e+00 9.6232784418198558e-01 
1.3895445618899356e+00 1.5083126894822312e+00 9.6158935898542330e-01 
1.3096958364113336e+00 1.4503193459305157e+00 8.9347380230324469e-01 
2.3241063727675750e+00 1.5478891831809214e+00 9.4787993214189181e-01 
2.3241063727675750e+00 1.5478891831809214e+00 9.4787993214189181e-01 
2.1664032174040337e+00 1.5350257403643841e+00 9.3916454297283691e-01 
2.2188340554809769e+00 1.2802921262878595e+00 7.9223516765151403e-01 
2.2188340554809769e+00 1.2802921262878595e+00 7.9223516765151403e-01 
2.2188340554809769e+00 1.2802921262878595e+00 7.9223516765151403e-01 
1.3694586744147212e+00 1.3690868384157417e+00 8.8242371705291067e-01 
2.3282532382245744e+00 1.4157742623161347e+00 8.8608193888615683e-01 
2.2210337453082198e+00 1.8674051346482150e+00 9.9100123904346182e-01 
3.0278265710840047e+00 1.5950185132483132e+00 9.0726690825381040e-01 
2.4842442299366296e+00 1.7115095189779932e+00 9.7454433957194486e-01 
2.4185186137149111e+00 1.7574967545339408e+00 9.9664077678917862e-01 
1.7834585225692379e+00 1.5724924511243497e+00 9.6087315315477673e-01 
1.7834585225692379e+00 1.5724924511243497e+00 9.6087315315477673e-01 
2.8515439175217123e+00 1.7737362197674149e+00 9.9872711501966971e-01 
1.9864190312313221e+00 1.9874941397138177e+00 9.5990422971123746e-01 
3.8786755558161787e+00 2.0148176070819375e+00 9.3612652503548099e-01 
3.8703221089869206e+00 1.8978191297252545e+00 8.7362069965535694e-01 
3.8703221089869206e+00 1.8978191297252545e+00 8.7362069965535694e-01 
3.2544045412500893e+00 2.0776291597348560e+00 1.0053969692522859e+00 
2.9596751944171227e+00 1.9603730327300666e+00 9.8104181985852645e-01 
2.9507252430735997e+00 1.8802699934829541e+00 1.0114030069192335e+00 
2.9507252430735997e+00 1.8802699934829541e+00 1.0114030069192335e+00 
2.8515439175217123e+00 1.7737362197674149e+00 9.9872711501966971e-01 
3.2833290221795259e+00 1.8377662619434749e+00 1.0373363395678199e+00 
2.1282179099248357e+00 1.7240563601885401e+00 9.8222434895480293e-01 
2.8515439175217123e+00 1.7737362197674149e+00 9.9872711501966971e-01 
2.8515439175217123e+00 1.7737362197674149e+00 9.9872711501966971e-01 
2.5551406943063224e+00 1.8022116479632690e+00 1.0206469598487726e+00 
2.5551406943063224e+00 1.8022116479632690e+00 1.0206469598487726e+00 
2.5022615013702949e+00 1.5826851035563529e+00 9.3872343891216947e-01 
2.5022615013702949e+00 1.5826851035563529e+00 9.3872343891216947e-01 
1.9030840906687203e+00 1.5370416766397441e+00 9.0430663821861546e-01 
2.5022615013702949e+00 1.5826851035563529e+00 9.3872343891216947e-01 
1.9289263200419415e+00 1.5196845263782723e+00 9.2285195576940404e-01 
1.9333170739613543e+01 3.9228084449197032e+00 7.6241429276003392e-01 
2.1986768611082994e+01 4.0542162291737300e+00 8.0396283213213415e-01 
8.1235191524746657e+00 3.4445228229413285e+00 8.1318573696500629e-01 
3.6334716564488559e+01 4.8527438721517813e+00 9.6981656379327230e-01 
6.3854502676008622e+01 6.0911354526264399e+00 1.1570585831948021e+00 
2.7426973335699628e+01 2.6244449497841327e+00 2.1054576082855284e-01 
2.7426973335699628e+01 2.6244449497841327e+00 2.1054576082855284e-01 
2.4878246402563082e+01 3.9287828739309063e+00 7.2355373908213494e-01 
2.5847834246174646e+01 4.0375289795058675e+00 7.7771254136219792e-01 
2.2670795893709865e+01 3.8858235592225245e+00 8.6724863788229756e-01 
2.0406777776427358e+01 3.7938628142357027e+00 8.3056045157228398e-01 
2.1063405867246264e+01 3.8434853555478488e+00 8.5262015726041318e-01 
3.4997631815191994e+01 3.1576338137129549e+00 4.9417691020416665e-01 
3.6442904496115155e+01 3.1283290712692020e+00 4.8177677127097762e-01 
2.0928352951125930e+00 9.8083649939700646e-01 4.4794197946771885e-01 
1.7341233143219239e+00 9.3663781706735638e-01 4.3291629463621595e-01 
1.7341233143219239e+00 9.3663781706735638e-01 4.3291629463621595e-01 
1.7341233143219239e+00 9.3663781706735638e-01 4.3291629463621595e-01 
2.2641088633053608e+00 1.0132045230458755e+00 4.3724378466517405e-01 
2.0928352951125930e+00 9.8083649939700646e-01 4.4794197946771885e-01 
2.0928352951125930e+00 9.8083649939700646e-01 4.4794197946771885e-01 
2.0928352951125930e+00 9.8083649939700646e-01 4.4794197946771885e-01 
2.1186367507812163e+00 1.0134764743689075e+00 4.5382059285232151e-01 
2.1186367507812163e+00 1.0134764743689075e+00 4.5382059285232151e-01 
2.1186367507812163e+00 1.0134764743689075e+00 4.5382059285232151e-01 
2.1186367507812163e+00 1.0134764743689075e+00 4.5382059285232151e-01 
2.5325117480051422e+00 9.8192663553153181e-01 4.4882310452842322e-01 
2.5325117480051422e+00 9.8192663553153181e-01 4.4882310452842322e-01 
1.6610274067444268e+00 8.7396668252334286e-01 4.2367756839194243e-01 
1.6610274067444268e+00 8.7396668252334286e-01 4.2367756839194243e-01 
