ip_ml_19_rawChain_unified = zeros(1000,3);
ip_ml_19_rawChain_unified = [8.7414636742298779e-01 1.7900441839513848e-01 2.8505110971620068e-01 
8.7414636742298779e-01 1.7900441839513848e-01 2.8505110971620068e-01 
8.8594359919785193e-01 1.6891515372807170e-01 2.4401326350617966e-01 
8.8594359919785193e-01 1.6891515372807170e-01 2.4401326350617966e-01 
8.2980426425480880e-01 1.7896988137909767e-01 4.1779156347307433e-01 
8.2980426425480880e-01 1.7896988137909767e-01 4.1779156347307433e-01 
8.5528893402658346e-01 1.9483931034884031e-01 3.7974418123151893e-01 
9.2748647481036961e-01 2.4806295132707257e-01 4.5177215051923830e-01 
8.2465741585797070e-01 1.4051075381482714e-01 3.9228150937758893e-01 
7.8404938334379171e-01 1.9089337241426413e-01 3.4226228326961317e-01 
7.8404938334379171e-01 1.9089337241426413e-01 3.4226228326961317e-01 
7.5903856604963238e-01 1.2215706144632635e-01 4.1288018456288078e-01 
7.5903856604963238e-01 1.2215706144632635e-01 4.1288018456288078e-01 
9.0820264866334532e-01 2.6973807293627278e-01 2.5493195603055274e-01 
9.0820264866334532e-01 2.6973807293627278e-01 2.5493195603055274e-01 
9.1600059469012229e-01 2.6666806617534766e-01 2.4050752393635752e-01 
9.1600059469012229e-01 2.6666806617534766e-01 2.4050752393635752e-01 
7.8844004931863421e-01 1.3564161349597195e-01 2.1393619887302825e-01 
7.8844004931863421e-01 1.3564161349597195e-01 2.1393619887302825e-01 
8.6858124287357874e-01 2.0380712593629646e-01 2.7693044434362346e-01 
8.9320316955939250e-01 3.2685531853522459e-01 2.9321329352999992e-01 
8.9957076744139675e-01 1.9330515453849828e-01 2.6072967903347710e-01 
8.6722169874782451e-01 1.2838888731399109e-01 2.3021374583392892e-01 
8.6722169874782451e-01 1.2838888731399109e-01 2.3021374583392892e-01 
8.6722169874782451e-01 1.2838888731399109e-01 2.3021374583392892e-01 
8.1775129322334517e-01 1.9572062835815640e-01 3.1377768010772594e-01 
7.8907007739778645e-01 1.8839083250018743e-01 3.8600177235484384e-01 
6.7747473965907590e-01 1.3016227858071272e-01 2.2180580827260402e-01 
6.7747473965907590e-01 1.3016227858071272e-01 2.2180580827260402e-01 
6.4580258681816349e-01 1.5955616498375358e-01 2.7486959254356813e-01 
7.9602997861123481e-01 2.3957287600397895e-01 3.1298698153055415e-01 
9.5649131971349444e-01 1.5651021245410657e-01 2.4908695622633450e-01 
9.5649131971349444e-01 1.5651021245410657e-01 2.4908695622633450e-01 
9.5649131971349444e-01 1.5651021245410657e-01 2.4908695622633450e-01 
1.1058414587517404e+00 4.0264838330351227e-01 3.8387930630693429e-01 
1.0504394692083117e+00 3.0685558194950341e-01 3.2224010540727621e-01 
8.8586285228324890e-01 2.8690504644811432e-01 2.5681793593092450e-01 
8.8586285228324890e-01 2.8690504644811432e-01 2.5681793593092450e-01 
8.8586285228324890e-01 2.8690504644811432e-01 2.5681793593092450e-01 
7.6148491546176356e-01 1.9073027158162026e-01 2.1120771408791469e-01 
9.0832699230679614e-01 2.8100483929348102e-01 2.8190460665946787e-01 
9.0832699230679614e-01 2.8100483929348102e-01 2.8190460665946787e-01 
9.0748225192307630e-01 2.6045272907172790e-01 2.1431842214287794e-01 
9.9345621130287998e-01 2.7632978251597085e-01 2.2778190004991158e-01 
8.9598615572169571e-01 3.2243361195910070e-01 4.0019032888057010e-01 
8.9598615572169571e-01 3.2243361195910070e-01 4.0019032888057010e-01 
7.8314566365516458e-01 2.1342110230323899e-01 3.6732984865326485e-01 
7.9361173427229070e-01 1.3135989862226224e-01 2.3996528874807735e-01 
7.9361173427229070e-01 1.3135989862226224e-01 2.3996528874807735e-01 
7.9361173427229070e-01 1.3135989862226224e-01 2.3996528874807735e-01 
9.6915652223003845e-01 1.8386330315681548e-01 2.2856227531768719e-01 
9.6915652223003845e-01 1.8386330315681548e-01 2.2856227531768719e-01 
1.0165201187878010e+00 1.9284724200472400e-01 3.0392349601818669e-01 
1.0165201187878010e+00 1.9284724200472400e-01 3.0392349601818669e-01 
7.8687010071301167e-01 2.0182703340841873e-01 2.1057053938493309e-01 
7.8687010071301167e-01 2.0182703340841873e-01 2.1057053938493309e-01 
8.3349321522815245e-01 1.4892383579927645e-01 2.4968403908682146e-01 
8.3349321522815245e-01 1.4892383579927645e-01 2.4968403908682146e-01 
8.3349321522815245e-01 1.4892383579927645e-01 2.4968403908682146e-01 
7.5184409443206524e-01 1.2979937308656436e-01 3.3886354986705358e-01 
8.3058316036917301e-01 1.3260593697203965e-01 2.1564379275708606e-01 
8.3058316036917301e-01 1.3260593697203965e-01 2.1564379275708606e-01 
8.8893011144962686e-01 1.6508692897675692e-01 2.7394516035732253e-01 
8.3041116589841790e-01 1.0708024151540381e-01 2.2862689171589712e-01 
8.3041116589841790e-01 1.0708024151540381e-01 2.2862689171589712e-01 
8.3041116589841790e-01 1.0708024151540381e-01 2.2862689171589712e-01 
8.4710064156702580e-01 1.3146605110086379e-01 2.0761557066672917e-01 
9.0153809960779019e-01 1.8947467438117738e-01 2.1728309953195588e-01 
9.0153809960779019e-01 1.8947467438117738e-01 2.1728309953195588e-01 
8.4710064156702580e-01 1.3146605110086379e-01 2.0761557066672917e-01 
8.4710064156702580e-01 1.3146605110086379e-01 2.0761557066672917e-01 
8.4710064156702580e-01 1.3146605110086379e-01 2.0761557066672917e-01 
8.4710064156702580e-01 1.3146605110086379e-01 2.0761557066672917e-01 
8.4710064156702580e-01 1.3146605110086379e-01 2.0761557066672917e-01 
8.4710064156702580e-01 1.3146605110086379e-01 2.0761557066672917e-01 
7.3452163232573475e-01 1.6366225172266191e-01 2.5950687630396635e-01 
8.4710064156702580e-01 1.3146605110086379e-01 2.0761557066672917e-01 
8.4710064156702580e-01 1.3146605110086379e-01 2.0761557066672917e-01 
8.4710064156702580e-01 1.3146605110086379e-01 2.0761557066672917e-01 
8.4710064156702580e-01 1.3146605110086379e-01 2.0761557066672917e-01 
8.4710064156702580e-01 1.3146605110086379e-01 2.0761557066672917e-01 
8.4710064156702580e-01 1.3146605110086379e-01 2.0761557066672917e-01 
8.4710064156702580e-01 1.3146605110086379e-01 2.0761557066672917e-01 
8.4710064156702580e-01 1.3146605110086379e-01 2.0761557066672917e-01 
8.4710064156702580e-01 1.3146605110086379e-01 2.0761557066672917e-01 
8.4710064156702580e-01 1.3146605110086379e-01 2.0761557066672917e-01 
8.4710064156702580e-01 1.3146605110086379e-01 2.0761557066672917e-01 
8.4710064156702580e-01 1.3146605110086379e-01 2.0761557066672917e-01 
8.8379102633519113e-01 1.5537648970378956e-01 2.2061861374373309e-01 
9.3580619326839709e-01 2.3426416685161403e-01 2.4668247732582971e-01 
9.3657744598776127e-01 2.3643744525506510e-01 2.9541481478636394e-01 
9.3657744598776127e-01 2.3643744525506510e-01 2.9541481478636394e-01 
7.4419780191220064e-01 1.2782963283576013e-01 2.3415512781584782e-01 
7.4419780191220064e-01 1.2782963283576013e-01 2.3415512781584782e-01 
7.4419780191220064e-01 1.2782963283576013e-01 2.3415512781584782e-01 
7.4419780191220064e-01 1.2782963283576013e-01 2.3415512781584782e-01 
8.4710064156702580e-01 1.3146605110086379e-01 2.0761557066672917e-01 
8.4710064156702580e-01 1.3146605110086379e-01 2.0761557066672917e-01 
8.4710064156702580e-01 1.3146605110086379e-01 2.0761557066672917e-01 
8.4710064156702580e-01 1.3146605110086379e-01 2.0761557066672917e-01 
8.4710064156702580e-01 1.3146605110086379e-01 2.0761557066672917e-01 
8.2337657317968638e-01 1.4051017334858967e-01 2.7119057651528677e-01 
8.2337657317968638e-01 1.4051017334858967e-01 2.7119057651528677e-01 
8.2337657317968638e-01 1.4051017334858967e-01 2.7119057651528677e-01 
8.2337657317968638e-01 1.4051017334858967e-01 2.7119057651528677e-01 
8.2337657317968638e-01 1.4051017334858967e-01 2.7119057651528677e-01 
8.2337657317968638e-01 1.4051017334858967e-01 2.7119057651528677e-01 
8.1519867791147194e-01 1.8197932039846132e-01 2.1652108808109208e-01 
8.3493146850902866e-01 1.6529767300245660e-01 2.4969716633255426e-01 
8.3493146850902866e-01 1.6529767300245660e-01 2.4969716633255426e-01 
8.3493146850902866e-01 1.6529767300245660e-01 2.4969716633255426e-01 
7.3924687671159883e-01 1.3742058946413915e-01 2.7657669279418007e-01 
7.3924687671159883e-01 1.3742058946413915e-01 2.7657669279418007e-01 
