ip_ml_5_rawLogTarget_unified = zeros(1000,1);
ip_ml_5_rawLogTarget_unified = [-19.8842
-20.4139
-20.4255
-19.8842
-19.8842
-18.0942
-18.825
-17.8113
-19.7214
-19.7214
-18.5699
-18.5699
-18.5699
-18.9962
-15.748
-15.748
-15.748
-15.748
-18.0075
-17.7666
-17.7666
-19.5858
-20.4439
-20.32
-17.8487
-17.8487
-17.8487
-20.1038
-20.3591
-17.9518
-18.0446
-18.0446
-18.6038
-18.6038
-20.3606
-20.2593
-20.3715
-20.3715
-17.527
-17.527
-18.2183
-19.0995
-19.0995
-18.1174
-20.1467
-17.527
-17.527
-17.527
-17.527
-20.4063
-20.4558
-19.0066
-19.0066
-18.8474
-17.905
-18.0429
-18.0429
-18.5674
-18.5674
-17.8287
-17.8287
-17.8287
-17.8287
-17.8287
-20.2478
-19.1768
-18.6902
-18.6902
-18.6902
-18.6902
-17.9636
-17.9427
-17.9636
-19.1345
-20.0664
-17.8223
-17.8223
-17.9392
-17.9392
-17.9392
-17.9392
-19.0188
-17.7236
-17.7236
-17.6949
-17.6949
-17.6949
-18.4659
-18.4659
-18.7149
-18.7149
-19.6408
-17.7356
-17.7356
-17.7356
-17.4039
-17.4039
-17.7356
-17.7356
-17.7356
-17.7356
-17.7356
-18.1736
-18.1736
-17.7356
-19.1311
-19.1311
-19.9149
-17.6185
-17.6185
-18.5527
-17.2536
-18.1088
-16.1759
-16.1759
-16.1759
-16.1759
-16.1759
-16.1759
-16.1759
-18.6062
-17.595
-17.6857
-20.2979
-18.6582
-17.7086
-17.7086
-17.7086
-17.7086
-19.429
-19.429
-20.0061
-20.0061
-17.7501
-17.9682
-15.8682
-17.79
-17.79
-19.3156
-19.3156
-19.4329
-19.3859
-20.3567
-20.3567
-18.5552
-20.2471
-19.1492
-19.2195
-18.3827
-19.3747
-18.5708
-17.277
-17.277
-17.277
-17.277
-19.083
-18.4691
-17.277
-17.277
-17.277
-17.277
-17.277
-20.4578
-20.3819
-20.3801
-17.7107
-17.7107
-17.7107
-17.7107
-17.768
-17.768
-17.768
-17.3082
-17.7289
-17.7289
-17.7289
-17.9044
-17.6776
-17.9409
-17.8243
-17.5471
-18.1178
-18.1178
-17.3416
-17.3416
-17.3416
-17.6283
-17.7059
-17.2983
-18.2225
-18.2355
-17.2983
-18.888
-17.9779
-19.9075
-18.7864
-18.7864
-18.2426
-18.2426
-18.7864
-20.1617
-20.2796
-18.1662
-17.6494
-19.2082
-18.2206
-17.9251
-20.375
-19.9838
-17.9865
-17.9865
-17.9865
-20.0091
-20.0091
-20.4771
-20.4252
-20.3598
-19.8882
-19.6666
-19.6666
-17.914
-17.8564
-17.8328
-17.8328
-19.7054
-20.1051
-20.4625
-17.6505
-20.3715
-17.6039
-18.6905
-17.2656
-17.3866
-17.3866
-20.43
-20.4476
-20.0623
-18.7928
-19.6379
-18.6334
-20.5011
-19.4995
-20.1385
-18.5763
-17.7456
-18.9732
-18.0456
-20.2823
-20.434
-18.3557
-19.9935
-19.6512
-18.4003
-17.9225
-17.4372
-17.4372
-17.8185
-20.3717
-20.4645
-17.6893
-18.0497
-18.0497
-17.4522
-17.4522
-17.4522
-17.9691
-17.9691
-20.3983
-18.0087
-19.3762
-17.8867
-17.8867
-17.8867
-17.8867
-18.4779
-17.8867
-17.8867
-19.9879
-20.0954
-18.0644
-19.1413
-19.9232
-17.8342
-17.8342
-17.836
-17.836
-17.836
-17.836
-17.836
-17.836
-17.836
-17.836
-20.259
-20.1034
-19.513
-19.5418
-18.3232
-18.3259
-17.8779
-17.8779
-18.7743
-17.8779
-17.8779
-17.8779
-17.8779
-17.7692
-17.854
-18.0084
-18.9548
-18.975
-17.897
-17.897
-17.872
-18.6782
-18.7454
-18.7454
-18.5676
-18.1166
-18.7896
-17.6959
-17.8381
-18.0687
-17.7151
-20.1861
-19.8704
-19.7644
-17.6721
-20.3963
-18.1696
-18.1131
-18.9749
-18.9749
-19.2139
-18.5856
-20.3513
-20.4609
-19.621
-19.621
-17.2436
-20.3227
-20.3227
-17.5039
-19.3712
-19.3712
-17.6132
-17.6132
-17.679
-17.8789
-17.8789
-17.9104
-17.9104
-17.8298
-17.862
-17.862
-18.3477
-18.5023
-18.5023
-18.0881
-18.0881
-18.0881
-17.4466
-18.4284
-17.5176
-18.4284
-18.4284
-17.7568
-17.9338
-17.9338
-17.9031
-18.0257
-18.855
-20.1618
-19.352
-22.878
-18.5721
-17.5501
-19.4033
-19.4033
-19.4033
-20.405
-19.0143
-19.9885
-17.7948
-17.7948
-17.4148
-17.6633
-20.3863
-19.2606
-19.2606
-19.2606
-17.6016
-18.1722
-16.6689
-20.2259
-20.2259
-20.2546
-20.2546
-17.4409
-17.4409
-18.318
-20.3372
-19.7936
-19.7936
-18.318
-18.318
-20.2742
-20.2742
-18.3486
-20.4282
-18.7694
-19.0386
-18.7847
-18.4769
-20.2403
-20.2403
-17.4847
-17.4847
-19.6487
-19.1307
-17.4847
-17.4847
-17.4847
-17.4847
-17.4847
-18.3921
-16.9628
-18.1193
-17.9365
-17.5901
-19.1764
-18.2453
-17.9112
-17.9112
-17.9112
-17.9112
-18.3797
-18.3797
-18.9858
-20.4378
-20.4378
-19.1991
-17.1476
-17.1476
-18.0723
-18.0723
-18.0723
-18.0723
-18.0723
-19.2728
-20.4157
-18.8239
-17.6845
-19.9246
-20.2091
-19.9055
-17.6554
-17.6554
-18.7594
-17.6471
-17.9397
-20.4525
-20.4688
-20.1433
-17.6782
-20.0017
-18.062
-19.1824
-17.7626
-19.3802
-20.2514
-17.3532
-17.741
-17.9687
-17.7359
-17.6021
-17.6021
-18.4792
-18.6082
-20.2207
-18.7104
-19.9575
-17.8011
-18.3507
-20.376
-20.1202
-20.4909
-20.4338
-18.275
-18.4509
-18.3231
-18.5655
-19.8069
-18.0007
-18.18
-17.3756
-17.3733
-17.3733
-17.6982
-17.6154
-17.6154
-18.972
-18.972
-18.8148
-18.9509
-17.2656
-17.2656
-17.2656
-17.2656
-17.2656
-17.3866
-17.3866
-17.3866
-17.3866
-17.5531
-17.5531
-18.1842
-17.5531
-18.7457
-20.096
-17.38
-20.0003
-20.0003
-19.8646
-20.2566
-19.9046
-19.9046
-19.5888
-19.5888
-17.8399
-17.8399
-19.7579
-20.1142
-17.6359
-17.6359
-17.6359
-17.6002
-17.5413
-17.5413
-19.4733
-19.4733
-17.6386
-17.6386
-17.4829
-17.4829
-19.4606
-19.4606
-19.4606
-18.369
-17.7417
-18.1435
-18.1435
-19.223
-19.223
-17.7364
-17.7364
-17.7364
-17.7364
-17.849
-17.849
-18.8821
-18.8821
-18.3984
-18.3984
-17.9086
-15.5166
-15.5166
-15.5166
-15.5166
-15.5166
-15.5166
-15.5166
-14.3166
-15.5166
-15.5166
-15.5166
-15.5166
-15.5166
-15.5166
-15.5166
-15.5166
-15.5166
-15.5166
-15.5166
-15.5166
-15.5166
-15.5166
-15.5166
-15.5166
-15.5166
-18.6372
-17.8414
-19.6334
-17.8414
-17.8414
-17.8414
-17.9422
-17.9422
-17.9422
-17.9422
-17.9422
-17.9422
-17.9422
-17.9422
-17.9422
-17.8451
-18.0162
-18.0162
-17.5535
-17.5535
-17.5535
-19.5313
-18.4795
-17.7612
-17.7612
-17.7612
-17.7612
-19.6219
-19.0387
-19.0387
-17.4524
-19.6426
-19.6426
-20.4283
-15.6194
-15.6194
-15.6194
-18.3307
-20.2958
-17.8014
-19.8553
-18.6161
-18.3842
-18.3842
-18.3842
-18.294
-19.695
-19.695
-18.8112
-18.2338
-16.3553
-16.3553
-16.3553
-16.3553
-16.3553
-16.8823
-16.8823
-16.8823
-16.3553
-16.3553
-16.3553
-16.3553
-16.3553
-17.2657
-17.588
-17.6558
-17.3657
-17.9318
-16.3553
-16.3553
-16.3553
-16.3553
-16.3553
-16.3553
-16.3553
-19.0693
-20.4477
-20.4215
-20.266
-20.232
-18.7715
-18.7715
-18.7715
-17.4421
-17.4421
-20.4114
-20.4114
-17.4899
-17.4899
-17.3283
-17.9658
-17.3283
-18.758
-20.188
-20.4241
-20.3583
-20.4163
-18.3919
-17.9782
-17.9782
-19.6625
-19.6625
-17.9567
-17.6728
-17.6728
-18.0264
-18.4137
-17.4504
-17.4504
-18.4137
-17.0687
-20.4575
-18.3108
-18.2568
-18.3032
-17.7983
-17.9192
-19.3596
-17.6137
-17.6137
-17.6137
-17.6137
-18.6224
-18.6224
-18.6224
-20.3249
-20.3249
-17.585
-17.585
-17.1283
-16.6595
-16.6595
-16.6595
-16.6595
-16.6595
-16.6595
-17.5047
-18.3663
-18.3663
-18.3663
-16.8444
-18.6286
-17.7263
-20.3037
-17.6992
-18.2642
-20.3684
-17.3454
-18.7399
-18.7399
-17.6228
-17.6228
-17.6193
-17.6193
-18.0891
-18.0891
-19.7612
-19.3867
-19.3867
-18.5077
-18.5077
-17.909
-18.1746
-18.2766
-18.2766
-18.2766
-17.3609
-17.3609
-19.2151
-19.2151
-17.739
-17.739
-18.7883
-17.7371
-18.2802
-18.2802
-17.7303
-17.6363
-17.7406
-17.7406
-20.1518
-20.1518
-17.93
-18.6938
-17.6517
-17.6517
-17.824
-17.8436
-19.1056
-19.1056
-18.8795
-19.0482
-18.1265
-18.1265
-19.1056
-19.1056
-18.0993
-18.0993
-17.8511
-17.8511
-17.8511
-17.8511
-17.8511
-17.8511
-17.8511
-17.8511
-19.7103
-19.7103
-17.9925
-17.9925
-17.9925
-18.5021
-18.5021
-20.0263
-19.6113
-19.6113
-18.1933
-18.1933
-18.4812
-18.4812
-18.4812
-18.4812
-19.7519
-19.7519
-18.3231
-18.3231
-18.3231
-18.3231
-18.417
-18.417
-17.8403
-17.8403
-17.9411
-17.9411
-19.9483
-19.9483
-18.8051
-18.8051
-19.4099
-18.18
-18.18
-18.18
-17.6764
-17.6764
-17.6579
-17.6579
-17.3756
-17.3756
-17.3733
-17.7619
-17.3733
-17.3733
-18.4744
-18.4744
-18.4744
-17.6982
-17.6982
-17.5472
-17.5472
-17.6154
-17.6154
-17.6154
-17.6154
-17.6154
-18.9937
-17.0788
-17.0788
-17.4461
-17.6318
-17.6318
-17.6318
-17.6318
-18.0131
-18.5592
-17.925
-17.925
-18.0154
-18.2012
-18.0154
-18.0154
-20.0334
-17.1803
-17.1803
-17.1803
-17.5692
-17.5692
-20.2914
-18.1015
-18.1015
-17.8496
-17.8496
-18.086
-18.086
-18.086
-18.3161
-18.4256
-17.4281
-16.7717
-18.6427
-18.6427
-16.5385
-16.541
-16.541
