ip_ml_14_rawLogLikelihood_unified = zeros(1000,1);
ip_ml_14_rawLogLikelihood_unified = [-93.5096
-93.5096
-93.5096
-95.1936
-93.1187
-93.9096
-93.6741
-93.5359
-94.1449
-93.6669
-93.6669
-94.1575
-96.4894
-94.1575
-95.5841
-93.7295
-93.6313
-92.6814
-91.4363
-96.5447
-95.6356
-95.6356
-94.7873
-94.7948
-95.6488
-94.4729
-93.4332
-94.0956
-92.6946
-92.6946
-93.6486
-91.2628
-93.2288
-93.2407
-93.2407
-93.2022
-93.1025
-93.1025
-92.8915
-92.2585
-92.2538
-93.2211
-91.7517
-91.7517
-92.734
-91.828
-90.6885
-92.511
-93.1106
-92.8035
-92.8035
-93.9851
-92.1405
-92.1405
-92.8018
-92.8623
-93.3194
-92.0145
-91.7306
-92.0145
-93.8886
-93.2185
-93.2185
-90.2416
-90.7567
-90.7567
-90.6605
-90.6605
-89.4279
-86.4476
-86.4476
-86.4476
-86.4476
-86.4476
-86.4476
-86.4476
-86.4476
-92.2758
-94.3129
-92.2164
-92.488
-91.9842
-93.4237
-91.6782
-92.0565
-95.0242
-87.7831
-87.7831
-87.7831
-86.823
-86.823
-86.823
-86.823
-86.823
-89.7984
-90.3794
-89.2844
-88.6235
-89.1268
-89.5348
-89.5348
-92.11
-93.4929
-90.71
-90.9754
-92.8642
-93.2475
-86.3584
-86.564
-86.564
-86.564
-88.0694
-88.7717
-92.4727
-92.2879
-89.3522
-89.3522
-89.3522
-91.9471
-89.5197
-89.5512
-98.2956
-98.17
-98.9334
-90.6629
-87.7831
-87.7831
-87.7831
-87.7831
-88.3692
-88.3692
-87.4728
-87.4728
-87.4728
-88.69
-88.69
-87.827
-87.6111
-87.6111
-88.6058
-88.6058
-87.5996
-87.5996
-87.5996
-87.7831
-87.6933
-87.7831
-87.7067
-87.7067
-87.7067
-92.0278
-91.6553
-90.1078
-89.6752
-89.116
-89.116
-89.116
-87.5473
-89.116
-88.5217
-88.5217
-87.7831
-87.7831
-87.7831
-87.7831
-87.7831
-87.7831
-87.7831
-87.7831
-90.0004
-90.0004
-87.7036
-88.2153
-86.8782
-86.8782
-86.8782
-86.7778
-86.7778
-88.8978
-88.8978
-88.3147
-88.3147
-86.4165
-86.4165
-95.7444
-94.3371
-89.3194
-89.2019
-89.4714
-89.3194
-91.2457
-91.2457
-90.5503
-90.5503
-90.5503
-89.0681
-91.5323
-91.041
-88.9657
-88.6339
-87.8906
-87.9159
-88.7873
-88.7873
-87.7831
-87.7831
-89.2706
-89.2706
-87.7831
-87.4951
-87.4951
-87.4951
-88.4367
-88.4367
-86.7963
-87.4498
-87.045
-88.8707
-87.9768
-87.9768
-87.9768
-87.9768
-92.5221
-96.3115
-88.5291
-87.6768
-86.6506
-86.8598
-86.8598
-102.925
-93.746
-94.3854
-95.6599
-91.7649
-92.6119
-94.6657
-91.3533
-93.2458
-92.7826
-90.9769
-92.1285
-91.5154
-93.239
-91.636
-91.5154
-91.7644
-87.7831
-87.7831
-89.4493
-91.7904
-93.8249
-93.8249
-93.8396
-92.6512
-92.4659
-92.4659
-91.9725
-91.1726
-93.9652
-92.9373
-94.8694
-94.8694
-91.5154
-91.5154
-91.5154
-91.5154
-91.5154
-86.8957
-86.8957
-86.8957
-86.8957
-87.7831
-86.8735
-87.7831
-87.7831
-86.9173
-88.1686
-88.3743
-88.3743
-88.3743
-87.3377
-87.7051
-87.7051
-88.4619
-87.7831
-87.7831
-87.7831
-88.6697
-92.7976
-94.2885
-91.6963
-92.5734
-92.5734
-93.7927
-92.8851
-92.9915
-92.6058
-87.8442
-87.8442
-88.8289
-88.5448
-88.5448
-88.5448
-87.945
-87.8185
-87.8185
-87.8185
-87.8185
-87.945
-87.945
-88.4107
-88.4107
-88.4107
-87.7365
-87.7365
-88.4107
-90.0068
-90.5445
-90.3228
-86.7709
-91.7199
-91.7199
-90.2042
-90.2654
-94.966
-92.8243
-88.5399
-88.4801
-88.4801
-88.5399
-88.5399
-88.5399
-88.9945
-88.1574
-88.3976
-90.3201
-90.3025
-90.3025
-88.3774
-89.9382
-89.9382
-86.6991
-86.6991
-86.6991
-88.6332
-88.6332
-87.2634
-87.2634
-88.9788
-88.9788
-86.4858
-86.4858
-86.4858
-86.4858
-93.286
-93.286
-91.0963
-90.765
-93.6641
-93.6641
-87.1039
-87.1039
-87.1039
-88.9804
-88.9804
-88.9804
-88.5759
-87.2079
-87.2079
-87.2079
-87.2079
-87.2079
-86.7687
-89.0207
-86.7926
-86.7926
-87.2422
-87.2422
-87.927
-88.9413
-88.6537
-87.8434
-87.8434
-87.8434
-90.4459
-91.9448
-89.1894
-89.0469
-89.0469
-88.228
-88.9437
-88.7455
-88.5082
-88.7455
-88.2423
-87.5745
-87.5745
-87.5745
-87.2981
-87.398
-87.398
-87.2981
-88.365
-88.6038
-88.6038
-88.6701
-90.4856
-90.4856
-93.0372
-92.0168
-91.586
-91.586
-91.1162
-92.1427
-92.1427
-91.2277
-91.2277
-92.1427
-91.7379
-89.3143
-89.3143
-88.736
-88.736
-89.7076
-89.8277
-90.1033
-90.1033
-90.1033
-91.027
-91.027
-90.1033
-90.1033
-90.1033
-90.1033
-86.574
-87.8985
-87.8985
-87.8985
-87.8609
-87.6688
-88.8939
-87.9211
-87.7831
-87.7831
-87.7831
-86.9167
-86.1393
-86.1393
-88.4372
-87.9219
-87.2277
-87.7831
-87.7831
-87.7831
-87.7831
-87.234
-87.234
-87.234
-87.234
-87.234
-87.234
-87.234
-88.1822
-86.2661
-86.2661
-86.2661
-90.3156
-90.3156
-88.775
-89.9231
-91.1508
-90.0071
-94.8425
-89.3522
-89.746
-89.3522
-86.5537
-86.5537
-86.5537
-88.3818
-88.3818
-88.3818
-89.6227
-95.4604
-86.9835
-86.9835
-86.9835
-86.9835
-92.348
-89.762
-89.762
-89.762
-88.5514
-88.5514
-87.2074
-88.9028
-88.9028
-88.9028
-88.9028
-88.9028
-89.4493
-89.4493
-89.0681
-89.0681
-89.0681
-89.0681
-89.0681
-89.423
-88.8197
-90.2804
-92.0449
-92.0449
-92.0449
-91.6276
-91.0567
-90.7807
-87.7831
-87.7831
-87.7831
-87.7831
-87.5526
-87.5526
-89.3264
-89.3264
-88.5367
-87.7831
-87.7831
-87.7831
-87.7831
-87.66
-90.7113
-90.7113
-87.0554
-87.0554
-87.0554
-87.4485
-87.4485
-87.4485
-87.4485
-87.6317
-87.6317
-87.6317
-87.6317
-87.6317
-87.6317
-87.6317
-85.9559
-85.9559
-86.3062
-86.3062
-87.2523
-86.5521
-86.5521
-86.5521
-87.7831
-87.7831
-87.7831
-87.7831
-87.7831
-88.4593
-88.4593
-87.9283
-87.7831
-87.7831
-87.7831
-87.7831
-87.7831
-87.7831
-88.5256
-89.3343
-89.3343
-89.9349
-89.9349
-91.6479
-94.8846
-88.6512
-87.8037
-87.8037
-87.0489
-87.0489
-87.7831
-87.3493
-87.3493
-87.7904
-87.7831
-87.7831
-87.5478
-87.5478
-87.5478
-89.0324
-89.0324
-89.0324
-87.4021
-87.4021
-87.6337
-87.6337
-87.6337
-87.6337
-87.3786
-87.1296
-87.1296
-87.1296
-89.0811
-91.6882
-92.203
-87.3069
-87.3069
-87.3069
-87.3069
-87.7831
-87.7831
-87.7831
-86.7401
-87.402
-87.402
-87.402
-87.402
-87.0764
-87.0764
-87.395
-87.395
-87.0764
-87.0764
-89.2979
-89.2979
-88.81
-88.81
-87.8891
-87.4522
-87.4522
-87.4522
-88.3766
-87.7831
-87.0715
-87.0715
-86.6293
-87.7831
-87.748
-87.7831
-87.7831
-87.7831
-89.3069
-87.3059
-87.3059
-87.7831
-87.7831
-86.9801
-86.9801
-86.9801
-87.9536
-86.9801
-86.9801
-88.2959
-88.2959
-88.2959
-88.2959
-88.2959
-87.7831
-88.2658
-87.5149
-87.5149
-87.5149
-87.947
-87.947
-88.2866
-86.6015
-86.6015
-86.6015
-86.6015
-88.3276
-88.3276
-92.051
-89.2865
-89.5936
-92.5094
-89.1451
-88.8699
-88.7123
-87.511
-87.511
-86.6468
-86.6468
-87.0042
-92.105
-92.1552
-92.4009
-89.015
-89.015
-88.9182
-87.9035
-87.9035
-87.679
-90.0884
-90.0884
-88.9731
-90.6247
-90.6247
-90.6633
-90.6633
-92.2823
-91.6973
-89.5512
-89.5512
-88.8104
-88.5018
-89.5512
-88.6165
-89.5512
-89.5512
-89.5512
-89.5512
-89.5512
-91.0741
-91.959
-91.959
-89.6785
-87.8219
-87.8219
-88.4331
-88.3625
-88.3625
-88.3625
-87.0479
-87.0479
-87.0479
-87.9763
-87.9763
-88.3498
-88.3534
-89.5512
-87.8157
-88.3079
-88.1309
-89.2668
-89.5512
-88.6592
-88.2581
-87.9826
-87.9826
-87.2367
-95.9614
-97.2029
-96.9717
-96.8801
-97.6997
-95.9082
-94.8722
-95.6135
-100.563
-97.8695
-101.728
-99.7981
-94.9088
-94.9088
-94.1996
-94.1534
-94.2045
-94.0308
-94.708
-95.0621
-95.0676
-94.9678
-96.4937
-96.4937
-96.5131
-95.5502
-96.6732
-95.499
-96.7965
-96.28
-96.2623
-92.904
-94.825
-93.0098
-93.0098
-93.0098
-93.4319
-92.0964
-95.3259
-94.2412
-94.2324
-93.7619
-96.1893
-94.4134
-93.8913
-94.2837
-93.4931
-93.4931
-93.7107
-95.4542
-101.649
-101.392
-99.2263
-99.3084
-90.3228
-90.3228
-90.3228
-90.7671
-88.1533
-88.1533
-88.5661
-95.575
-92.7487
-92.5909
-93.7804
-93.8436
-91.8418
-90.5866
-90.5866
-91.5927
-90.7552
-88.7364
-88.6209
-88.3127
-87.197
-87.197
-90.0186
-88.1842
-88.6778
-88.6778
-85.9803
-86.4505
-85.8467
-86.4505
-86.4505
-86.4505
-86.4505
-86.4505
-86.3232
-86.3232
-86.3232
-86.3232
-87.1269
-86.3232
-86.3232
-87.2329
-94.6778
-86.4946
-88.6266
-92.7149
-92.0192
-87.7831
-88.9647
-88.9647
-88.9647
-87.7831
-86.445
-88.7613
-87.7831
-87.7831
-87.6369
-88.4103
-88.4103
-89.4515
-89.4515
-88.9219
-88.2429
-88.2429
-87.7831
-87.1548
-87.1548
-87.1548
-87.7831
-87.7831
-87.7831
-87.7831
-87.7831
-89.7967
-89.7967
-93.5285
-90.077
-90.077
-90.531
-90.531
-89.2766
-89.2766
-89.2766
-89.2766
-88.5897
-88.5897
-89.1219
-89.1219
-88.9024
-88.6648
-88.5804
-88.5804
-88.2109
-89.3277
-90.399
-90.399
