ip_ml_25_rawLogTarget_unified = zeros(1000,1);
ip_ml_25_rawLogTarget_unified = [-2025.58
-2025.18
-2026.01
-2025.63
-2027.12
-2026.21
-2026.21
-2026.21
-2025.39
-2026.11
-2026.2
-2026.2
-2025.46
-2027.26
-2026.72
-2026.26
-2026.26
-2026.37
-2025.46
-2025.46
-2026.65
-2026.61
-2026.46
-2026.61
-2026.95
-2027.44
-2028.49
-2028.49
-2026.41
-2026.18
-2025.62
-2026.77
-2029.07
-2026.91
-2026.91
-2027.11
-2026.16
-2026.21
-2026.14
-2026.14
-2027.43
-2026.33
-2029.43
-2026.33
-2026.17
-2026.17
-2026.12
-2026.46
-2026.46
-2025.43
-2025.43
-2025.43
-2025.51
-2025.51
-2025.43
-2026.37
-2027.97
-2028.31
-2027.44
-2027.44
-2025.96
-2025.96
-2026.84
-2027.26
-2027.46
-2026.71
-2025.97
-2026.63
-2026.85
-2026.85
-2027.68
-2027.68
-2026.63
-2025.7
-2025.7
-2025.88
-2025.88
-2025.88
-2025.72
-2026.63
-2026.63
-2026.63
-2026.63
-2025.22
-2027.05
-2027.38
-2026.63
-2026.33
-2026.33
-2026.27
-2026.26
-2026.07
-2026.07
-2026.07
-2026.07
-2026.07
-2026.07
-2026.07
-2025.59
-2026.01
-2026.01
-2025.97
-2025.97
-2025.97
-2025.97
-2026.63
-2029.01
-2026.7
-2026.77
-2026.14
-2028.29
-2029.5
-2025.65
-2025.65
-2026.94
-2025.68
-2025.68
-2026.17
-2026.3
-2026.3
-2026.3
-2025.79
-2025.96
-2028.29
-2027.98
-2026.28
-2026.15
-2028.18
-2026.83
-2026.83
-2026.83
-2026.83
-2028.35
-2028.35
-2026.83
-2026.13
-2025.8
-2027.95
-2027.95
-2027.95
-2025.73
-2025.67
-2025.67
-2026.05
-2026.99
-2026.99
-2029.82
-2028.87
-2027.39
-2027.73
-2027.39
-2027.39
-2025.61
-2025.61
-2027.52
-2025.56
-2026.23
-2026.71
-2026.18
-2029.86
-2029.33
-2025.64
-2025.62
-2025.88
-2025.88
-2027.28
-2027.38
-2027.93
-2026.55
-2026.34
-2025.46
-2026.07
-2027.74
-2025.49
-2026
-2025.49
-2025.49
-2025.8
-2027.05
-2026.45
-2026.45
-2029.19
-2029.19
-2029.19
-2027.01
-2028.72
-2028.72
-2026.25
-2026.02
-2026.29
-2026.29
-2028.62
-2027.56
-2027.72
-2027.13
-2026.39
-2027.99
-2025.56
-2025.53
-2025.66
-2027.75
-2027.05
-2026.58
-2026.89
-2026.89
-2026.81
-2025.72
-2025.72
-2025.54
-2025.54
-2026.74
-2026.17
-2026.39
-2026.02
-2027.16
-2026.32
-2027.2
-2026.05
-2026.17
-2026.13
-2026.39
-2026.53
-2026.51
-2026.51
-2027.02
-2033.1
-2025.27
-2025.5
-2025.41
-2025.5
-2026.5
-2026.96
-2026.96
-2027.43
-2026.64
-2025.57
-2025.92
-2026.15
-2026.21
-2029.45
-2028.21
-2026.7
-2027.81
-2026.52
-2026.26
-2025.45
-2026.85
-2026.65
-2026.09
-2027.6
-2027.2
-2027.2
-2027.2
-2027.56
-2028.64
-2028.46
-2027.44
-2028
-2025.7
-2025.7
-2025.7
-2026.26
-2026.26
-2025.41
-2025.41
-2025.81
-2025.89
-2025.91
-2025.91
-2025.91
-2025.23
-2025.23
-2025.94
-2025.94
-2026.34
-2027.19
-2025.95
-2025.95
-2025.97
-2026.44
-2026.44
-2025.41
-2025.95
-2025.95
-2025.95
-2025.95
-2025.36
-2027.96
-2027.96
-2025.38
-2025.38
-2025.96
-2026.31
-2025.58
-2025.98
-2026.19
-2026.22
-2026.25
-2027.1
-2027.94
-2026.29
-2026.04
-2026.34
-2025.89
-2026.39
-2025.54
-2026.58
-2026.48
-2026.48
-2025.89
-2026.36
-2025.61
-2026.84
-2028.54
-2028.54
-2026.2
-2026.44
-2026.7
-2026.01
-2026.01
-2027.05
-2026.7
-2025.58
-2026.28
-2026.26
-2026.17
-2027.01
-2026.76
-2027.15
-2027.05
-2026.53
-2026.53
-2026.56
-2026.56
-2027.07
-2026.03
-2026.03
-2026.03
-2025.82
-2026.03
-2026.03
-2027.02
-2026.73
-2026.8
-2025.65
-2029.27
-2025.13
-2025.13
-2026.74
-2025.91
-2026.88
-2026.23
-2026.34
-2028.33
-2025.94
-2027.81
-2026.24
-2027.15
-2028.45
-2026.63
-2028.31
-2028.31
-2028.31
-2026.51
-2026.51
-2026.5
-2025.72
-2025.72
-2026.11
-2026.47
-2031.26
-2027.12
-2027.12
-2030.02
-2025.63
-2025.89
-2025.89
-2025.89
-2025.52
-2025.72
-2025.95
-2025.95
-2026.6
-2026.73
-2029.74
-2027.63
-2027.63
-2026.49
-2026.49
-2026.31
-2027.33
-2026.13
-2026.61
-2025.98
-2025.79
-2025.56
-2025.56
-2027.39
-2027.39
-2026.46
-2025.7
-2025.56
-2025.56
-2025.64
-2026.91
-2026.76
-2026.76
-2025.9
-2026.98
-2026.98
-2026.98
-2026.36
-2026.36
-2027.04
-2026.1
-2026.1
-2025.81
-2025.81
-2027.01
-2025.51
-2025.51
-2027.49
-2025.9
-2025.54
-2025.88
-2025.88
-2028.26
-2025.71
-2025.71
-2025.45
-2025.27
-2025.27
-2025.32
-2026.43
-2026.34
-2026.63
-2026.63
-2026.63
-2028.66
-2028.66
-2028.66
-2028.66
-2025.32
-2025.32
-2025.88
-2026.93
-2026.93
-2026.93
-2025.88
-2025.88
-2025.88
-2025.88
-2026.47
-2025.54
-2025.32
-2025.32
-2025.32
-2025.32
-2025.32
-2025.32
-2025.86
-2027.38
-2027.2
-2025.95
-2025.95
-2025.95
-2025.95
-2025.32
-2025.32
-2025.32
-2025.32
-2025.32
-2025.32
-2025.32
-2025.84
-2025.32
-2027.42
-2025.38
-2025.72
-2026.6
-2025.32
-2025.32
-2026.56
-2026.56
-2026.84
-2025.95
-2025.95
-2025.95
-2025.95
-2028.57
-2026.67
-2027.15
-2028.04
-2026.69
-2025.53
-2025.73
-2026.02
-2027.19
-2027.42
-2026.48
-2026.61
-2025.69
-2026.03
-2027.19
-2026.19
-2026.91
-2026.69
-2028
-2027.74
-2027.74
-2025.6
-2025.6
-2027.39
-2028.47
-2028.54
-2027.19
-2026.55
-2026
-2026.83
-2026.83
-2026.56
-2027.69
-2028
-2025.99
-2026.1
-2026.67
-2026.65
-2026.66
-2028.37
-2027.67
-2027.67
-2027.67
-2026.03
-2026.03
-2026.4
-2026.4
-2026.4
-2026.83
-2025.92
-2025.92
-2026.47
-2026.47
-2026.47
-2025.59
-2025.59
-2025.85
-2025.85
-2025.64
-2025.29
-2025.29
-2025.29
-2025.94
-2026.1
-2026.1
-2026.45
-2026.06
-2027.89
-2026.36
-2026.36
-2026.21
-2026.17
-2026.21
-2027.19
-2029.88
-2030.31
-2026.42
-2026.8
-2028.02
-2027.37
-2025.89
-2028.76
-2029.58
-2026.37
-2025.28
-2025.28
-2025.28
-2027.12
-2026.45
-2026.45
-2026.45
-2026.46
-2025.93
-2025.93
-2027.57
-2027.57
-2026.02
-2026.02
-2025.71
-2025.73
-2025.34
-2026.1
-2026.1
-2026.1
-2026.1
-2026.1
-2026.1
-2026.89
-2026.89
-2025.69
-2025.69
-2025.69
-2028.97
-2027.97
-2026.18
-2026.18
-2026.18
-2025.51
-2025.51
-2026.84
-2026.06
-2026.48
-2025.56
-2025.56
-2027.3
-2027.17
-2027.17
-2026.1
-2025.98
-2026.21
-2026.86
-2025.7
-2025.59
-2025.56
-2027.05
-2028.52
-2025.82
-2025.82
-2025.82
-2028.92
-2025.83
-2025.83
-2025.83
-2025.83
-2026.36
-2027.08
-2027.48
-2026.64
-2026.09
-2026.13
-2026.13
-2025.66
-2025.66
-2026.5
-2026.5
-2025.82
-2026.47
-2026.79
-2026.45
-2027.09
-2026.05
-2026.05
-2026.05
-2026.05
-2025.32
-2025.54
-2025.54
-2025.54
-2025.54
-2028.23
-2028.23
-2026.64
-2028.84
-2028.71
-2025.69
-2027.82
-2026.23
-2027.91
-2027.91
-2025.91
-2025.91
-2025.91
-2025.91
-2026.25
-2027.04
-2026.62
-2026.2
-2026.73
-2026.53
-2027.11
-2027.11
-2025.52
-2025.44
-2025.44
-2025.44
-2026.94
-2026.02
-2026.02
-2026.64
-2026.02
-2027.44
-2026.87
-2026.29
-2025.65
-2025.65
-2025.65
-2026.76
-2026.76
-2026.76
-2026.38
-2025.3
-2026.76
-2026.76
-2028.29
-2027.67
-2027.23
-2027.23
-2027.23
-2026.18
-2026.18
-2027.07
-2027.13
-2027.19
-2025.48
-2025.48
-2025.48
-2025.91
-2025.51
-2027.44
-2027.44
-2027.3
-2025.71
-2027.66
-2027.25
-2027.55
-2028.06
-2025.75
-2025.73
-2025.56
-2026.1
-2025.47
-2027.05
-2025.34
-2025.34
-2025.34
-2027.42
-2026.25
-2026.3
-2028.6
-2027.64
-2025.39
-2025.54
-2028.93
-2026.58
-2026.65
-2026.59
-2026.59
-2027.35
-2028.18
-2025.7
-2026.75
-2029.06
-2027.87
-2027.59
-2027.04
-2025.33
-2025.48
-2025.48
-2025.33
-2025.33
-2025.33
-2027.13
-2027.13
-2027.13
-2027.38
-2026.97
-2026.06
-2026.6
-2026.63
-2026.63
-2026.63
-2029.68
-2025.66
-2025.97
-2025.77
-2026.56
-2026.56
-2025.77
-2025.77
-2025.77
-2026.33
-2026.58
-2026.03
-2026.14
-2025.82
-2025.95
-2025.95
-2025.71
-2025.71
-2026
-2025.71
-2025.71
-2025.38
-2026.02
-2026.02
-2026.02
-2026.02
-2025.83
-2026.02
-2027.88
-2026.73
-2025.63
-2026.61
-2026.61
-2026.96
-2026.52
-2027.48
-2025.97
-2025.72
-2025.71
-2029.21
-2029.21
-2026.56
-2026.45
-2026.58
-2026.58
-2026.12
-2025.75
-2025.17
-2027.07
-2026.38
-2025.73
-2025.73
-2026.07
-2025.89
-2026.2
-2026.17
-2025.92
-2025.92
-2025.8
-2025.57
-2025.57
-2025.57
-2025.79
-2025.26
-2025.61
-2025.91
-2025.57
-2026.18
-2025.38
-2026.64
-2029.09
-2025.58
-2025.29
-2026.02
-2026.02
-2026.66
-2026.93
-2025.69
-2025.68
-2025.63
-2025.63
-2026.45
-2026.11
-2026.18
-2026.35
-2026.11
-2025.98
-2026.53
-2027.62
-2027.03
-2025.84
-2026.99
-2026.99
-2027.74
-2026.21
-2026.21
-2027.33
-2027.37
-2025.63
-2029.17
-2027
-2025.74
-2026.6
-2027.53
-2027.53
-2027.97
-2027.97
-2029.34
-2025.93
-2025.93
-2025.93
-2025.63
-2025.51
-2025.52
-2025.52
-2026.37
-2026.37
-2026.32
-2026.32
-2026.35
