ip_ml_8_rawLogLikelihood_unified = zeros(1000,1);
ip_ml_8_rawLogLikelihood_unified = [-47.891
-48.6412
-44.056
-43.7956
-43.7259
-43.7956
-43.7956
-43.7956
-43.7956
-43.7956
-43.7956
-43.7956
-43.7956
-43.7956
-43.7956
-43.7956
-43.7956
-43.7956
-43.7956
-43.1674
-43.1674
-43.7956
-43.7956
-49.7311
-50.0538
-48.7352
-48.8088
-48.035
-48.6785
-50.4412
-50.4412
-48.2065
-48.1891
-49.1651
-47.9611
-47.8696
-47.7091
-47.8618
-49.6335
-50.4181
-46.5842
-46.5842
-50.9835
-50.2248
-48.806
-50.1081
-48.1568
-47.7958
-47.8014
-48.7162
-48.0207
-48.4105
-48.09
-48.0125
-47.9261
-47.8706
-48.8927
-49.2484
-48.2113
-47.6934
-47.7961
-47.9017
-47.5933
-47.4455
-48.4633
-48.8145
-48.599
-47.3551
-48.3436
-47.942
-47.942
-48.0376
-47.8337
-47.3364
-47.5727
-47.977
-47.8242
-47.8242
-47.7545
-47.8796
-47.9194
-47.9194
-47.6651
-47.6651
-48.0336
-48.6006
-47.6939
-47.5713
-47.9815
-47.9159
-48.7096
-48.3888
-46.5401
-47.3447
-47.1791
-47.3632
-48.0193
-48.0193
-45.1319
-46.7477
-46.7477
-46.7603
-48.3118
-47.1933
-48.1155
-45.1102
-45.1102
-44.6233
-44.6233
-46.2936
-44.2794
-44.6233
-44.6233
-44.6233
-44.6233
-44.6233
-43.9425
-43.912
-44.6233
-44.6233
-44.6233
-44.6233
-44.6233
-44.6233
-44.6233
-44.6233
-44.6233
-44.6233
-44.6233
-44.6233
-44.3542
-44.1079
-44.6233
-44.6233
-44.6233
-44.6233
-44.6233
-44.6233
-44.6233
-44.6233
-48.5481
-47.3514
-47.5433
-47.1758
-47.6766
-47.3943
-47.3379
-47.865
-47.881
-50.2794
-47.8527
-48.0906
-52.004
-46.7528
-46.9193
-46.787
-46.7302
-47.4353
-46.7528
-46.9815
-46.9815
-46.7713
-46.089
-46.089
-46.4475
-47.0756
-47.2387
-47.5916
-48.1617
-48.4984
-47.9489
-47.5916
-47.5916
-47.5916
-48.0218
-47.6219
-48.3796
-47.947
-48.2247
-48.4679
-47.2309
-46.7274
-46.7274
-46.7781
-47.3079
-48.5895
-47.5068
-48.5912
-48.755
-48.0627
-48.3789
-48.7589
-46.794
-46.794
-46.794
-46.794
-46.8092
-48.2983
-47.5014
-47.9592
-47.9092
-48.2382
-48.6915
-49.5416
-51.2359
-48.4789
-48.5679
-52.9055
-48.6623
-49.0096
-48.387
-47.3142
-49.0805
-46.5132
-46.5132
-47.2977
-47.5057
-47.3463
-48.1136
-49.4222
-43.3481
-43.3481
-43.3481
-43.3481
-43.3481
-43.3481
-43.3481
-43.3481
-43.3481
-43.3481
-43.3481
-43.3481
-43.3481
-43.3481
-43.3481
-43.3481
-43.3481
-43.3481
-43.3481
-43.3481
-43.3481
-49.3062
-49.3062
-45.0102
-48.0393
-47.4672
-47.4672
-48.7377
-49.6256
-49.6256
-50.9688
-48.0775
-49.3815
-47.0915
-48.8007
-47.4404
-47.4404
-48.9647
-48.4748
-47.7566
-48.0217
-48.0217
-49.275
-49.275
-47.8304
-47.8338
-47.8338
-46.7275
-47.1188
-48.1327
-46.8316
-52.3756
-48.9836
-47.5931
-47.9905
-48.299
-48.0857
-47.9149
-49.0866
-49.0866
-47.8127
-47.6146
-47.8113
-47.5061
-47.6953
-50.5292
-48.1249
-47.9193
-47.4229
-47.6586
-47.6072
-48.0136
-48.8718
-48.8718
-51.0783
-49.8465
-49.5682
-46.7496
-46.4627
-51.1794
-49.6044
-47.4483
-47.4029
-47.9169
-48.1797
-48.5727
-47.739
-49.3367
-47.9832
-50.0944
-49.044
-50.9147
-48.0917
-50.7823
-47.4208
-47.4312
-52.2238
-51.8983
-48.3156
-47.2316
-48.6581
-47.281
-49.612
-47.7542
-48.0401
-51.5732
-47.8676
-47.4271
-45.5767
-45.5767
-45.5767
-45.5767
-47.5109
-47.6214
-47.4217
-48.1842
-47
-47.1572
-51.2075
-48.1723
-48.9629
-48.5932
-47.6094
-47.5302
-47.5385
-48.1067
-47.8273
-47.6915
-49.3408
-48.0839
-48.0839
-47.8216
-47.1545
-46.356
-47.8022
-49.1494
-47.363
-47.363
-47.363
-47.6151
-47.5255
-48.4683
-52.8587
-52.8298
-46.3517
-46.8584
-46.7377
-46.5026
-46.5026
-46.5026
-49.7838
-50.901
-48.0863
-47.1346
-47.1745
-47.151
-47.2699
-47.8424
-49.2432
-46.7901
-48.1291
-48.1291
-47.3787
-47.3445
-48.7172
-48.4962
-47.7546
-47.7546
-47.8653
-48.1276
-48.1276
-47.8661
-49.5813
-47.2927
-45.8768
-46.0315
-46.6899
-47.8705
-47.359
-47.3619
-48.2235
-48.9581
-49.7294
-48.6504
-48.2694
-48.603
-48.3578
-46.9648
-48.8298
-48.7976
-47.6643
-47.7924
-43.3481
-43.3481
-43.3481
-43.3481
-43.3481
-43.3481
-43.3481
-43.3481
-48.5521
-48.2026
-47.8333
-48.6197
-52.9781
-48.0418
-47.8562
-47.8562
-48.5008
-47.721
-51.3221
-47.9617
-47.9574
-48.2785
-48.2052
-43.3481
-45.5767
-44.9001
-44.9001
-51.4385
-47.6285
-48.0635
-48.4934
-46.2203
-47.3182
-47.3855
-48.1367
-47.9349
-47.7345
-43.7956
-43.7956
-46.7307
-47.6603
-52.4945
-52.2746
-52.5101
-47.2977
-47.2977
-46.0955
-47.8479
-49.3536
-45.033
-43.3481
-43.3481
-43.3481
-43.3481
-45.2308
-43.3481
-41.0273
-43.3481
-43.3481
-43.3481
-42.2143
-43.3481
-43.3481
-43.6101
-43.3481
-44.4546
-41.8537
-46.1574
-45.0236
-48.0393
-50.6621
-47.2767
-46.3822
-43.5469
-43.5469
-43.5469
-51.0895
-48.3825
-47.8193
-44.9702
-44.0899
-44.9702
-45.8346
-49.2178
-46.7224
-47.263
-46.8213
-48.193
-47.2697
-47.2697
-50.976
-50.976
-42.1763
-42.1763
-42.9995
-42.9995
-43.3481
-43.3481
-45.6593
-45.926
-48.8222
-46.6358
-45.8527
-45.8527
-45.2902
-42.7796
-42.7796
-43.3481
-43.3481
-43.3481
-43.3481
-43.3481
-43.3481
-43.3481
-43.3481
-41.3099
-43.7541
-43.7541
-43.7541
-44.9687
-44.9687
-41.0273
-41.0273
-41.0273
-41.0273
-41.0273
-41.0273
-41.0273
-41.0273
-41.0273
-41.0273
-41.0273
-41.0273
-41.0273
-41.0273
-41.0273
-41.0273
-41.0273
-41.0273
-41.0273
-41.0273
-41.0273
-41.0273
-43.3481
-43.3481
-43.3481
-44.3842
-44.3842
-42.2143
-42.2143
-42.2143
-42.2143
-41.2992
-41.2992
-43.3481
-43.3481
-44.5434
-44.3989
-44.3989
-44.3989
-44.3989
-43.3481
-42.9914
-43.3481
-43.3481
-43.3481
-43.3481
-43.3481
-43.3481
-43.3481
-43.3481
-44.1171
-43.3481
-43.3481
-43.3481
-42.8861
-42.8861
-43.3481
-43.3481
-43.3481
-43.3481
-41.8537
-41.8537
-41.8537
-41.8537
-41.8537
-41.8537
-41.8537
-41.8537
-41.8537
-41.8537
-41.8537
-41.8537
-41.8537
-41.8537
-41.8537
-41.8537
-41.8537
-41.8537
-41.8537
-41.8537
-41.8537
-41.8537
-47.3745
-47.3745
-48.0393
-48.0393
-45.0236
-45.0236
-48.3947
-47.5273
-47.7225
-47.7032
-47.5983
-47.7002
-47.2295
-47.2295
-43.5469
-43.5469
-43.5469
-43.5469
-43.5469
-43.5469
-43.5469
-43.5469
-42.5117
-43.5469
-43.5469
-47.9927
-47.9927
-45.9893
-46.7159
-45.7039
-46.6526
-46.9868
-46.6737
-46.7963
-47.9378
-47.7254
-47.591
-44.9702
-44.9702
-44.9702
-44.9702
-47.882
-47.8346
-46.2476
-46.2476
-44.9702
-44.9702
-44.9702
-44.9702
-44.9702
-44.9702
-44.9702
-44.9702
-44.9702
-44.9702
-44.9702
-44.9702
-44.9702
-44.9702
-44.9702
-44.9702
-44.9702
-44.9702
-44.9702
-47.1739
-46.5133
-44.9702
-46.5736
-48.6291
-49.0103
-48.0667
-49.0103
-43.3428
-43.3428
-43.3428
-48.5442
-50.7283
-47.683
-47.3501
-45.8228
-45.8228
-47.5851
-47.5851
-48.0348
-47.9726
-48.0946
-46.8636
-47.3967
-47.9948
-47.366
-47.2737
-47.2737
-47.2737
-45.5585
-45.1311
-45.1311
-45.5585
-45.5585
-45.5585
-45.5585
-45.5585
-45.5585
-45.5416
-47.1576
-46.921
-46.6594
-47.5526
-47.5352
-48.0924
-48.5065
-48.5065
-48.1449
-45.916
-45.916
-45.916
-45.916
-45.916
-46.0704
-49.8726
-47.4216
-47.4216
-47.0685
-46.4873
-46.4873
-48.8794
-48.5891
-46.4118
-46.464
-46.464
-46.464
-46.6755
-47.9702
-47.8748
-48.179
-47.9783
-49.0299
-48.9936
-46.2745
-47.0139
-47.6728
-49.3587
-47.5132
-48.033
-47.7324
-48.654
-47.6603
-50.0986
-48.107
-47.9715
-47.7391
-47.6548
-47.8349
-47.9215
-48.776
-48.776
-48.1986
-47.6298
-48.4368
-48.4368
-46.8805
-47.2226
-47.7077
-47.6884
-47.3439
-47.3439
-47.2923
-47.2923
-47.2247
-47.3823
-47.3823
-46.3695
-47.0864
-47.0864
-47.0864
-46.6366
-47.2442
-46.5908
-48.2455
-46.8444
-46.8117
-47.4726
-47.2054
-47.5126
-48.0061
-47.8568
-47.3173
-48.7638
-46.5898
-46.6676
-46.6676
-47.6303
-47.6303
-47.7256
-47.7067
-47.538
-47.538
-47.538
-47.6844
-46.6933
-45.3244
-44.4884
-44.4884
-44.02
-45.3244
-45.3244
-44.727
-48.0813
-48.0813
-48.6474
-48.9096
-48.4929
-45.3244
-45.3244
-46.3858
-45.3244
-45.3244
-45.3244
-45.3244
-45.3244
-45.3244
-46.1693
-47.8582
-47.8582
-47.8582
-45.3244
-45.3244
-44.4183
-46.2036
-46.2036
-46.2036
-45.3244
-45.3244
-44.5777
-44.5777
-44.5777
-45.3244
-45.3244
-45.3244
-45.3244
-45.3244
-45.3244
-45.1608
-45.3244
-45.3244
-45.3244
-44.5665
-44.5665
-45.3244
-45.3244
-45.3244
-45.3244
-45.3244
-45.3244
-45.3244
-45.3244
-45.3244
-45.3244
-47.8251
-47.2538
-45.3244
-45.3244
-45.3244
-45.3244
-45.3244
-45.3244
-47.9701
-47.8275
-47.8275
-47.8347
-48.2242
-47.5482
-47.5482
