ip_ml_11_rawLogLikelihood_unified = zeros(1000,1);
ip_ml_11_rawLogLikelihood_unified = [-70.896
-70.9116
-65.2497
-65.2497
-64.864
-64.864
-64.7607
-64.7607
-64.7607
-64.7607
-64.864
-64.864
-64.864
-65.3481
-63.9621
-64.1963
-66.8917
-64.9418
-64.9879
-66.4297
-66.0124
-66.0124
-64.864
-64.864
-64.864
-64.864
-64.864
-64.864
-64.864
-65.402
-64.864
-65.9892
-64.8985
-67.3914
-64.2864
-64.9796
-65.4307
-64.6231
-64.864
-64.864
-65.4008
-65.416
-70.6465
-64.864
-64.864
-64.864
-64.9433
-64.864
-65.4556
-70.5675
-70.5108
-71.7036
-72.0407
-70.763
-73.5616
-71.7
-70.9496
-70.9726
-65.907
-65.5805
-65.5805
-65.5805
-65.5805
-65.2459
-65.1248
-65.5499
-64.6588
-66.0794
-66.0542
-66.0542
-66.5343
-66.0898
-65.7844
-65.9914
-66.0898
-66.0802
-65.6704
-66.0898
-66.0898
-67.478
-67.202
-66.5662
-66.2786
-67.0206
-65.1247
-66.0898
-65.7072
-66.019
-66.0898
-65.8672
-65.4823
-65.4823
-66.1802
-65.7819
-65.7819
-65.4981
-65.4981
-65.9789
-65.9275
-70.4025
-73.0486
-76.8566
-69.3226
-69.9381
-69.9345
-69.879
-69.8545
-70.7385
-69.216
-69.9033
-70.4885
-70.5032
-70.9134
-70.8756
-69.3546
-69.3546
-69.3512
-69.8855
-69.8862
-69.8072
-70.4477
-68.9477
-70.085
-70.2055
-71.2593
-70.7047
-70.3584
-64.2012
-63.8894
-64.5151
-64.2012
-64.2012
-64.2012
-64.2954
-64.2954
-65.5134
-65.5134
-63.8483
-63.8483
-63.5639
-64.6503
-64.4197
-64.5637
-64.4241
-64.4241
-64.2012
-64.2012
-64.4517
-64.2012
-64.2012
-64.5311
-64.3563
-64.3349
-65.0094
-63.693
-63.4665
-67.9563
-67.7678
-67.9498
-67.3875
-64.5479
-64.5861
-64.4956
-64.4956
-62.4657
-63.6849
-63.6849
-63.8541
-63.3075
-63.3075
-64.2012
-64.2012
-65.6682
-65.2986
-66.6015
-66.6015
-65.2861
-65.2861
-66.6015
-65.8347
-60.764
-60.764
-60.5633
-60.764
-60.764
-62.4349
-62.159
-62.159
-62.159
-62.159
-61.7879
-60.764
-62.522
-61.492
-61.3457
-61.2897
-61.2897
-64.2012
-64.5723
-64.2469
-63.8679
-59.7778
-63.517
-63.517
-63.517
-63.3911
-63.3911
-63.3911
-63.0806
-61.8501
-61.8501
-61.8501
-61.8813
-61.9879
-64.4186
-64.4956
-66.3167
-67.8563
-66.3594
-68.9677
-70.7516
-71.2068
-71.0138
-68.3956
-60.764
-60.764
-60.5492
-60.764
-60.764
-60.764
-60.764
-60.764
-60.764
-64.7942
-64.2012
-62.522
-63.673
-63.673
-65.1493
-64.3132
-61.9879
-62.3731
-62.3545
-61.6866
-64.4956
-62.9625
-65.1732
-69.2352
-66.7765
-66.5709
-72.046
-72.0547
-70.9485
-70.7155
-70.2322
-70.1739
-70.1002
-70.1292
-71.319
-71.1419
-70.8176
-70.835
-71.0518
-70.3898
-70.395
-69.8325
-76.1042
-71.8164
-71.1778
-67.5019
-65.6621
-65.315
-65.315
-64.7217
-68.7309
-64.8916
-64.8916
-64.5826
-65.4871
-65.4871
-65.4871
-64.6879
-63.9438
-63.9438
-67.5019
-65.3194
-65.414
-65.414
-66.7737
-70.6779
-70.6747
-70.6083
-70.8709
-70.6312
-69.996
-70.7455
-68.3125
-68.3378
-69.8089
-70.164
-69.9947
-68.188
-70.1589
-70.3925
-72.7266
-73.6446
-73.0027
-72.1534
-71.9633
-63.9814
-64.3483
-64.3738
-64.3738
-67.4447
-64.2012
-63.9427
-64.1065
-64.1065
-64.1065
-64.2012
-64.2012
-63.6389
-63.6389
-63.2353
-63.2353
-64.2012
-64.2012
-71.1798
-72.2608
-71.0193
-78.4598
-70.8988
-70.4955
-71.5369
-65.5763
-64.8597
-64.7261
-65.5342
-70.0511
-69.8974
-65.3262
-65.3262
-64.9714
-64.864
-64.864
-69.3136
-69.2377
-64.5453
-65.9941
-64.3838
-64.3838
-64.1713
-64.2012
-64.2012
-64.2012
-66.6075
-63.3475
-63.3475
-63.1281
-66.3665
-60.764
-60.764
-60.764
-60.764
-60.764
-60.764
-60.764
-60.764
-64.2012
-65.7041
-64.2012
-63.4727
-63.4727
-64.0799
-63.83
-64.0948
-64.2012
-62.1605
-61.4675
-62.2043
-62.2043
-62.2043
-62.2043
-62.522
-64.2088
-63.2666
-60.6957
-62.522
-62.522
-61.4821
-62.522
-62.522
-61.4653
-64.6114
-63.552
-65.2846
-64.2012
-64.5892
-63.8041
-61.6025
-61.6025
-61.6025
-61.9879
-61.9244
-61.9244
-68.9142
-70.8212
-66.6787
-67.1096
-67.1096
-68.0712
-68.0034
-67.5967
-68.8396
-63.6849
-63.6849
-61.4068
-64.2012
-64.2012
-64.2012
-64.2012
-64.2012
-64.2012
-64.2012
-66.7222
-66.7222
-60.764
-61.5927
-61.3127
-61.3127
-60.764
-60.764
-60.764
-60.8636
-60.8636
-60.1169
-60.764
-60.764
-66.311
-62.7329
-62.7329
-62.7329
-62.041
-62.041
-61.4213
-61.1667
-61.1667
-61.1667
-61.1667
-64.2012
-65.0812
-64.0085
-64.0877
-63.7631
-63.1981
-63.1981
-63.1981
-64.0489
-63.7817
-63.7817
-62.1313
-61.9879
-61.9879
-61.9879
-63.0308
-62.3701
-62.0095
-62.0095
-61.6106
-69.5784
-65.4732
-65.4732
-65.548
-61.1992
-60.6935
-60.764
-60.764
-60.3839
-62.0684
-62.0684
-65.7575
-64.2012
-64.2012
-63.8444
-65.4026
-64.5838
-61.8707
-62.3034
-64.327
-64.327
-61.8501
-61.8501
-61.9879
-61.9879
-68.2052
-68.5188
-70.2467
-66.4456
-68.3238
-68.2953
-62.4657
-62.4657
-62.4657
-62.4657
-63.0856
-63.0856
-61.9173
-61.9173
-61.9173
-63.6849
-63.6849
-63.3592
-63.3592
-63.3592
-63.3592
-63.3592
-64.2813
-64.2813
-60.764
-60.764
-61.0116
-61.0116
-60.764
-61.6276
-60.764
-60.764
-60.6549
-60.764
-60.764
-60.764
-60.764
-60.764
-62.7909
-60.764
-61.4048
-61.4356
-61.4356
-60.764
-60.764
-60.764
-60.5371
-60.764
-60.764
-60.764
-60.764
-60.764
-60.764
-60.764
-60.764
-60.764
-60.764
-60.764
-60.764
-60.764
-60.764
-60.764
-60.764
-60.764
-60.764
-60.764
-60.764
-60.764
-60.764
-60.764
-60.764
-60.764
-60.764
-60.764
-60.764
-60.764
-60.764
-60.764
-60.764
-60.764
-61.5143
-61.5143
-61.5143
-60.764
-60.764
-60.764
-60.764
-60.764
-60.764
-60.764
-60.764
-60.764
-60.8966
-60.6235
-60.764
-60.764
-61.3968
-61.3968
-60.764
-60.4883
-60.4883
-60.8985
-60.8985
-60.764
-60.2105
-60.2105
-60.2105
-60.2082
-60.764
-60.764
-60.764
-60.764
-60.764
-60.764
-60.764
-60.764
-60.8981
-60.8981
-60.764
-60.764
-60.764
-60.764
-60.9632
-64.2012
-64.2012
-63.7668
-62.522
-61.4559
-61.4072
-61.2804
-63.673
-63.8909
-66.215
-65.7856
-63.517
-63.517
-62.7061
-63.517
-63.517
-64.2012
-64.2012
-64.0831
-64.2012
-64.2012
-64.2012
-64.2012
-64.2012
-63.5785
-66.6858
-66.6858
-61.9879
-61.9879
-61.9879
-62.0238
-62.0238
-61.9879
-65.7326
-63.3674
-63.3674
-61.8501
-61.8501
-61.9879
-61.9879
-61.9879
-61.9879
-61.9879
-61.9879
-61.2958
-61.2958
-62.1261
-61.6379
-61.9879
-61.9879
-62.3545
-62.3545
-61.6409
-62.3545
-62.3545
-61.9879
-61.9879
-61.4566
-61.4566
-63.5392
-63.5392
-60.5654
-60.5654
-61.2139
-61.2139
-62.2567
-62.2567
-61.9047
-61.1526
-61.9879
-61.9879
-61.1273
-61.1273
-61.9879
-61.1739
-61.3704
-61.3704
-61.3704
-64.4956
-64.4956
-63.7561
-63.7561
-66.6236
-63.726
-66.5497
-66.5497
-66.6709
-66.2781
-67.5174
-67.5174
-66.4772
-66.4772
-66.3882
-67.7649
-67.1227
-66.6037
-67.5983
-67.5983
-66.4231
-66.4979
-66.3034
-66.5203
-66.5941
-70.0598
-70.4981
-67.3072
-66.3116
-67.0548
-67.1235
-67.1182
-66.7798
-67.0761
-67.1349
-67.1582
-69.4199
-69.3788
-69.522
-68.9906
-69.888
-70.7306
-67.4419
-67.4419
-68.2862
-66.691
-68.2009
-68.2009
-68.1068
-68.2129
-71.8262
-71.7172
-68.7388
-69.5621
-69.5811
-69.3887
-71.2433
-71.545
-71.3036
-70.3409
-71.6622
-71.7824
-70.5902
-70.583
-70.6452
-70.564
-69.1167
-69.9327
-69.0916
-69.3078
-70.2159
-70.3351
-69.6011
-69.8567
-70.0351
-71.038
-70.9832
-71.3558
-71.0079
-69.8965
-70.1523
-70.536
-65.8395
-64.8898
-65.1964
-65.1964
-65.0886
-68.1302
-67.8369
-65.7975
-66.3007
-67.5861
-68.755
-69.7602
-71.394
-66.8069
-67.8264
-68.0881
-69.0862
-68.1967
-67.3255
-67.5813
-66.0267
-67.3661
-67.3661
-67.9488
-67.8891
-67.8891
-66.9654
-67.0175
-68.2674
-67.1283
-67.2223
-66.5691
-66.7456
-66.4511
-66.9747
-69.1438
-67.9661
-67.3701
-68.3368
-67.3698
-67.3701
-67.8247
-66.5013
-67.1283
-67.1283
-67.7362
-67.0018
-67.0018
-67.5477
-67.062
-67.9655
-64.6675
-64.4991
-67.1007
-67.1225
-65.7025
-67.7519
-67.171
-66.2274
-71.6351
-70.7779
-70.4609
-66.4865
-65.3573
-66.4865
-66.4865
-65.4563
-64.0754
-65.0438
-65.0438
-65.0438
-65.0438
-65.9851
-65.9851
-65.1666
-65.794
-65.794
-65.2913
-65.2481
-67.0693
-65.7614
-65.4148
-65.6291
-67.0693
-65.0438
-65.0438
-65.0438
-65.0615
-65.0438
-65.2194
-66.3131
-65.7013
-65.7013
-66.2557
-66.2557
-65.8794
-66.5074
-65.305
-66.1254
-66.1254
-65.0438
-65.0438
-65.0438
-65.5104
-66.9917
-65.0438
-65.0438
-68.7256
-69.4847
-69.7834
-69.242
-69.0409
-69.0394
-68.9292
-68.3417
-68.0596
-69.331
-70.5093
-66.518
-66.5961
-66.9847
-66.9847
-69.5019
-67.6105
