ip_ml_0_rawLogTarget_unified = zeros(1000,1);
ip_ml_0_rawLogTarget_unified = [-6498.01
-6291.29
-6589.04
-7982.55
-6556.61
-6410.49
-6536.98
-6580.22
-6452.19
-6419.53
-5970.72
-6574.35
-44052
-7755.08
-6524.1
-6058.15
-19680
-6477.76
-6457.56
-7398.51
-6129.99
-14711.9
-17378.2
-5875.8
-6421.42
-20055.9
-6560.04
-6224.32
-5771.55
-6371.21
-6544.73
-6006.05
-6215.87
-7329.46
-6577.17
-190616
-5898.29
-6483.51
-6401.42
-13383.5
-483891
-176848
-60801.3
-5926.1
-5791.76
-6120.27
-6537.21
-24980.8
-6578.65
-6287.91
-6530.29
-9192.11
-6457.1
-6516.9
-8920.27
-6538.76
-9519.46
-6671.75
-121592
-5961.1
-6542.9
-6461.34
-41425.7
-222225
-6404.67
-6499.77
-6858.46
-5980.66
-44434.3
-6337.88
-6513.13
-6360.11
-9327.15
-6508.74
-5983.81
-210329
-20155.7
-6334.51
-6505.31
-6526.99
-98482.4
-6567.15
-17105.1
-6567.13
-990500
-6290.74
-6527.97
-6453.87
-6559.38
-13493.2
-6411.46
-6558.63
-36263.7
-6574.43
-6558.23
-7056.16
-21353.5
-5909.71
-6571.87
-1.19441e+06
-53201.2
-6550.45
-1.03559e+06
-6437.07
-952954
-307903
-6089.02
-886474
-6486.86
-6489.35
-8904.26
-6526.6
-5865.13
-6538.82
-100105
-125539
-6431.76
-15423.2
-6518.44
-5916.86
-225900
-6433.59
-6060.79
-8818.73
-6516.01
-5930.68
-6231.11
-6492.77
-47182.6
-6039.64
-6453.69
-15975.1
-6882.38
-6497.22
-92654
-22595.6
-80078
-72409.4
-80521
-6534.85
-6614.98
-6222.76
-6564.46
-6365.15
-8519.57
-5540.3
-6091.55
-23568.9
-900926
-6555.08
-12285.5
-6568.42
-5906.98
-6171.15
-408967
-6543.58
-8394.05
-5892.46
-6578.4
-6323.11
-14459
-192351
-5920.94
-27791.5
-9091.66
-38143.9
-6540.2
-6338.9
-6297.28
-6286.27
-6562.31
-6418.58
-6406.3
-6430.19
-182452
-5917.51
-7606.92
-6544.64
-12855.1
-6560.48
-6580.67
-60291.3
-1.56992e+06
-6483.3
-6546.77
-6568.74
-5932.21
-6420.95
-10704.1
-6010.99
-6041.56
-6279.41
-6158.26
-6569.98
-6324.27
-6332.97
-6445.54
-6576.11
-6569.92
-6294.34
-6461.75
-6205.08
-6550.55
-6420.62
-6414.2
-50143.3
-710147
-6541.26
-6576.95
-5902.27
-5895.74
-8056.14
-6561.95
-6199.93
-6364.89
-6492.92
-6542.76
-6137.26
-6503.06
-6563.08
-18567.6
-6501.25
-5973.4
-6469.03
-1.14149e+06
-5947.99
-6434.96
-6485.67
-635011
-6356.53
-7825.9
-6269.33
-6312.6
-6513.39
-6577.59
-7769.18
-33884.1
-6504.08
-6533.56
-12635.8
-6560.62
-5818.25
-6352.16
-6461.88
-6571.28
-6535.51
-6488.56
-12770.7
-278973
-5953.17
-6266.71
-442425
-6556.32
-5966.58
-6325.59
-6345.81
-6548.96
-7400.45
-6197.74
-6543.29
-649155
-287616
-6509.7
-6265.8
-7995.04
-35847.2
-7243.61
-6324.54
-20030.8
-25321.8
-6647.69
-6530.02
-676528
-6154.58
-5966.23
-6569.18
-6136.41
-6506.53
-6573
-5950.19
-340846
-6440.06
-7748.64
-6278.23
-5869.1
-6221.37
-5906.82
-6057.21
-6387.23
-6567.35
-6524.25
-6520.16
-29857.8
-5948.08
-6567.2
-5934.4
-6118.78
-1.08058e+06
-21097.2
-104753
-6554.98
-6572.24
-6563.35
-8808.1
-5930.68
-572244
-6273.69
-6407.43
-8839.78
-6119.57
-6145.48
-5990.19
-6562.68
-6420.36
-6284.24
-1.50481e+06
-50033.7
-5976.76
-6565.76
-5902.22
-8490.64
-6563.97
-6553.37
-6281.73
-6304.11
-6568.33
-5813.84
-6016.74
-9094.28
-6285.5
-6314.29
-6316.18
-116189
-6542.67
-919244
-6251.52
-34643.1
-26817
-5934.88
-6119.55
-56766.7
-6544.27
-519092
-342093
-6567.83
-6302.95
-7944.56
-6563.8
-6404.54
-28005.4
-6030.2
-139734
-6434.42
-11321.4
-6506.83
-5745.17
-10912.3
-6573.53
-6531.18
-6565.74
-8006.21
-11402
-6579.12
-6563.85
-6569.51
-7246.15
-6265.99
-6543.03
-5886.93
-6414.33
-27444.1
-6524.18
-6261.62
-40053.7
-6210.98
-6557.93
-6283.25
-6550.34
-139041
-5945.52
-6430.67
-6264.4
-6497.5
-6314.96
-5494.26
-86237.5
-6598.24
-6569.88
-5908.68
-5972.7
-6473.21
-5896.95
-6535.74
-6567.55
-7341.26
-6453.66
-6497.44
-6051.92
-10770.2
-11372
-88909.2
-24333.2
-6400.9
-6073.73
-13859.1
-6217.85
-6222.86
-6565.56
-6521.17
-6130.48
-20755.9
-6353.47
-97199.8
-6536.55
-6247.35
-6354.28
-160733
-6378.43
-9734.73
-155032
-9739.65
-6413.83
-1.26545e+06
-6571.95
-16912.4
-6305.9
-381220
-13702.4
-6553.06
-6466.17
-273537
-6561.82
-1.11921e+06
-6432.52
-6372.18
-6304.57
-23302.1
-378244
-8391.72
-38254.4
-5961.59
-6234.83
-5922.5
-6521.73
-6487.03
-6562.15
-6525.91
-166302
-15152.6
-6572.73
-6556.86
-95198.4
-6473.08
-6375.76
-20512.2
-6791.43
-248497
-6569.19
-6460.92
-6567
-1.48621e+06
-6281.93
-14061.8
-6548.34
-5972.02
-6220.73
-6570.41
-6420.37
-680865
-6541.04
-297042
-6481.25
-381315
-6123.04
-6493.91
-6360.24
-5990.25
-678546
-6541.94
-6543.89
-6211.86
-5749.32
-6269.01
-34560.5
-525452
-5837.43
-6307.83
-6552.91
-5883.75
-6124.31
-68347.5
-6473.16
-5833.15
-6374.35
-6564.21
-1.69794e+06
-187254
-6559.95
-5854.97
-6555.43
-7632.45
-6560.2
-6558.85
-6573.07
-6156.19
-6541.66
-6528.91
-6565.6
-8679.83
-7413.57
-5934.42
-353608
-10540.9
-6484.97
-6419.07
-6536.37
-6446.68
-6379.27
-6436.97
-6542.96
-5861.52
-6544.48
-6316.64
-6573.8
-7771.33
-6161.46
-6549.02
-6514.73
-6571.88
-6444.25
-6360.32
-6545.01
-6039.87
-5957.68
-6538.3
-6199.29
-5922.58
-568764
-6289.92
-6567.01
-90450.3
-10124.6
-5944.58
-6564.54
-6318.84
-6713.36
-6249.95
-50231.5
-6373.35
-813277
-5938.06
-6530.64
-5262.43
-1.49309e+06
-6460.84
-6385.74
-5818.15
-6552.74
-6532.56
-6525.77
-6403.1
-30633.2
-6548.28
-6559.35
-6499.26
-6538.24
-6492.28
-6573.15
-6419.9
-6520.9
-5916.67
-6578.43
-6311.99
-9555.54
-6568.95
-21788.6
-6568.9
-6563.09
-229745
-37676.7
-218771
-8748.11
-9470.44
-6558.07
-5895.23
-656934
-6134.68
-71794.3
-5954.23
-6534.56
-6320.38
-37667.1
-384549
-6592.04
-6260.33
-6079.22
-6557.71
-414544
-39437.7
-6560.47
-8019.59
-8906.63
-6488.77
-86203.2
-6131.12
-6394.75
-6256.4
-28739.5
-32857.3
-6000.41
-6580.39
-6183.98
-6565.61
-6041.54
-6219.9
-5981.08
-6514.61
-6503.95
-6083.72
-6558.4
-47385.8
-6081.92
-115160
-1.02775e+06
-6837.03
-6068.46
-6543.57
-6390.85
-6290.06
-6158.29
-6560.22
-6833.15
-6333.64
-27583.6
-6148.82
-689150
-6545.86
-6562.62
-6187.16
-5963.74
-16863.6
-5964.11
-1.76076e+06
-365353
-29896.3
-8515.11
-6545.4
-6567.99
-6438.02
-25652.7
-6536.24
-14526.7
-11582
-6069.22
-6347.01
-6528.1
-6570.1
-6327.92
-6576.58
-5920.16
-6445.47
-10245.6
-6561.18
-623335
-139200
-6255.87
-6503.4
-6146.3
-6087.45
-79613.9
-24838.5
-6132.95
-5983.14
-18041.8
-6802.49
-6475.35
-79308.4
-8823.19
-6327.41
-6480.61
-6211.26
-6568.23
-6440
-10568.5
-5870.85
-6110.71
-6490.54
-7053.23
-6529.09
-6565.52
-6526.99
-6350.19
-6564.46
-6021.91
-6407.93
-15109.3
-6022.11
-6306.97
-6578.34
-6499.05
-6561
-6440.86
-7366.62
-6520.34
-6565.44
-188995
-6080.81
-6465.91
-116288
-21211.5
-84833.1
-35053
-105148
-6057.46
-36305.2
-6165.35
-12543.3
-5583.43
-6147.2
-6271.06
-6470.89
-53359
-6010.93
-6560.68
-5953.05
-6554.4
-1.05803e+06
-5815.63
-6031.26
-5964.79
-5921.97
-5931.94
-6319.43
-13459
-81180.1
-6563.37
-6356.15
-32557
-6211.48
-705227
-114665
-417986
-5917
-64289.6
-6503.14
-5656.56
-6467.83
-6559.94
-5986.65
-6543.74
-97573.9
-6518.75
-6507.18
-6193.69
-6280.83
-6420.47
-47341.2
-6564.44
-5865.13
-1.40654e+06
-5996.46
-6323.39
-6298.42
-6434.59
-6202.25
-5882.31
-252761
-6350.17
-5963.34
-125261
-5921.98
-6282.24
-6212.16
-6172.49
-5958.77
-6575.26
-49379.8
-5848.97
-8677.47
-6292.99
-6516.66
-21141.3
-6548.56
-6040.59
-6266.8
-5936.53
-6267.85
-6249.31
-17208.9
-6184.59
-6275.15
-36388.1
-6119.92
-24580.6
-1.45036e+06
-145471
-5858.56
-6430.21
-28893.9
-6570.27
-49981.2
-6540.41
-384596
-6294.74
-6244.67
-45399.8
-6269.07
-294842
-7631.1
-6454.24
-6312.4
-39234.8
-6577.86
-6545.5
-6555.18
-6552.44
-92638.2
-1.27187e+06
-38003.7
-296178
-6010.27
-6551.87
-79260.3
-6564.02
-5895.14
-6334.72
-5983.45
-6491.55
-5935.45
-6203.22
-10131.8
-25113.3
-5945.54
-6514.68
-6508.34
-6535.22
-8232.63
-11257
-5938.41
-6504.42
-6501.43
-263042
-5979.67
-6505.54
-6581.04
-6549.87
-17242.5
-6039.75
-6277.98
-6570.09
-6310.76
-7166.76
-6080.52
-6320.01
-6569.65
-14311.9
-5875.81
-6521.28
-7269.87
-6516
-6495.14
-5961.22
-47365.2
-8377.97
-6293.85
-394625
-15842.3
-163016
-11024.3
-6575.25
-6552.98
-6465.84
-26139.8
-83609.9
-6363.34
-6791.79
-94929.2
-11762.9
-5974.08
-6512.27
-413502
-5903.77
-6101.98
-50578.4
-5920.08
-6332.45
-6558.79
-5910.34
-6148.83
-6463.25
-69545.7
-967768
