ip_ml_9_rawLogLikelihood_unified = zeros(1000,1);
ip_ml_9_rawLogLikelihood_unified = [-55.1301
-55.1301
-55.1014
-50.6876
-50.6876
-50.388
-50.388
-50.3078
-50.3078
-50.388
-50.388
-50.388
-50.388
-50.388
-50.388
-50.388
-50.388
-50.388
-50.388
-50.388
-50.388
-50.388
-50.388
-50.388
-50.388
-50.388
-50.388
-50.388
-50.388
-50.388
-50.388
-50.388
-50.388
-50.388
-49.6653
-50.388
-50.388
-56.0712
-56.565
-55.4003
-55.5774
-55.2005
-55.6841
-55.4153
-56.0075
-55.0759
-55.1402
-55.0862
-54.8489
-54.9443
-54.8851
-54.8579
-57.6673
-57.1059
-55.9658
-55.9658
-54.9903
-54.9903
-54.9968
-54.9968
-55.6055
-57.3215
-55.1813
-55.228
-55.1403
-55.2954
-55.5235
-55.5596
-54.8725
-55.537
-55.9673
-55.1167
-55.1586
-55.1586
-55.4887
-54.604
-55.0192
-55.0192
-55.023
-56.0352
-55.6042
-54.9541
-55.0868
-55.1325
-55.9163
-55.1286
-55.2449
-54.4713
-53.7548
-54.8681
-51.9254
-53.7845
-53.2493
-54.0276
-51.3403
-53.262
-50.9446
-50.9446
-50.9446
-51.3403
-50.3471
-50.3471
-51.3403
-50.557
-50.557
-50.5219
-51.3403
-51.3403
-51.3403
-51.3403
-51.3403
-51.3403
-51.3403
-51.3403
-51.3403
-51.3403
-52.9643
-51.3403
-51.3403
-51.3403
-51.3403
-52.4186
-51.3403
-50.7474
-51.3403
-51.3403
-51.3403
-51.3403
-51.3403
-51.3403
-51.3403
-51.3403
-51.3403
-51.3403
-51.3403
-51.855
-51.855
-54.5285
-54.3478
-55.0884
-56.241
-55.1513
-55.3295
-55.3295
-55.259
-59.6485
-53.7904
-54.1835
-54.4942
-54.302
-54.022
-54.274
-54.7408
-54.9839
-54.1389
-54.1366
-54.0174
-53.9187
-54.3002
-55.0096
-54.0535
-53.8117
-53.0266
-53.0266
-53.8867
-53.8867
-53.8252
-54.4014
-54.3712
-54.7554
-54.6339
-54.6339
-54.7903
-55.7462
-55.5072
-54.7658
-55.2652
-55.2373
-54.3405
-55.9055
-54.6034
-55.7602
-53.8871
-53.8871
-53.8553
-53.8553
-53.8553
-54.6685
-55.0279
-54.9095
-54.5876
-54.3205
-55.4993
-58.1955
-55.9257
-55.3996
-56.3899
-56.7272
-55.6706
-54.4436
-54.2913
-53.3133
-53.1875
-54.4384
-54.4259
-54.4732
-54.4732
-55.356
-56.8616
-56.8616
-54.6597
-49.8732
-49.8732
-49.8732
-49.8732
-49.8732
-52.658
-52.658
-52.658
-49.7321
-49.8732
-49.8732
-49.8732
-49.8732
-49.8732
-49.8732
-49.8732
-49.8732
-49.8732
-49.8732
-49.8732
-49.8732
-49.8732
-49.8732
-49.8732
-49.8732
-49.8732
-49.8732
-49.8732
-49.8732
-49.4784
-49.4784
-51.5485
-56.7281
-56.2708
-55.3153
-53.2904
-54.3388
-50.1019
-50.1019
-57.2076
-54.1257
-53.4159
-56.1466
-56.9597
-54.5815
-54.5815
-55.396
-55.2503
-55.1937
-54.8823
-55.0341
-54.7971
-55.2144
-55.8907
-55.1088
-55.3347
-54.9096
-54.657
-54.484
-54.2915
-55.1473
-55.1473
-55.1025
-55.085
-56.3344
-54.1869
-54.7733
-55.2409
-55.4154
-55.336
-56.364
-57.3497
-57.3497
-57.3497
-58.374
-54.5384
-55.1297
-55.4121
-57.7107
-55.3308
-56.5436
-54.5042
-54.265
-59.8212
-58.9064
-58.4675
-55.5884
-55.4404
-54.6958
-55.9824
-54.7411
-54.6263
-52.4372
-52.4372
-50.9013
-50.9013
-52.4372
-52.1954
-52.1954
-55.0687
-54.5599
-58.1987
-53.9005
-58.6473
-55.9077
-54.8061
-55.1338
-55.1553
-55.2734
-54.2526
-55.0871
-54.3751
-53.3289
-53.773
-53.773
-53.5624
-53.8927
-57.09
-56.2008
-58.5629
-55.3246
-54.2485
-54.8689
-56.6556
-55.6715
-53.8378
-55.1523
-55.1523
-55.1582
-54.6807
-54.6807
-56.0504
-56.3863
-57.197
-54.9183
-55.4411
-56.0599
-55.1059
-55.1059
-55.0722
-55.3511
-52.7825
-52.7825
-53.1601
-53.2253
-53.5482
-55.2297
-57.0437
-55.6369
-56.5062
-55.6133
-49.8732
-49.8732
-49.8732
-49.8732
-49.8732
-49.8732
-49.8732
-49.8732
-49.8732
-49.8732
-49.8732
-49.8732
-49.8732
-55.0504
-56.3262
-56.0362
-60.9528
-55.0425
-55.0425
-55.0478
-55.0564
-54.9043
-55.2049
-55.7824
-55.2332
-52.4372
-52.4372
-50.9591
-51.6588
-51.6588
-51.6588
-55.2984
-55.2984
-53.1777
-53.5992
-55.3825
-55.1389
-54.9897
-50.3647
-50.3647
-50.3647
-50.388
-50.388
-53.8578
-53.0341
-49.8732
-49.8732
-49.8732
-49.8732
-49.8732
-52.0393
-52.0393
-52.0393
-47.203
-47.203
-49.8732
-49.8732
-49.3857
-49.8732
-49.8732
-48.5687
-48.5687
-48.5687
-48.5687
-49.8732
-49.8732
-49.8732
-49.8732
-49.8732
-49.8732
-50.1746
-51.1462
-48.1538
-48.1538
-48.1538
-53.1053
-51.8009
-51.8009
-51.8009
-58.0179
-54.4726
-54.5553
-53.3639
-50.1019
-50.2191
-55.2253
-55.1046
-55.0174
-55.0174
-50.7266
-51.7394
-52.7339
-52.1132
-52.1132
-53.0667
-53.8885
-53.8691
-53.3323
-54.8416
-54.4491
-49.4721
-49.8732
-52.8391
-54.629
-52.7547
-52.8654
-52.1076
-49.219
-49.8732
-49.8732
-49.8732
-50.6364
-50.3403
-47.203
-47.203
-47.203
-47.203
-47.203
-51.0653
-48.5687
-47.5159
-49.8732
-49.8732
-49.8732
-49.8732
-49.8732
-50.7579
-48.1538
-48.1538
-48.1538
-48.1538
-48.1706
-48.1538
-55.2705
-51.8009
-54.3388
-50.9193
-50.1019
-54.5411
-54.5411
-48.525
-48.525
-48.525
-48.525
-49.4721
-49.4721
-49.219
-49.219
-49.8732
-49.8732
-49.8732
-49.8732
-49.8732
-49.8732
-49.8732
-49.8732
-49.8732
-49.8732
-50.3403
-50.3403
-50.3403
-50.3403
-51.7377
-51.7377
-51.7377
-51.7377
-51.7377
-51.7377
-47.203
-47.203
-47.203
-47.203
-47.203
-47.203
-47.203
-47.203
-47.203
-47.203
-47.203
-47.203
-47.203
-47.203
-47.203
-47.203
-47.203
-47.203
-47.203
-47.203
-47.203
-47.203
-47.203
-47.203
-47.203
-47.203
-47.203
-47.203
-47.203
-47.203
-47.203
-47.203
-47.203
-47.203
-47.203
-47.203
-47.203
-47.203
-49.8732
-49.8732
-49.8732
-49.8732
-49.6478
-51.0653
-51.0653
-48.5687
-48.5687
-48.5687
-48.5687
-48.5687
-48.5687
-51.0821
-51.0821
-51.0821
-51.0821
-49.4628
-49.4628
-49.4628
-49.4628
-49.8732
-49.8732
-49.8732
-49.8732
-49.8732
-49.3416
-49.3416
-49.3416
-49.3416
-49.3416
-49.8732
-49.9277
-50.0525
-49.8732
-49.8732
-49.8732
-49.8732
-49.8732
-49.8732
-48.1538
-48.1538
-48.0468
-48.0468
-48.0468
-48.1538
-48.1538
-48.1538
-48.1538
-50.6017
-50.6017
-48.1538
-48.1538
-48.1538
-48.1538
-48.1538
-48.1538
-48.1538
-48.1538
-48.1538
-48.4386
-48.4386
-48.1538
-48.1538
-48.1538
-48.1538
-48.1538
-48.1538
-48.1538
-48.1538
-48.1538
-50.1019
-50.1019
-50.1019
-50.1019
-48.9109
-48.9109
-48.9109
-48.9109
-52.912
-52.912
-53.675
-53.9871
-54.0596
-53.2695
-53.0613
-53.0613
-53.8404
-54.4647
-51.7394
-51.7394
-51.7394
-51.7394
-51.7394
-51.7394
-51.7394
-53.5174
-53.2939
-53.9016
-53.2091
-53.2091
-54.9739
-51.7394
-51.7394
-51.9217
-51.7394
-51.7394
-51.7394
-51.7394
-51.7394
-51.5715
-51.7394
-51.2874
-51.7394
-51.7394
-51.7394
-51.7394
-51.7394
-51.7394
-51.7394
-51.7394
-51.7394
-51.7394
-51.7394
-53.5374
-51.7394
-51.7394
-51.7394
-53.5842
-56.3876
-54.4802
-49.867
-55.8515
-58.3411
-54.7397
-55.1027
-55.1027
-55.2654
-55.0805
-55.709
-55.2193
-54.4959
-52.4163
-52.4163
-53.3763
-51.9537
-56.5036
-51.9246
-52.4163
-52.4163
-54.2015
-54.3424
-53.6829
-55.4331
-55.0503
-55.808
-52.8277
-52.8277
-51.8072
-51.8072
-52.8277
-52.8277
-52.8277
-52.4899
-52.8277
-53.0053
-53.0053
-53.0053
-55.145
-54.0072
-53.4631
-55.1271
-53.398
-54.167
-54.2089
-53.4581
-53.4581
-53.7209
-55.2908
-55.2908
-54.987
-55.0003
-55.3619
-53.2401
-54.0162
-54.1089
-54.7943
-54.5662
-56.7885
-54.5112
-55.4877
-54.8267
-54.5694
-55.7787
-55.0353
-55.135
-55.4537
-54.6902
-54.7994
-54.0961
-54.6976
-54.6976
-54.3762
-54.889
-54.4704
-54.3942
-54.661
-54.661
-55.7606
-53.3494
-54.0487
-54.3012
-54.1742
-54.1742
-53.2595
-53.5135
-53.5605
-54.4163
-54.4163
-53.5886
-54.6185
-54.3111
-54.6645
-54.4688
-55.1528
-55.3275
-54.6605
-55.1215
-56.1724
-54.349
-56.1041
-53.6923
-54.8
-54.8
-54.5866
-54.5924
-54.8188
-55.4958
-54.6938
-54.6456
-54.6456
-52.1766
-51.1851
-50.6462
-50.6462
-52.147
-52.1312
-51.4596
-51.4596
-51.4596
-55.0945
-54.9895
-55.6812
-55.5004
-52.147
-52.147
-53.0621
-53.0621
-52.147
-52.147
-52.147
-52.147
-52.147
-52.147
-52.147
-52.147
-52.147
-55.0621
-55.0621
-55.0621
-52.147
-51.9226
-52.147
-52.147
-52.2776
-52.3348
-51.2878
-51.2878
-52.147
-52.147
-52.147
-52.147
-52.147
-52.4728
-52.147
-52.147
-52.147
-51.6049
-52.0995
-52.147
-52.147
-52.147
-52.147
-52.147
-52.147
-52.147
-52.147
-54.3229
-54.0634
-51.1488
-52.147
-52.147
-52.147
-52.147
-55.0268
-55.4833
-54.919
-54.919
-54.7055
-54.8466
-57.0925
-56.5351
-54.7358
-51.6485
-51.6485
-51.6485
-50.5277
-50.5277
-50.5277
-50.5277
-50.5277
-50.4296
-50.5277
-50.5277
-50.5277
-51.335
-50.5277
-50.5277
-50.5277
-50.5277
