ip_ml_16_rawChain_unified = zeros(1000,3);
ip_ml_16_rawChain_unified = [1.7661184746888441e+00 1.0546260122065843e+00 4.2317761762996020e-01 
2.3385588649678182e+00 1.1264704264714758e+00 5.2026530893334832e-01 
1.9443874811773414e+00 1.0009842351682285e+00 7.9952405502291701e-01 
1.4048782903688621e+00 9.6875998757312920e-01 4.9928974065593490e-01 
1.4665947954015328e+00 8.3069420322874965e-01 4.2715871986773690e-01 
1.6966185275173997e+00 9.0802465350595851e-01 4.3576354782106286e-01 
1.5890528859064361e+00 8.4636366473076485e-01 3.3965591648508009e-01 
1.8424711580799358e+00 8.9448588314647481e-01 5.0426665377365976e-01 
1.7262279989274087e+00 7.1636342055590241e-01 4.8154079114404563e-01 
1.7327590559464381e+00 6.7752479693143364e-01 4.9154409676156313e-01 
1.7675546350651927e+00 7.8802250366122550e-01 2.7692330442772251e-01 
2.3864228218047754e+00 1.1613004815932670e+00 4.1911906129026316e-01 
2.2849159240091765e+00 8.3781064485296697e-01 3.6456515417844371e-01 
1.4723831303876562e+00 8.3545348216949100e-01 4.4630778467342258e-01 
2.1150573859331652e+00 1.0976981148313545e+00 5.6348181255908114e-01 
2.0373832846264275e+00 1.0698050332087965e+00 5.5327423746320981e-01 
2.2215564489129598e+00 1.1038593531600320e+00 5.7016066534608978e-01 
1.7243791173110046e+00 9.5863067450814876e-01 5.5166606866464096e-01 
1.7571444464329542e+00 6.8229675426356295e-01 3.3797936040289212e-01 
1.1957662221586762e+00 4.5463781108457751e-01 2.4060547654049108e-01 
9.6052582970239841e-01 6.3874475235799788e-01 5.8017086131651019e-01 
1.1916246271511035e+00 6.2458332546347517e-01 4.4268681601256654e-01 
1.3358396483839514e+00 7.4737572498662042e-01 4.7061876116248541e-01 
1.4706236049311781e+00 8.6764753100410830e-01 4.9553840279367045e-01 
1.4706236049311781e+00 8.6764753100410830e-01 4.9553840279367045e-01 
9.1600059469012229e-01 2.6666806617534766e-01 2.4050752393635752e-01 
8.4298146150589037e-01 2.2816651153876227e-01 2.0666267460992441e-01 
9.1600059469012229e-01 2.6666806617534766e-01 2.4050752393635752e-01 
9.1600059469012229e-01 2.6666806617534766e-01 2.4050752393635752e-01 
9.0846112069708740e-01 3.2736630871334421e-01 2.4964198303775129e-01 
9.0846112069708740e-01 3.2736630871334421e-01 2.4964198303775129e-01 
9.1600059469012229e-01 2.6666806617534766e-01 2.4050752393635752e-01 
9.1600059469012229e-01 2.6666806617534766e-01 2.4050752393635752e-01 
9.1600059469012229e-01 2.6666806617534766e-01 2.4050752393635752e-01 
9.1600059469012229e-01 2.6666806617534766e-01 2.4050752393635752e-01 
9.1600059469012229e-01 2.6666806617534766e-01 2.4050752393635752e-01 
9.1600059469012229e-01 2.6666806617534766e-01 2.4050752393635752e-01 
9.1600059469012229e-01 2.6666806617534766e-01 2.4050752393635752e-01 
9.1600059469012229e-01 2.6666806617534766e-01 2.4050752393635752e-01 
9.1600059469012229e-01 2.6666806617534766e-01 2.4050752393635752e-01 
9.1600059469012229e-01 2.6666806617534766e-01 2.4050752393635752e-01 
9.5452729590897312e-01 2.0750228375283333e-01 2.3185523095443758e-01 
9.1600059469012229e-01 2.6666806617534766e-01 2.4050752393635752e-01 
9.1600059469012229e-01 2.6666806617534766e-01 2.4050752393635752e-01 
9.9671050437459530e-01 2.4425998601377211e-01 2.7186730437835027e-01 
9.9671050437459530e-01 2.4425998601377211e-01 2.7186730437835027e-01 
8.9741751396759550e-01 3.5605948959103040e-01 2.4854069646031368e-01 
8.9741751396759550e-01 3.5605948959103040e-01 2.4854069646031368e-01 
8.9741751396759550e-01 3.5605948959103040e-01 2.4854069646031368e-01 
8.9741751396759550e-01 3.5605948959103040e-01 2.4854069646031368e-01 
7.1753057380930596e-01 2.6774048780130166e-01 2.1777698969671352e-01 
7.1753057380930596e-01 2.6774048780130166e-01 2.1777698969671352e-01 
8.9741751396759550e-01 3.5605948959103040e-01 2.4854069646031368e-01 
8.9741751396759550e-01 3.5605948959103040e-01 2.4854069646031368e-01 
1.0325863228511774e+00 3.0619835679478313e-01 2.8438034190413825e-01 
1.0325863228511774e+00 3.0619835679478313e-01 2.8438034190413825e-01 
8.6719789133432112e-01 1.8502953267236444e-01 2.9123888624604310e-01 
1.0325863228511774e+00 3.0619835679478313e-01 2.8438034190413825e-01 
1.0325863228511774e+00 3.0619835679478313e-01 2.8438034190413825e-01 
1.0325863228511774e+00 3.0619835679478313e-01 2.8438034190413825e-01 
1.0325863228511774e+00 3.0619835679478313e-01 2.8438034190413825e-01 
1.4212703253086760e+00 6.3514249583505944e-01 3.7491124030918238e-01 
1.4212703253086760e+00 6.3514249583505944e-01 3.7491124030918238e-01 
1.2492564371437851e+00 2.7763416244317007e-01 4.0448712501217893e-01 
1.2080664609958205e+00 5.1430423790860158e-01 4.0583685734700836e-01 
1.2080664609958205e+00 5.1430423790860158e-01 4.0583685734700836e-01 
1.2978571307563749e+00 5.6553949808930215e-01 4.2398752223950614e-01 
1.2978571307563749e+00 5.6553949808930215e-01 4.2398752223950614e-01 
1.2978571307563749e+00 5.6553949808930215e-01 4.2398752223950614e-01 
6.2133489502364891e-01 2.2394022896322791e-01 3.3094020330697121e-01 
6.2133489502364891e-01 2.2394022896322791e-01 3.3094020330697121e-01 
6.2133489502364891e-01 2.2394022896322791e-01 3.3094020330697121e-01 
9.6570873302641769e-01 2.9640302122461543e-01 3.3030335603192729e-01 
9.6570873302641769e-01 2.9640302122461543e-01 3.3030335603192729e-01 
9.6570873302641769e-01 2.9640302122461543e-01 3.3030335603192729e-01 
9.6570873302641769e-01 2.9640302122461543e-01 3.3030335603192729e-01 
2.1921471732495346e+00 1.1831332273750061e+00 5.6254274363094936e-01 
9.7680457420236300e-01 1.8510492192434896e-01 2.6111578445630179e-01 
9.7680457420236300e-01 1.8510492192434896e-01 2.6111578445630179e-01 
9.7680457420236300e-01 1.8510492192434896e-01 2.6111578445630179e-01 
9.8909700688616775e-01 1.7055798546716941e-01 2.4875680995853114e-01 
7.6361637285519857e-01 1.0088351188094065e-01 2.3880957774462741e-01 
7.3435321017599808e-01 1.3843260122334572e-01 2.1850000042740034e-01 
5.9578388740516075e-01 1.7388469769628251e-01 2.5277836286990407e-01 
5.9578388740516075e-01 1.7388469769628251e-01 2.5277836286990407e-01 
5.9578388740516075e-01 1.7388469769628251e-01 2.5277836286990407e-01 
8.3349321522815245e-01 1.4892383579927645e-01 2.4968403908682146e-01 
8.3349321522815245e-01 1.4892383579927645e-01 2.4968403908682146e-01 
5.6734476864030303e-01 1.8424775864141829e-01 2.6660296197342415e-01 
5.9775525191666812e-01 2.4479141254914566e-01 2.4015942278695676e-01 
8.4710064156702580e-01 1.3146605110086379e-01 2.0761557066672917e-01 
8.4710064156702580e-01 1.3146605110086379e-01 2.0761557066672917e-01 
8.4710064156702580e-01 1.3146605110086379e-01 2.0761557066672917e-01 
8.1519867791147194e-01 1.8197932039846132e-01 2.1652108808109208e-01 
8.1519867791147194e-01 1.8197932039846132e-01 2.1652108808109208e-01 
8.1519867791147194e-01 1.8197932039846132e-01 2.1652108808109208e-01 
9.7581775366214640e-01 2.8542634506051068e-01 2.8172746691343520e-01 
1.1792836347326461e+00 5.7116066527831688e-01 3.4131476472313727e-01 
1.0088701106908367e+00 5.8709997864814834e-01 3.9710246696305462e-01 
1.1792836347326461e+00 5.7116066527831688e-01 3.4131476472313727e-01 
9.9080307220959285e-01 3.5748044503463999e-01 2.8837016498989837e-01 
1.1792836347326461e+00 5.7116066527831688e-01 3.4131476472313727e-01 
8.3124483279158834e-01 4.9327896570854396e-01 2.8580676345501238e-01 
9.8565497046010975e-01 5.6573958078417186e-01 2.9823732197132075e-01 
1.0011306712992629e+00 4.2631960556266080e-01 3.7009219726452963e-01 
1.2155576280608820e+00 4.2717702150324421e-01 3.2371238478223230e-01 
9.1568420882730273e-01 2.7336862575205262e-01 2.4335396863965028e-01 
9.9448010015874455e-01 3.6995614760097445e-01 2.7737672892768239e-01 
9.9448010015874455e-01 3.6995614760097445e-01 2.7737672892768239e-01 
9.9448010015874455e-01 3.6995614760097445e-01 2.7737672892768239e-01 
9.9448010015874455e-01 3.6995614760097445e-01 2.7737672892768239e-01 
1.1580128755460215e+00 3.8100680006485926e-01 2.5256666631356406e-01 
9.5358424204064052e-01 4.3330795428859542e-01 2.6981596770079330e-01 
