ip_ml_21_rawLogTarget_unified = zeros(1000,1);
ip_ml_21_rawLogTarget_unified = [-409.395
-408.838
-409.166
-409.166
-409.696
-409.914
-409.914
-409.678
-409.678
-409.971
-409.739
-409.739
-411.08
-409.451
-408.84
-408.84
-409.564
-409.564
-408.873
-408.873
-408.873
-409.628
-409.544
-408.903
-409.148
-409.148
-411
-410.035
-409.587
-409.587
-409.049
-409.049
-409.108
-409.79
-409.79
-409.086
-409.287
-409.287
-409.287
-409.287
-408.986
-409.811
-409.811
-409.361
-409.361
-409.094
-409.665
-409.954
-409.094
-409.094
-408.99
-408.99
-408.99
-409.094
-410.05
-409.206
-409.065
-409.065
-409.065
-409.094
-409.094
-409.751
-409.98
-409.094
-409.132
-409.293
-409.094
-409.094
-409.094
-409.094
-409.094
-409.094
-409.094
-408.975
-409.23
-409.174
-408.99
-409.094
-409.094
-409.094
-409.094
-409.541
-410.919
-411.563
-409.495
-409.382
-409.495
-408.918
-408.918
-409.094
-409.094
-409.094
-409.094
-409.094
-409.094
-409.094
-409.766
-409.417
-409.42
-409.42
-409.229
-409.327
-409.327
-408.89
-408.89
-408.89
-408.89
-409.18
-409.885
-409.885
-410.897
-410.16
-409.415
-410.652
-410.652
-410.16
-408.834
-408.929
-408.98
-408.98
-409.214
-409.214
-409.214
-409.214
-409.042
-409.042
-409.364
-409.364
-411.43
-409.817
-409.238
-409.238
-409.238
-409.437
-409.044
-409.156
-408.947
-411.335
-409.583
-411.493
-411.718
-409.214
-409.214
-409.214
-417.168
-409.542
-408.86
-408.86
-409.65
-409.371
-411.09
-411.09
-411.335
-410.951
-410.951
-411.939
-411.109
-409.95
-417.898
-414.479
-414.638
-414.638
-408.909
-409.429
-409.429
-409.177
-410.414
-409.097
-409.097
-409.097
-410.408
-410.194
-410.194
-410.194
-409.521
-409.521
-409.521
-409.521
-410.996
-412.236
-411.195
-411.195
-409.283
-409.283
-409.283
-410.754
-410.754
-411.183
-410.042
-410.042
-410.658
-410.042
-409.296
-409.07
-411.139
-412.363
-410.036
-409.342
-411.534
-409.974
-409.372
-409.372
-409.653
-411.646
-411.646
-409.457
-409.457
-409.138
-411.846
-411.846
-409.664
-409.024
-409.024
-409.024
-409.024
-410.08
-409.638
-409.638
-409.558
-410.203
-410.203
-411.146
-412.252
-409.152
-409.152
-410.41
-409.711
-411.437
-410.366
-413.47
-411.08
-410.54
-409.919
-410.592
-412.96
-413.305
-412.835
-410.911
-410.911
-409.079
-409.079
-409.079
-410.483
-409.188
-409.099
-409.099
-409.099
-409.099
-409.099
-409.49
-409.362
-409.362
-409.268
-409.268
-410.138
-410.138
-410.138
-411.589
-411.589
-409.301
-409.301
-409.301
-410.24
-410.24
-409.194
-409.194
-409.194
-410.049
-409.12
-409.12
-410.303
-410.378
-409.168
-409.168
-412.501
-412.741
-412.847
-412.057
-409.419
-409.419
-409.419
-409.419
-408.928
-408.928
-409.219
-409.167
-409.573
-409.896
-408.916
-408.916
-409.705
-409.135
-410.276
-409.15
-409.562
-409.562
-412.186
-412.186
-413.739
-412.694
-411.405
-409.688
-409.14
-409.14
-409.14
-411.504
-411.504
-409.056
-410.735
-409.999
-409.252
-411.222
-412.998
-411.723
-415.027
-413.018
-415.095
-416.109
-410.592
-410.592
-410.592
-412.325
-408.852
-411.373
-411.305
-410.302
-410.302
-410.302
-411.161
-409.954
-410.789
-412.827
-412.79
-410.098
-409.43
-409.136
-408.943
-408.943
-408.996
-409.503
-410.635
-410.635
-410.487
-409.531
-408.982
-413.154
-408.955
-408.951
-408.955
-408.955
-408.955
-408.955
-408.955
-409.365
-409.365
-409.365
-409.114
-409.114
-409.114
-409.114
-409.114
-409.114
-409.182
-409.114
-409.114
-408.969
-409.833
-409.095
-409.114
-409.114
-409.114
-409.297
-409.968
-409.968
-409.968
-409.968
-409.782
-409.968
-410.145
-409.297
-410.134
-410.134
-409.825
-409.658
-411.333
-411.217
-411.217
-411.81
-411.075
-411.146
-409.362
-410.761
-409.642
-409.642
-409.15
-409.133
-416.725
-409.28
-409.124
-410.211
-410.373
-411.426
-410.95
-410.95
-410.95
-409.793
-409.533
-410.013
-409.681
-408.978
-409.067
-409.647
-410.242
-410.242
-408.927
-409.967
-409.711
-409.733
-408.889
-409.044
-408.908
-408.908
-408.865
-408.865
-409.492
-409.492
-408.982
-410.929
-411.127
-409.248
-410.975
-410.918
-409.437
-409.437
-409.437
-409.401
-409.401
-409.401
-409.664
-409.664
-409.664
-409.664
-409.071
-410.743
-409.232
-413.475
-409.311
-409.165
-409.165
-409.927
-409.201
-408.897
-408.897
-409.883
-409.417
-409.417
-411.868
-410.978
-410.978
-411.666
-409.887
-411.522
-409.164
-409.164
-409.202
-410.087
-409.123
-412.335
-408.825
-408.825
-408.825
-408.825
-408.825
-408.825
-410.026
-408.825
-409.729
-408.825
-408.825
-412.72
-412.881
-416.03
-414.928
-413.108
-411.455
-410.28
-410.263
-409.051
-409.046
-409.046
-408.912
-408.912
-408.912
-409.323
-409.323
-409.976
-409.625
-410.475
-409.319
-409.285
-411.468
-411.336
-410.171
-412.409
-412.574
-411.649
-411.791
-410.747
-410.747
-411.883
-411.883
-409.849
-409.25
-408.942
-409.939
-409.939
-409.939
-409.571
-409.469
-409.469
-408.887
-408.887
-408.887
-409.53
-410.257
-409.469
-409.568
-409.079
-409.241
-413.342
-409.314
-409.293
-409.293
-409.427
-409.427
-410.167
-408.948
-408.948
-409.356
-410.679
-408.982
-408.982
-408.982
-409.022
-410.722
-410.391
-409.895
-409.895
-409.895
-409.428
-409.747
-408.989
-408.989
-408.989
-409.216
-409.209
-408.818
-408.818
-408.818
-409.121
-408.924
-410.151
-410.782
-410.358
-409.404
-408.986
-409.454
-408.986
-408.986
-408.986
-408.986
-408.986
-410.174
-409.374
-409.374
-413.364
-408.908
-408.908
-410.009
-409.743
-410.826
-411.027
-409.355
-410.545
-410.545
-410.545
-411.432
-411.432
-410.545
-410.545
-410.545
-410.545
-409.067
-409.11
-409.41
-409.41
-409.404
-409.404
-409.977
-408.953
-408.953
-408.953
-408.974
-410.457
-408.94
-409.039
-409.039
-409.883
-409.067
-409.067
-413.414
-409.48
-409.48
-409.48
-409.256
-409.256
-409.206
-408.94
-409.198
-410.18
-410.18
-409.323
-409.802
-409.802
-411.29
-412.259
-408.954
-408.954
-408.951
-409.384
-409.936
-409.395
-409.725
-409.395
-409.269
-409.269
-409.395
-409.395
-410.234
-410.234
-410.234
-414.407
-413.752
-414.034
-411.875
-409.361
-409.392
-409.392
-411.97
-413.966
-409.88
-410.469
-410.491
-412.314
-411.22
-418.164
-418.037
-409.825
-408.896
-409.676
-408.896
-408.896
-413.326
-409.511
-409.511
-409.511
-410.062
-409.045
-409.42
-409.42
-409.42
-412.971
-412.135
-411.94
-410.814
-411.428
-411.428
-412.052
-409.169
-409.169
-409.169
-409.331
-409.476
-408.988
-413.11
-413.11
-413.11
-411.896
-410.5
-410.5
-410.5
-409.033
-409.033
-409.708
-409.787
-412.442
-414.389
-411.694
-409.348
-411.382
-412.257
-412.257
-412.257
-409.042
-409.156
-409.156
-410.958
-409.609
-409.617
-409.617
-409.617
-409.617
-412.725
-410.743
-410.25
-410.25
-411.19
-410.359
-410.222
-409.12
-409.251
-410.879
-410.011
-410.011
-409.084
-409.664
-409.245
-409.348
-410.405
-410.405
-420.899
-415.534
-409.678
-408.904
-410.737
-408.92
-408.92
-409.625
-409.625
-409.875
-414.996
-411.694
-411.458
-409.015
-411.458
-408.86
-411.65
-411.65
-409.362
-409.596
-410.607
-412.019
-411.971
-410.016
-409.839
-409.175
-409.204
-408.947
-409.554
-409.471
-409.884
-409.183
-408.831
-408.831
-408.975
-409.589
-409.375
-409.693
-409.057
-409.67
-409.403
-410.996
-409.471
-409.271
-409.271
-409.933
-409.611
-409.611
-409.271
-409.357
-409.357
-409.271
-409.149
-410.77
-410.77
-410.77
-413.814
-411.888
-411.923
-409.278
-409.278
-412.543
-412.67
-410.422
-410.422
-409.514
-410.414
-412.348
-408.927
-408.927
-408.927
-410.273
-410.273
-408.905
-408.95
-408.887
-410.438
-410.438
-410.438
-409.332
-409.332
-409.332
-409.972
-409.972
-409.332
-409.332
-409.332
-409.663
-409.866
-409.866
-410.23
-411.847
-409.341
-409.396
-409.131
-409.377
-409.377
-409.274
-409.274
-409.274
-412.516
-411.503
-411.827
-411.968
-410.789
-412.057
-410.246
-410.591
-412.185
-410.958
-409.445
-415.428
-411.912
-409.236
-410.185
-410.185
-410.185
-410.185
-410.529
-409.719
-410.407
-409.513
-409.777
-409.777
-409.513
-410.036
-409.297
-409.297
-408.922
-412.91
-410.565
-409.142
-411.774
-409.362
-409.022
-409.022
-409.067
-409.067
-409.664
-409.479
-408.857
-408.857
-408.877
-408.877
-408.877
-408.877
-409.776
-410.833
-410.864
-409.191
-409.094
-410.061
-410.825
-410.097
-410.483
-409.409
-410.297
-409.167
-409.366
-412.936
-412.936
