ip_ml_26_rawLogTarget_unified = zeros(1000,1);
ip_ml_26_rawLogTarget_unified = [-3129.74
-3129.74
-3129.74
-3129.74
-3129.74
-3131.03
-3131.03
-3131.04
-3132.73
-3131.33
-3130.75
-3130.07
-3131.18
-3131.32
-3131.32
-3130.17
-3131.24
-3132.4
-3132.4
-3131.24
-3130.17
-3130.17
-3134.58
-3132.04
-3132.4
-3131.71
-3132.3
-3132.3
-3131.94
-3131.94
-3131.95
-3130.96
-3130.42
-3131.65
-3133.04
-3132.71
-3132.11
-3132.62
-3131.37
-3131.22
-3131.22
-3131.77
-3132.2
-3131.57
-3131.74
-3130.25
-3130.25
-3131.2
-3130.49
-3131.09
-3130.12
-3130.12
-3130.12
-3130.12
-3130.69
-3131.19
-3130.94
-3132.43
-3131.34
-3132.59
-3130.96
-3131.98
-3131.98
-3131.69
-3131.69
-3131.42
-3130.54
-3130.38
-3131.45
-3130.82
-3132.31
-3130.57
-3130.57
-3131.98
-3131.98
-3131.98
-3129.8
-3129.8
-3134.5
-3131.51
-3131.29
-3131.11
-3131.31
-3131.11
-3131
-3131
-3131.11
-3131.11
-3131.11
-3131.11
-3131.11
-3129.83
-3131.11
-3131.02
-3131.02
-3131.02
-3130.97
-3130.34
-3130.34
-3130.97
-3129.92
-3131.98
-3130.83
-3131.78
-3134.54
-3135.95
-3130.46
-3130.56
-3132.68
-3129.64
-3130.32
-3130.32
-3130.51
-3131.46
-3131.46
-3131.46
-3131.46
-3130.68
-3130.94
-3130.94
-3130.94
-3130.73
-3133.41
-3131.22
-3131.67
-3132.01
-3132.29
-3130.69
-3134.02
-3130.58
-3130.28
-3130.28
-3130.28
-3130.28
-3130.5
-3130.5
-3132.54
-3132.57
-3133.68
-3129.99
-3133.36
-3130.33
-3130.19
-3130.33
-3130.16
-3133.29
-3134.54
-3130.45
-3130.42
-3130.48
-3130.48
-3133.04
-3134.45
-3130.41
-3130.16
-3130.16
-3131.12
-3130.81
-3130.22
-3131
-3130.24
-3130.68
-3130.68
-3130.22
-3130.22
-3130.22
-3130.25
-3131.7
-3135.93
-3132.57
-3132.54
-3131.41
-3131.41
-3132
-3133.41
-3133.66
-3133.09
-3130.32
-3130.32
-3130.32
-3132.91
-3132.91
-3131.48
-3132.38
-3131.53
-3130.57
-3130.57
-3130.29
-3131.58
-3133.51
-3131.04
-3131.04
-3131.69
-3132.63
-3132.63
-3132.29
-3130.91
-3131.2
-3132.68
-3132.68
-3131.68
-3131.55
-3131.55
-3129.88
-3129.88
-3130.24
-3130.26
-3130.24
-3131.07
-3132.31
-3130.89
-3132.01
-3131.33
-3132.33
-3131.26
-3130.84
-3130.77
-3130.77
-3131.35
-3131.35
-3131.15
-3131.15
-3134.69
-3133.23
-3131.4
-3130.85
-3130.73
-3131.69
-3130.93
-3131.48
-3130.98
-3134
-3130.83
-3131.95
-3131.57
-3131.96
-3131.14
-3132.78
-3131.05
-3131.05
-3131.05
-3132.57
-3132.24
-3131.14
-3131.36
-3130.15
-3131.85
-3131.4
-3131.64
-3132.68
-3130.35
-3130.35
-3130.54
-3131.23
-3130.09
-3130.09
-3130.09
-3130.09
-3130.01
-3130.01
-3130.86
-3130.86
-3130.86
-3130.86
-3130.86
-3129.82
-3129.82
-3129.82
-3130.04
-3130.04
-3130.04
-3130.93
-3130.93
-3130.93
-3130.93
-3130.1
-3131.33
-3131.33
-3131.72
-3130.93
-3131.03
-3130.37
-3130.37
-3130.37
-3130.64
-3130.64
-3130.34
-3130.91
-3130.91
-3130.04
-3130.04
-3131.45
-3131.45
-3130.29
-3130.29
-3130.99
-3130.99
-3132.51
-3130.44
-3130.82
-3131.68
-3131.68
-3131.73
-3130.54
-3130.54
-3131.97
-3132.35
-3131.27
-3131.27
-3131.82
-3130.62
-3131.87
-3132.82
-3131.05
-3131.05
-3131.05
-3131.02
-3129.66
-3129.66
-3132.06
-3133.25
-3133.25
-3133.25
-3130.91
-3132.67
-3131.06
-3131.06
-3130.96
-3130.96
-3131.78
-3131.78
-3131.78
-3132.88
-3132.76
-3130.44
-3130.83
-3130.83
-3130.65
-3130.83
-3130.55
-3130.55
-3130.55
-3130.26
-3130.26
-3130.93
-3130.93
-3130.93
-3131.19
-3130.45
-3133.52
-3133.52
-3131.3
-3131.48
-3131.48
-3131.21
-3130.72
-3130.33
-3131.52
-3129.81
-3130.32
-3130.32
-3130.32
-3131.24
-3131.15
-3130.65
-3130.65
-3130.65
-3130.22
-3130.22
-3131.21
-3131.93
-3130.46
-3130.46
-3131.86
-3131.72
-3130.84
-3130.99
-3130.99
-3132.52
-3132.52
-3131.67
-3131.16
-3131.16
-3131.16
-3131.4
-3131.67
-3130.71
-3130.54
-3132.82
-3130.25
-3131.37
-3131.97
-3130.95
-3130.61
-3130.61
-3130.56
-3130.56
-3130.56
-3130.56
-3130.56
-3130.56
-3130.17
-3129.88
-3129.95
-3131.45
-3131.45
-3130.63
-3131.38
-3131.38
-3130.75
-3131.97
-3135.12
-3130.67
-3130.67
-3130.17
-3130.17
-3130.17
-3132.44
-3132.44
-3130.81
-3130.81
-3130.54
-3130.82
-3130.29
-3129.95
-3129.95
-3129.95
-3130.59
-3129.95
-3129.95
-3129.95
-3129.95
-3129.95
-3131.23
-3130.79
-3130.67
-3131.38
-3131.93
-3130.21
-3130.92
-3130.92
-3130.92
-3131.22
-3130.92
-3130.84
-3130.84
-3131.51
-3129.95
-3129.95
-3129.95
-3129.95
-3129.95
-3129.95
-3129.95
-3129.95
-3129.95
-3130.36
-3130.36
-3130.36
-3130.76
-3130.76
-3129.95
-3129.95
-3130.16
-3130.79
-3130.06
-3130.57
-3129.95
-3129.95
-3130.5
-3132.52
-3131.21
-3131.21
-3131.21
-3132.3
-3132.71
-3130.78
-3130.78
-3131.02
-3131.08
-3131.08
-3131
-3131
-3130.52
-3130.93
-3130.93
-3130.93
-3132.05
-3132.05
-3132.08
-3134.16
-3134.16
-3131.84
-3130.27
-3130.56
-3130.56
-3130.56
-3131.41
-3133.39
-3131.89
-3131.76
-3130.95
-3130.95
-3131.05
-3129.8
-3129.8
-3131.3
-3132.41
-3132.41
-3133.91
-3133.71
-3132.74
-3130.39
-3130.5
-3130.14
-3130.85
-3131.87
-3133.61
-3131.12
-3131.15
-3132.04
-3132.04
-3132.01
-3133.58
-3133.58
-3130.63
-3130.63
-3132.29
-3130.88
-3130.88
-3132.01
-3131.36
-3132.98
-3130.37
-3130.37
-3130.78
-3130.78
-3130.78
-3129.9
-3130.53
-3129.9
-3129.9
-3129.9
-3130.67
-3130.98
-3131.6
-3131.89
-3131.33
-3131.33
-3133.47
-3131.33
-3131.33
-3132.84
-3131.63
-3131.36
-3130.25
-3129.9
-3130.49
-3132.47
-3131.13
-3131.06
-3131.09
-3132.03
-3131.71
-3131.71
-3131.71
-3130.83
-3130.83
-3130.83
-3131.43
-3132.24
-3130.81
-3131.03
-3130.59
-3130.59
-3129.99
-3129.99
-3131.17
-3131.17
-3131.17
-3131.17
-3130.75
-3131.29
-3132.59
-3132.59
-3131.13
-3131.82
-3131.82
-3132.37
-3130.52
-3130.52
-3130.52
-3130.52
-3132.15
-3132.15
-3133.86
-3131.72
-3131.72
-3131.1
-3131.12
-3131.74
-3130.32
-3131.17
-3131.48
-3131.48
-3129.94
-3130.77
-3130.32
-3134.89
-3131.3
-3130.73
-3130.74
-3131.79
-3130.73
-3130.73
-3130.73
-3131.15
-3131.21
-3130.8
-3130.48
-3129.95
-3129.84
-3129.84
-3131.04
-3131.78
-3132.32
-3132.32
-3132.36
-3132.36
-3131.09
-3131.09
-3131.71
-3130.7
-3131.09
-3131.09
-3129.95
-3130.18
-3130.12
-3130.3
-3130.4
-3130.4
-3131.94
-3129.83
-3136.42
-3132.87
-3135.19
-3130.53
-3130.53
-3133.95
-3130.87
-3130.87
-3130.87
-3132.13
-3133.95
-3130.14
-3130.14
-3131.55
-3130.14
-3130.14
-3131.02
-3131.04
-3130.73
-3132.12
-3131.04
-3132.82
-3131.93
-3133.12
-3130.46
-3131.72
-3130.46
-3130.46
-3130.46
-3132.18
-3132.18
-3132.18
-3132.18
-3133.04
-3131.01
-3130.81
-3132.91
-3132.23
-3131.29
-3132.66
-3132.75
-3130.2
-3130.64
-3130.64
-3130.26
-3130.2
-3130.2
-3129.84
-3129.84
-3130.25
-3130.25
-3130.25
-3133.56
-3133.4
-3133.4
-3134.19
-3130.6
-3130.6
-3130.6
-3130.33
-3129.99
-3129.99
-3129.99
-3129.99
-3130.08
-3131.47
-3130.57
-3130.57
-3130.57
-3133.19
-3133.19
-3131.59
-3131.57
-3131.57
-3130.07
-3130.07
-3130.29
-3132.52
-3132.29
-3131.92
-3130.92
-3133.08
-3130.54
-3131.69
-3130.93
-3130.94
-3130.36
-3131.4
-3131.06
-3131.9
-3133.3
-3131.29
-3133.45
-3131.94
-3130.59
-3129.97
-3131.98
-3131.98
-3130.53
-3131.77
-3131.87
-3130.39
-3130.65
-3130.65
-3131.9
-3130.2
-3130.93
-3131.1
-3131.1
-3131.1
-3130.2
-3130.2
-3130.8
-3130.8
-3129.97
-3129.97
-3129.97
-3131.09
-3131.9
-3132.11
-3131.72
-3131.72
-3130.72
-3130.72
-3130.72
-3130.31
-3130.56
-3131.01
-3130.56
-3130.56
-3130.56
-3130.05
-3130.05
-3130.05
-3131.03
-3131.03
-3131.03
-3131.03
-3131.03
-3130.86
-3130.86
-3130.86
-3130.86
-3129.93
-3132.13
-3130.46
-3129.94
-3131.94
-3132.49
-3131.45
-3131.44
-3130.58
-3130.58
-3130.52
-3131.41
-3131.41
-3132.3
-3131.89
-3130.99
-3130.99
-3130.26
-3129.9
-3131.06
-3130.49
-3130.63
-3130.43
-3130.43
-3130.58
-3130.58
-3130.58
-3130.58
-3131.11
-3129.83
-3131.31
-3130.64
-3130.64
-3130.89
-3130.35
-3130.7
-3130.7
-3130.7
-3130.34
-3130.67
-3130.67
-3132.44
-3132.44
-3130.02
-3131.93
-3131.52
-3131.19
-3131.46
-3130.34
-3130.06
-3132.1
-3130.36
-3130.36
-3130.36
-3129.9
-3132.44
-3130.47
-3131.23
-3131.65
-3133.17
-3133.17
-3130.48
-3130.37
-3131.78
-3131.96
-3131.96
-3131.71
-3131.29
-3131.17
-3130.53
-3130.53
-3132.16
-3130.35
-3130.35
-3130.35
-3132.81
-3130.75
-3132.53
-3134.26
-3131.22
-3132.3
-3131.23
-3131.33
-3130.54
-3131.01
-3130.43
-3130.43
-3132.55
-3130.6
-3130.57
-3134.05
-3134.05
-3130.9
-3130.9
-3130.43
-3130.25
-3130.15
-3129.86
-3131.58
-3131.58
-3131.89
-3131.03
-3131.03
-3130.84
