ip_ml_3_rawLogTarget_unified = zeros(1000,1);
ip_ml_3_rawLogTarget_unified = [-3.84807
-4.20126
-4.4722
-3.83028
-3.45948
-3.45948
-3.38725
-4.13378
-3.6566
-3.73162
-3.73162
-2.48722
-4.35172
-4.42147
-4.23903
-4.32545
-3.42358
-3.42358
-4.38993
-4.30391
-4.07762
-4.07762
-3.39611
-4.19136
-4.1396
-3.91952
-4.43322
-4.43322
-3.95804
-3.95804
-3.8306
-4.09334
-3.19246
-4.41783
-4.4339
-4.4028
-4.29226
-4.29226
-4.44328
-3.98388
-3.98388
-4.00201
-3.43894
-3.48396
-4.12459
-4.12459
-4.24237
-3.22445
-3.22445
-3.22445
-3.22445
-3.22445
-3.22445
-3.99347
-3.42712
-3.42712
-3.42712
-4.3505
-3.70812
-4.53116
-3.83759
-4.15906
-4.15906
-3.3811
-3.59745
-3.59745
-3.5617
-3.65556
-4.40652
-3.34947
-3.34947
-3.34947
-3.83471
-3.83471
-3.56753
-3.75327
-3.40536
-3.40536
-3.40536
-4.06695
-3.72831
-4.2389
-3.34684
-3.3059
-3.3059
-3.3059
-4.23773
-3.31088
-3.31088
-3.31088
-3.31088
-3.31088
-3.31088
-3.31088
-3.26238
-3.26238
-3.46556
-3.46556
-3.46556
-3.42381
-3.46556
-2.66456
-3.67165
-3.67165
-3.83597
-3.83597
-3.29022
-3.66326
-4.36541
-4.36541
-4.36541
-4.41366
-4.41366
-4.29233
-3.29971
-4.01262
-4.01262
-4.41388
-4.41388
-4.45386
-3.32064
-3.40726
-3.32064
-3.51809
-3.95166
-3.22735
-3.34392
-4.29103
-4.43513
-4.42882
-3.63094
-4.01427
-4.01427
-4.01427
-3.3695
-3.53009
-4.24081
-4.40077
-4.43628
-4.44693
-4.3904
-4.31256
-4.41632
-4.41632
-3.65051
-3.65051
-3.65051
-4.13446
-4.13446
-4.13446
-4.02336
-4.28993
-4.28993
-4.18645
-4.35166
-4.35166
-3.89668
-4.27255
-4.36455
-4.36455
-3.92581
-3.92581
-3.12086
-3.12086
-3.12086
-4.06926
-4.3734
-4.3734
-3.68611
-4.36276
-4.40065
-3.32431
-3.32431
-3.32431
-4.33308
-4.42676
-4.42676
-4.01732
-4.01732
-4.36983
-4.36983
-4.29885
-3.28846
-3.30624
-3.94571
-4.27917
-3.2772
-3.2772
-3.20523
-3.20523
-4.08584
-4.08584
-4.31072
-3.62798
-3.12967
-3.12967
-3.12967
-3.51803
-3.51803
-3.12967
-4.39804
-4.39804
-4.32399
-3.78844
-3.31828
-3.96927
-3.59765
-3.74633
-3.74633
-4.03042
-4.03042
-3.97878
-3.97878
-3.92114
-3.92114
-4.39162
-4.39162
-3.30469
-3.30469
-3.8316
-4.40748
-4.40748
-3.38942
-4.3482
-3.58545
-4.18795
-4.31747
-4.12011
-4.27612
-4.24252
-4.24252
-4.24252
-4.24252
-4.25301
-4.28424
-4.44694
-4.38191
-4.41046
-4.41046
-3.94705
-4.44739
-3.86483
-3.86483
-4.39014
-4.15797
-3.3848
-3.74264
-3.36093
-3.36093
-3.36093
-4.07017
-4.2052
-4.00605
-4.00605
-3.83584
-4.39104
-3.90445
-3.98806
-4.33595
-4.36028
-4.36028
-4.37937
-3.29169
-3.29169
-4.41433
-4.41433
-3.66623
-3.66623
-3.66623
-4.41429
-4.12235
-3.99076
-3.99076
-4.42374
-4.42374
-4.3405
-4.40944
-4.37001
-4.40944
-3.3735
-3.3735
-4.24425
-4.28754
-3.58139
-4.17019
-4.17019
-3.41403
-3.35248
-3.35248
-4.40967
-3.23129
-4.39615
-4.39615
-4.36157
-3.87597
-4.34953
-4.386
-3.55551
-3.55551
-4.32999
-3.36986
-3.36986
-4.1054
-4.1054
-3.74175
-3.74175
-3.90027
-3.36741
-3.36741
-4.18155
-3.69272
-3.98053
-3.98053
-3.72936
-3.30125
-3.30125
-3.30125
-3.30125
-4.03814
-4.22204
-4.22204
-4.29499
-4.29499
-3.74768
-4.29165
-3.37852
-3.37852
-4.32638
-4.2056
-4.42757
-4.18145
-4.18145
-4.45862
-3.97491
-4.16935
-3.71947
-4.06782
-3.36971
-3.89783
-4.15161
-4.04899
-4.37156
-3.98107
-4.26233
-4.43649
-4.42446
-4.42446
-3.82447
-3.82447
-4.40594
-4.39226
-4.39483
-4.0922
-3.54117
-4.30537
-3.77574
-4.41419
-4.3305
-4.35622
-4.35622
-3.8735
-3.26202
-3.98868
-3.26202
-3.26202
-4.3433
-4.34346
-3.90785
-3.62862
-3.56804
-3.58768
-4.00461
-4.43105
-3.59798
-3.59798
-3.59798
-4.26814
-3.82359
-3.51262
-3.51262
-4.46413
-4.3579
-3.99396
-4.3522
-3.98073
-3.55005
-3.55005
-5.44189
-5.44189
-4.4175
-3.28935
-4.4102
-4.43881
-4.43248
-3.65754
-3.23403
-3.76802
-4.00198
-4.41709
-4.41709
-4.41709
-4.43092
-4.06616
-4.00813
-4.42122
-4.44635
-4.40354
-3.33541
-3.33541
-3.33541
-3.33541
-3.78266
-3.17795
-3.44611
-4.41435
-3.41328
-3.52164
-4.45575
-4.45575
-4.43516
-4.42799
-4.34602
-4.34148
-3.94285
-3.94285
-4.07907
-4.07907
-4.28522
-4.35476
-4.39218
-4.35476
-3.55225
-3.55225
-4.4267
-4.36289
-4.41035
-4.41035
-4.4267
-4.4267
-4.2864
-4.24052
-4.32776
-4.32776
-4.32776
-3.80886
-4.42937
-4.40069
-3.61809
-3.61809
-4.22451
-4.34884
-4.4414
-4.4414
-4.4414
-3.20693
-3.20693
-3.20693
-3.20693
-3.20693
-3.20693
-3.20693
-3.20693
-3.47835
-3.4222
-3.4222
-4.41426
-3.80517
-3.35753
-3.35753
-3.34195
-3.34195
-3.34195
-4.10099
-4.37843
-3.33458
-4.05076
-3.65132
-3.57781
-3.82899
-3.82899
-4.42016
-4.42678
-4.42678
-4.44262
-4.44262
-4.40827
-4.43566
-3.91737
-3.19539
-3.19539
-3.06724
-3.51723
-3.50605
-4.37484
-4.08607
-4.32277
-4.43127
-4.09263
-4.44326
-3.20025
-3.27564
-3.94791
-3.94791
-3.94791
-4.42151
-4.29281
-4.33932
-3.71639
-4.37131
-4.40321
-4.40321
-4.40321
-3.37275
-3.94142
-3.94142
-3.94142
-3.94142
-3.83983
-3.83983
-4.09882
-4.42997
-3.11611
-3.11611
-3.11611
-3.11611
-3.11611
-3.16626
-3.48624
-3.14346
-3.2922
-4.28902
-4.2941
-4.44096
-4.44096
-4.32829
-4.32829
-4.43447
-4.45072
-4.24938
-4.24938
-4.42746
-4.42746
-4.42746
-4.42746
-4.38271
-4.38271
-4.41111
-4.41111
-3.56762
-3.56762
-3.74332
-3.74332
-3.35272
-3.52056
-4.20972
-4.04422
-4.25024
-4.19867
-4.38821
-3.71034
-4.32205
-3.68766
-3.26956
-4.41212
-4.39267
-4.39267
-3.56048
-3.25477
-3.74898
-3.74898
-4.43421
-3.93506
-3.80912
-3.80912
-4.44572
-4.44572
-4.40362
-4.32423
-4.3991
-4.42133
-3.68292
-3.68292
-4.38263
-3.87722
-3.61737
-6.77385
-4.45689
-3.63894
-3.97689
-3.44631
-3.44631
-3.65165
-3.65165
-3.9643
-4.42552
-3.57337
-3.57337
-3.47991
-3.47991
-3.92728
-4.4318
-3.69291
-4.25472
-3.3221
-3.3112
-3.3112
-3.35788
-3.35788
-3.35788
-4.40177
-3.64286
-3.64286
-4.15579
-4.43177
-4.43177
-3.99169
-3.32408
-4.29188
-4.42908
-4.42908
-4.42908
-4.31879
-4.31879
-4.42403
-4.42955
-4.43655
-4.43655
-2.39134
-2.39134
-2.39134
-2.39134
-2.39134
-3.40328
-3.39506
-4.04181
-3.67195
-3.35471
-3.3965
-3.3965
-3.35627
-3.35627
-4.18401
-4.05503
-3.61915
-4.38765
-4.1902
-4.269
-3.89276
-3.16699
-4.35454
-4.03558
-3.84844
-3.8509
-3.8509
-3.8509
-3.8509
-3.34454
-4.31976
-4.04828
-4.43819
-4.39873
-4.40343
-3.23431
-3.23431
-3.23431
-3.23431
-3.23431
-3.23431
-3.23431
-4.05826
-4.38326
-3.63886
-3.33816
-4.30642
-3.80453
-3.16881
-3.16881
-3.16881
-4.40774
-3.80946
-4.42333
-4.42333
-4.42333
-4.13146
-4.26285
-4.18698
-4.13541
-4.26285
-4.26285
-3.51734
-4.38042
-4.38042
-3.78996
-4.40721
-4.50636
-4.50636
-4.50636
-4.44805
-2.7389
-2.7389
-2.7389
-2.7389
-3.71062
-4.43478
-4.42391
-3.71062
-3.74014
-3.14212
-3.14212
-3.14212
-3.58287
-4.10941
-3.32357
-3.32357
-3.42923
-4.43885
-3.7185
-3.7185
-3.70958
-3.35127
-3.5461
-3.5461
-3.5461
-3.98389
-3.98389
-3.98389
-4.15696
-4.15696
-3.26037
-3.67836
-3.93217
-2.86496
-2.86496
-2.86496
-2.86496
-3.3162
-3.3162
-4.38175
-4.40861
-4.11138
-3.27483
-4.40193
-4.40193
-4.31007
-3.73162
-3.26269
-3.66421
-3.7735
-3.42358
-5.55152
-3.60716
-3.30084
-3.30084
-3.30772
-4.38292
-4.38292
-4.43676
-4.43676
-4.38183
-4.38183
-4.38183
-3.46761
-3.73516
-3.73516
-3.43922
-4.20597
-3.27444
-3.27444
-3.27444
-4.33742
-4.24497
-3.69292
-3.81435
-3.98896
-3.92399
-4.12951
-3.53659
-3.53659
-4.30403
-4.29771
-3.59623
-3.59623
-3.44614
-3.20457
-3.20457
-4.41816
-3.9924
-3.15241
-3.15241
-3.9619
-3.39146
-4.34642
-4.1535
-3.34751
-3.34751
-4.10789
-4.10789
-4.43752
-4.43752
-4.4256
-4.16019
-4.23812
-3.92511
-3.46985
-3.46985
-3.46985
-4.32086
-4.39157
-3.53096
-4.37237
-4.37237
-3.87863
-3.7849
-3.87863
-3.87863
-3.87863
-5.75356
-5.75356
-5.75356
-3.46162
-3.46162
-3.46162
-4.34225
-3.35875
-3.35875
-3.35875
-4.20687
-4.05883
-4.05883
-3.75358
-3.41735
-3.41735
-3.29419
-3.41735
-4.24908
-4.40507
-4.40939
-4.40939
-4.08818
-4.29905
-4.0442
-4.34315
-4.06714
-4.00284
-4.3682
-4.10882
-4.08572
-4.3331
-4.39747
-4.3825
-4.43495
-4.39747
-3.53442
-4.33813
-3.81034
-3.96339
-4.27297
-4.27297
-3.80361
-4.40385
-3.81029
-4.1551
-4.37279
-4.41561
-4.51803
-3.59328
-3.82511
-3.39603
-3.4846
-4.27767
-4.18857
-3.88654
-3.35604
-3.49503
-4.21966
-3.2787
-3.1617
-3.1617
-3.16074
-3.16074
-3.16074
-3.2787
-3.26106
-3.26106
-3.26106
-3.26106
-3.26106
-3.26106
-3.83223
-4.43458
