ip_ml_10_rawLogLikelihood_unified = zeros(1000,1);
ip_ml_10_rawLogLikelihood_unified = [-62.2209
-57.3112
-56.9724
-56.9724
-56.8817
-56.8817
-56.8817
-56.8817
-56.9724
-56.9724
-56.9724
-56.9724
-56.9764
-56.9764
-56.9764
-56.9724
-56.9724
-56.9724
-56.9724
-56.9724
-56.9724
-56.9724
-56.9724
-56.9724
-56.9724
-56.9724
-56.9724
-56.9724
-56.8697
-56.9724
-56.9724
-56.9724
-57.4701
-56.9724
-56.9724
-56.9724
-56.9724
-56.9724
-56.9724
-56.9724
-56.9724
-62.8824
-62.6208
-62.1621
-62.3136
-61.9799
-62.6438
-62.866
-62.8037
-61.9194
-62.8346
-62.3975
-64.2778
-63.9462
-62.2901
-62.1834
-62.8717
-62.392
-63.4
-62.7983
-62.4863
-62.4375
-62.3276
-62.3077
-62.9237
-62.3324
-60.9288
-62.0379
-58.7107
-59.2052
-61.53
-61.0876
-60.2219
-57.6018
-57.6018
-57.6018
-58.0491
-57.155
-57.155
-56.9261
-58.0491
-57.1492
-57.9751
-57.9751
-57.1238
-58.0491
-58.0491
-58.0491
-58.0491
-58.0491
-58.8789
-58.0491
-58.0491
-58.0491
-58.0491
-58.0491
-58.0491
-58.0491
-58.0491
-58.0491
-59.2684
-59.2684
-58.4675
-57.3787
-58.0491
-58.0491
-58.0491
-58.0491
-58.0491
-58.0491
-58.0491
-58.0491
-58.0491
-57.9065
-57.9065
-57.9065
-57.9065
-58.631
-61.6539
-61.8171
-61.9818
-61.8393
-62.5827
-62.999
-63.3951
-62.4799
-67.5564
-60.765
-61.2639
-61.7733
-61.0812
-61.4457
-61.4457
-62.1174
-61.9702
-61.9247
-60.5251
-60.9645
-61.2744
-59.9558
-60.8412
-60.9282
-61.2523
-61.5281
-61.4191
-62.3133
-61.6388
-61.862
-61.9871
-62.2899
-61.95
-62.2546
-62.292
-62.2491
-60.9745
-60.8992
-60.8927
-60.8927
-60.8927
-61.7089
-62.7424
-63.0521
-61.4126
-61.3115
-61.7143
-61.9226
-60.2799
-60.1376
-61.6325
-61.6325
-62.5896
-63.631
-64.2919
-61.4989
-56.3903
-56.3903
-56.3903
-56.3903
-56.3903
-59.539
-59.539
-56.2307
-56.3903
-56.3903
-56.3903
-56.3903
-56.3903
-56.3903
-56.586
-56.586
-56.586
-56.3903
-56.3903
-56.3903
-55.2023
-56.3903
-56.3903
-56.3903
-56.3903
-56.3903
-56.3903
-56.3903
-56.3903
-56.3903
-55.9439
-58.2845
-59.2891
-62.57
-62.1075
-61.3375
-60.7208
-56.6489
-56.6489
-57.8572
-61.6682
-54.8659
-55.9368
-56.3903
-55.018
-56.3903
-56.3903
-56.9184
-58.4985
-58.4985
-58.4985
-53.3712
-53.3712
-53.3712
-53.3712
-53.3712
-53.3712
-53.3712
-53.3712
-54.9153
-54.9153
-56.3903
-56.3903
-55.7893
-55.7893
-55.5137
-54.3252
-54.4462
-54.4462
-54.4462
-56.6489
-56.6489
-59.8262
-59.9951
-58.5004
-60.9451
-61.1134
-63.4087
-63.4087
-62.7517
-62.3759
-61.7138
-62.6348
-62.1086
-62.6034
-62.0056
-62.6444
-62.5458
-62.5655
-62.2046
-62.2057
-61.7993
-62.4482
-60.0743
-62.3536
-62.3536
-62.303
-62.2832
-61.8126
-62.047
-62.5669
-63.5346
-65.4394
-65.4667
-61.4614
-61.356
-66.8756
-62.6106
-62.7613
-62.685
-62.2222
-62.4742
-61.8431
-62.6878
-59.2894
-59.2894
-59.2894
-59.2894
-59.2894
-59.2894
-59.2894
-57.5527
-57.5527
-57.5527
-57.1092
-56.8178
-56.8178
-59.2894
-59.2894
-57.9092
-59.0159
-59.0159
-58.7396
-62.1359
-62.1359
-61.7215
-61.5867
-62.3626
-61.3419
-62.4079
-60.2976
-60.2276
-64.6899
-63.7062
-61.4458
-61.6276
-60.4252
-59.8431
-61.8777
-64.1703
-62.3805
-63.6425
-63.9171
-64.3994
-60.1067
-60.1067
-60.5456
-64.1184
-63.21
-63.375
-63.9753
-56.3903
-56.3903
-56.3903
-56.3903
-56.3903
-56.3903
-56.3903
-56.3903
-56.3903
-56.3903
-56.3903
-55.2023
-62.4055
-63.2582
-62.3789
-68.9177
-62.0499
-62.2067
-62.2351
-62.1849
-62.3599
-61.8293
-63.5586
-62.4507
-62.6172
-62.7975
-59.2894
-57.6181
-57.6181
-58.4092
-58.4092
-58.4092
-63.1844
-61.4412
-61.7015
-61.3452
-62.1109
-56.946
-56.946
-56.946
-56.9724
-56.9724
-60.8955
-59.8408
-56.3903
-56.3903
-56.3903
-56.3903
-56.3903
-55.6404
-55.6404
-58.8394
-58.8394
-53.3712
-53.3712
-53.3712
-53.3712
-53.3712
-56.3903
-56.3111
-56.3903
-56.3903
-55.8391
-56.3903
-56.3903
-56.3903
-56.3903
-54.9153
-54.9153
-54.9153
-54.9153
-54.9153
-54.9153
-54.9153
-54.9153
-56.3903
-56.3903
-56.3903
-56.3903
-56.3903
-56.3903
-56.7311
-56.7311
-57.8297
-54.4462
-53.6438
-54.4462
-54.4462
-54.4462
-60.6962
-58.5146
-58.5699
-64.811
-62.2067
-58.5004
-60.0011
-60.3014
-55.9368
-55.9368
-55.9368
-56.3903
-61.7676
-59.6484
-56.3903
-56.3903
-56.3903
-56.3903
-56.3903
-56.3903
-58.4746
-58.4746
-53.3712
-53.3712
-53.3712
-53.3712
-53.3712
-53.3712
-53.3712
-53.3712
-57.6751
-54.9153
-54.9153
-54.9153
-53.725
-53.725
-53.725
-56.3903
-56.3903
-56.3903
-55.5092
-55.5092
-56.3903
-56.3903
-56.3903
-54.4462
-54.4462
-54.4462
-54.4462
-54.4652
-54.4652
-62.4929
-58.5699
-60.5238
-57.5731
-57.5731
-53.3712
-54.0319
-53.3712
-54.9153
-57.7572
-56.3903
-56.3903
-55.7893
-56.4519
-54.3252
-57.2141
-54.4462
-54.4462
-54.4462
-56.6489
-59.8262
-60.7209
-61.7438
-58.5004
-60.0114
-54.8659
-54.8659
-54.8659
-54.8659
-54.8659
-55.9368
-55.9368
-55.9368
-55.6507
-55.6507
-55.6507
-56.3903
-56.3903
-56.3903
-56.9184
-56.9184
-56.9184
-56.9184
-56.9184
-56.9184
-56.9184
-56.9184
-56.8652
-53.3712
-53.5887
-53.5887
-53.5887
-53.3712
-53.3712
-53.3712
-53.3712
-53.3712
-53.3712
-53.3712
-53.3712
-53.3712
-53.3712
-53.3712
-53.3712
-53.3712
-53.3712
-53.3712
-53.3712
-53.3712
-53.3712
-53.3712
-53.3712
-53.3712
-53.3712
-53.3712
-53.3712
-53.3712
-53.3712
-53.3712
-53.3712
-53.3712
-53.3712
-53.3712
-53.3712
-53.3712
-53.3712
-53.3712
-53.3712
-53.3712
-53.3712
-53.3712
-53.3712
-53.3712
-53.3712
-53.3712
-53.3712
-53.907
-53.3712
-53.3712
-53.3712
-53.3712
-53.3712
-53.3712
-53.3712
-53.3712
-53.3712
-53.3712
-53.3712
-53.3712
-53.3712
-53.3712
-53.3712
-56.3903
-56.3903
-56.3903
-56.3903
-56.3903
-56.3903
-54.9153
-54.9153
-54.9153
-54.9153
-54.9153
-54.9153
-54.9153
-55.9263
-55.9263
-55.9263
-55.9263
-55.9263
-55.9263
-57.223
-58.159
-55.9263
-55.9263
-55.7893
-55.7893
-55.7893
-55.7893
-56.593
-56.593
-56.3903
-56.3903
-56.3903
-56.3903
-56.3903
-56.3903
-54.4462
-54.4462
-54.4462
-54.4462
-54.4462
-55.6579
-55.6579
-54.3252
-54.3252
-54.4462
-54.4462
-54.4462
-54.4462
-54.4462
-54.4462
-54.4462
-54.4462
-54.4462
-54.4462
-54.7682
-54.7682
-54.7682
-54.7682
-54.7682
-54.7682
-54.4462
-54.4462
-55.8088
-55.8088
-54.2792
-54.2792
-54.4462
-54.6823
-54.6823
-54.4462
-54.4462
-54.4462
-54.4462
-54.4462
-54.4462
-56.6489
-56.6489
-55.3022
-55.3022
-55.3022
-55.3022
-55.3022
-59.8109
-59.8109
-55.3022
-55.3022
-60.8759
-61.4214
-58.5004
-58.5004
-58.5004
-60.2118
-58.5004
-58.5004
-58.5004
-58.5004
-58.5004
-58.5004
-58.5004
-58.3105
-58.3105
-58.5004
-58.5004
-57.9893
-57.9893
-58.5004
-58.5004
-58.5004
-58.5004
-58.5004
-58.5004
-58.5004
-59.0958
-59.0958
-59.0498
-59.0498
-58.5004
-58.5004
-58.5004
-58.5004
-58.5004
-58.5004
-58.5004
-63.756
-61.5993
-61.5993
-56.3833
-61.9394
-61.3863
-62.489
-59.2657
-58.9496
-58.957
-58.957
-58.957
-58.7426
-58.7426
-69.2148
-58.7097
-61.9475
-60.8503
-60.8503
-60.6979
-60.6979
-62.2439
-61.3851
-62.1137
-59.7308
-59.9783
-59.9783
-58.5771
-59.7308
-59.9317
-59.9317
-59.9317
-62.0834
-62.0834
-62.9762
-60.3757
-59.6748
-59.6748
-61.1056
-62.9325
-60.2565
-63.207
-63.382
-62.0606
-61.068
-62.5339
-62.8405
-61.8528
-61.4802
-62.8902
-62.0025
-62.0025
-62.0963
-61.4476
-61.8974
-61.5021
-61.6355
-61.4232
-63.047
-60.615
-61.5552
-60.9593
-60.6416
-60.7695
-61.1256
-61.9616
-61.7146
-60.5595
-61.8083
-61.8083
-61.1212
-61.4082
-61.5222
-61.3192
-62.3598
-62.5573
-62.4287
-62.6744
-62.6744
-62.3244
-61.451
-63.4354
-60.7085
-61.7856
-61.3926
-61.6319
-61.7262
-62.0495
-62.1273
-61.8981
-57.8737
-57.2643
-57.2643
-58.9433
-58.184
-58.184
-60.1009
-60.1009
-60.4952
-61.5482
-62.8771
-58.9612
-58.9612
-59.1928
-60.8026
-58.9612
-58.9612
-58.9612
-57.9936
-58.9612
-59.6294
-58.9612
-58.9612
-59.9618
-58.9612
-58.9612
-60.622
-58.7076
-58.7076
-58.9612
-58.9612
-59.1736
-59.1736
-58.7118
-58.7118
-58.7118
-58.9612
-58.9612
-58.9612
-58.9612
-58.9612
-59.3296
-59.3296
-58.9612
-58.9612
-58.3483
-56.6519
-58.9688
-58.9688
-58.9612
-59.1732
-57.7979
-58.9612
-58.9987
-58.1699
-60.5352
-60.5352
-62.9191
-62.1668
-61.854
-62.4102
-62.4521
-61.8883
-58.3975
-58.3975
-56.9209
-57.1303
-57.1303
-57.1303
-57.1303
-57.1303
-57.1303
-57.1303
-57.0194
-57.1303
-57.1303
-57.1303
-57.1303
-58.0431
-57.9953
-58.9094
-58.9094
-57.1303
-57.1303
-56.5055
