ip_ml_0_rawLogLikelihood_unified = zeros(1000,1);
ip_ml_0_rawLogLikelihood_unified = [-6504.9
-6298.18
-6595.94
-7989.44
-6563.5
-6417.39
-6543.88
-6587.12
-6459.09
-6426.43
-5977.61
-6581.25
-44058.9
-7761.98
-6530.99
-6065.04
-19686.9
-6484.66
-6464.45
-7405.41
-6136.88
-14718.8
-17385.1
-5882.7
-6428.31
-20062.7
-6566.94
-6231.21
-5778.45
-6378.11
-6551.63
-6012.95
-6222.77
-7336.36
-6584.07
-190623
-5905.19
-6490.41
-6408.32
-13390.4
-483897
-176855
-60808.2
-5932.99
-5798.65
-6127.17
-6544.11
-24987.7
-6585.55
-6294.81
-6537.19
-9199.01
-6464
-6523.8
-8927.17
-6545.66
-9526.36
-6678.65
-121599
-5967.99
-6549.79
-6468.23
-41432.6
-222232
-6411.57
-6506.67
-6865.36
-5987.56
-44441.2
-6344.78
-6520.02
-6367.01
-9334.04
-6515.63
-5990.71
-210336
-20162.6
-6341.41
-6512.2
-6533.88
-98489.3
-6574.05
-17112
-6574.02
-990507
-6297.64
-6534.87
-6460.76
-6566.28
-13500.1
-6418.36
-6565.52
-36270.6
-6581.33
-6565.13
-7063.05
-21360.4
-5916.6
-6578.77
-1.19442e+06
-53208.1
-6557.35
-1.03559e+06
-6443.97
-952961
-307910
-6095.92
-886481
-6493.76
-6496.24
-8911.16
-6533.5
-5872.03
-6545.72
-100112
-125546
-6438.66
-15430.1
-6525.33
-5923.75
-225906
-6440.49
-6067.69
-8825.63
-6522.91
-5937.57
-6238.01
-6499.67
-47189.5
-6046.54
-6460.59
-15982
-6889.28
-6504.11
-92660.9
-22602.5
-80084.9
-72416.2
-80527.9
-6541.74
-6621.88
-6229.66
-6571.36
-6372.05
-8526.47
-5547.2
-6098.45
-23575.8
-900933
-6561.98
-12292.4
-6575.31
-5913.87
-6178.05
-408974
-6550.48
-8400.95
-5899.35
-6585.3
-6330.01
-14465.9
-192358
-5927.84
-27798.4
-9098.55
-38150.8
-6547.1
-6345.79
-6304.17
-6293.16
-6569.21
-6425.48
-6413.2
-6437.09
-182458
-5924.41
-7613.81
-6551.53
-12862
-6567.38
-6587.57
-60298.2
-1.56992e+06
-6490.19
-6553.67
-6575.64
-5939.11
-6427.84
-10711
-6017.88
-6048.45
-6286.31
-6165.16
-6576.87
-6331.16
-6339.86
-6452.43
-6583.01
-6576.82
-6301.23
-6468.65
-6211.98
-6557.45
-6427.52
-6421.09
-50150.2
-710154
-6548.16
-6583.84
-5909.16
-5902.63
-8063.04
-6568.84
-6206.82
-6371.79
-6499.82
-6549.65
-6144.16
-6509.95
-6569.97
-18574.5
-6508.15
-5980.3
-6475.92
-1.14149e+06
-5954.89
-6441.86
-6492.57
-635018
-6363.43
-7832.8
-6276.23
-6319.5
-6520.29
-6584.49
-7776.08
-33891
-6510.98
-6540.46
-12642.7
-6567.52
-5825.15
-6359.05
-6468.77
-6578.18
-6542.41
-6495.46
-12777.6
-278980
-5960.07
-6273.61
-442432
-6563.21
-5973.48
-6332.49
-6352.71
-6555.85
-7407.35
-6204.64
-6550.19
-649162
-287623
-6516.59
-6272.69
-8001.94
-35854.1
-7250.51
-6331.44
-20037.7
-25328.7
-6654.59
-6536.91
-676535
-6161.48
-5973.13
-6576.08
-6143.31
-6513.42
-6579.89
-5957.08
-340853
-6446.96
-7755.54
-6285.12
-5876
-6228.27
-5913.72
-6064.1
-6394.13
-6574.25
-6531.15
-6527.06
-29864.7
-5954.97
-6574.09
-5941.3
-6125.67
-1.08059e+06
-21104.1
-104760
-6561.88
-6579.14
-6570.25
-8815
-5937.58
-572251
-6280.59
-6414.33
-8846.67
-6126.47
-6152.38
-5997.09
-6569.57
-6427.26
-6291.14
-1.50482e+06
-50040.6
-5983.66
-6572.65
-5909.11
-8497.54
-6570.86
-6560.27
-6288.63
-6311
-6575.23
-5820.74
-6023.64
-9101.18
-6292.39
-6321.19
-6323.08
-116196
-6549.56
-919251
-6258.41
-34650
-26823.8
-5941.78
-6126.44
-56773.6
-6551.16
-519098
-342099
-6574.73
-6309.85
-7951.45
-6570.7
-6411.43
-28012.3
-6037.1
-139741
-6441.31
-11328.3
-6513.73
-5752.06
-10919.2
-6580.43
-6538.07
-6572.63
-8013.11
-11408.9
-6586.02
-6570.75
-6576.41
-7253.04
-6272.89
-6549.93
-5893.83
-6421.22
-27451
-6531.07
-6268.52
-40060.6
-6217.87
-6564.83
-6290.15
-6557.24
-139048
-5952.42
-6437.57
-6271.3
-6504.39
-6321.86
-5501.16
-86244.4
-6605.14
-6576.77
-5915.58
-5979.6
-6480.1
-5903.84
-6542.64
-6574.44
-7348.16
-6460.56
-6504.34
-6058.81
-10777.1
-11378.9
-88916.1
-24340.1
-6407.79
-6080.63
-13866
-6224.75
-6229.76
-6572.46
-6528.07
-6137.38
-20762.8
-6360.37
-97206.7
-6543.44
-6254.25
-6361.18
-160740
-6385.33
-9741.63
-155039
-9746.55
-6420.73
-1.26545e+06
-6578.85
-16919.3
-6312.8
-381227
-13709.3
-6559.96
-6473.07
-273544
-6568.71
-1.11922e+06
-6439.41
-6379.07
-6311.47
-23309
-378251
-8398.61
-38261.3
-5968.49
-6241.72
-5929.4
-6528.62
-6493.93
-6569.04
-6532.8
-166309
-15159.5
-6579.63
-6563.76
-95205.2
-6479.97
-6382.66
-20519.1
-6798.33
-248504
-6576.09
-6467.82
-6573.89
-1.48622e+06
-6288.83
-14068.7
-6555.23
-5978.92
-6227.63
-6577.31
-6427.27
-680872
-6547.94
-297049
-6488.14
-381322
-6129.94
-6500.81
-6367.14
-5997.15
-678553
-6548.84
-6550.79
-6218.75
-5756.21
-6275.91
-34567.4
-525459
-5844.33
-6314.72
-6559.81
-5890.65
-6131.21
-68354.4
-6480.06
-5840.05
-6381.24
-6571.11
-1.69794e+06
-187261
-6566.85
-5861.86
-6562.32
-7639.35
-6567.1
-6565.75
-6579.97
-6163.09
-6548.55
-6535.81
-6572.5
-8686.72
-7420.47
-5941.31
-353615
-10547.8
-6491.87
-6425.97
-6543.27
-6453.58
-6386.17
-6443.87
-6549.86
-5868.42
-6551.38
-6323.53
-6580.7
-7778.23
-6168.36
-6555.92
-6521.63
-6578.78
-6451.15
-6367.22
-6551.91
-6046.77
-5964.58
-6545.2
-6206.18
-5929.47
-568770
-6296.81
-6573.9
-90457.2
-10131.5
-5951.48
-6571.44
-6325.73
-6720.26
-6256.84
-50238.4
-6380.24
-813284
-5944.96
-6537.54
-5269.32
-1.49309e+06
-6467.74
-6392.64
-5825.04
-6559.63
-6539.45
-6532.67
-6409.99
-30640.1
-6555.18
-6566.24
-6506.16
-6545.13
-6499.18
-6580.04
-6426.8
-6527.8
-5923.56
-6585.32
-6318.89
-9562.43
-6575.84
-21795.5
-6575.79
-6569.99
-229752
-37683.6
-218777
-8755
-9477.34
-6564.97
-5902.13
-656940
-6141.58
-71801.2
-5961.13
-6541.46
-6327.27
-37674
-384556
-6598.94
-6267.23
-6086.12
-6564.6
-414551
-39444.6
-6567.37
-8026.49
-8913.53
-6495.66
-86210.1
-6138.02
-6401.65
-6263.29
-28746.4
-32864.2
-6007.31
-6587.29
-6190.87
-6572.51
-6048.44
-6226.79
-5987.98
-6521.51
-6510.85
-6090.62
-6565.29
-47392.6
-6088.81
-115167
-1.02776e+06
-6843.93
-6075.36
-6550.47
-6397.75
-6296.96
-6165.18
-6567.11
-6840.05
-6340.54
-27590.5
-6155.71
-689156
-6552.76
-6569.51
-6194.05
-5970.64
-16870.5
-5971.01
-1.76077e+06
-365360
-29903.2
-8522
-6552.3
-6574.89
-6444.91
-25659.6
-6543.14
-14533.5
-11588.8
-6076.11
-6353.91
-6535
-6576.99
-6334.82
-6583.48
-5927.05
-6452.37
-10252.5
-6568.07
-623342
-139207
-6262.77
-6510.29
-6153.19
-6094.35
-79620.8
-24845.4
-6139.85
-5990.03
-18048.7
-6809.39
-6482.25
-79315.3
-8830.09
-6334.3
-6487.51
-6218.16
-6575.12
-6446.9
-10575.4
-5877.75
-6117.61
-6497.43
-7060.13
-6535.98
-6572.41
-6533.88
-6357.09
-6571.35
-6028.81
-6414.83
-15116.2
-6029
-6313.86
-6585.24
-6505.95
-6567.89
-6447.75
-7373.51
-6527.23
-6572.33
-189002
-6087.71
-6472.81
-116295
-21218.4
-84840
-35059.9
-105155
-6064.35
-36312.1
-6172.25
-12550.2
-5590.33
-6154.09
-6277.96
-6477.79
-53365.9
-6017.83
-6567.58
-5959.95
-6561.29
-1.05803e+06
-5822.52
-6038.16
-5971.69
-5928.86
-5938.84
-6326.32
-13465.9
-81187
-6570.27
-6363.05
-32563.9
-6218.37
-705234
-114672
-417993
-5923.89
-64296.5
-6510.03
-5663.46
-6474.73
-6566.83
-5993.55
-6550.64
-97580.8
-6525.65
-6514.07
-6200.59
-6287.73
-6427.37
-47348.1
-6571.34
-5872.03
-1.40655e+06
-6003.35
-6330.29
-6305.32
-6441.48
-6209.14
-5889.21
-252768
-6357.07
-5970.24
-125267
-5928.88
-6289.14
-6219.05
-6179.38
-5965.67
-6582.16
-49386.7
-5855.87
-8684.37
-6299.88
-6523.56
-21148.2
-6555.46
-6047.49
-6273.7
-5943.43
-6274.74
-6256.21
-17215.8
-6191.49
-6282.04
-36395
-6126.82
-24587.5
-1.45037e+06
-145478
-5865.46
-6437.11
-28900.8
-6577.16
-49988.1
-6547.31
-384603
-6301.64
-6251.57
-45406.7
-6275.97
-294849
-7638
-6461.13
-6319.3
-39241.7
-6584.76
-6552.4
-6562.08
-6559.34
-92645.1
-1.27188e+06
-38010.6
-296185
-6017.17
-6558.77
-79267.2
-6570.91
-5902.04
-6341.62
-5990.35
-6498.44
-5942.35
-6210.12
-10138.7
-25120.2
-5952.44
-6521.58
-6515.24
-6542.11
-8239.52
-11263.9
-5945.31
-6511.32
-6508.33
-263049
-5986.56
-6512.44
-6587.94
-6556.76
-17249.4
-6046.65
-6284.87
-6576.99
-6317.65
-7173.66
-6087.42
-6326.91
-6576.55
-14318.8
-5882.71
-6528.18
-7276.77
-6522.9
-6502.03
-5968.11
-47372.1
-8384.86
-6300.74
-394632
-15849.2
-163023
-11031.2
-6582.15
-6559.87
-6472.73
-26146.7
-83616.8
-6370.24
-6798.69
-94936.1
-11769.8
-5980.98
-6519.17
-413508
-5910.66
-6108.88
-50585.3
-5926.98
-6339.35
-6565.69
-5917.24
-6155.73
-6470.15
