ip_ml_21_rawChain_unified = zeros(1000,3);
ip_ml_21_rawChain_unified = [7.4225580687194637e-01 1.2091028767896631e-01 2.7384490303516451e-01 
8.0809644015830495e-01 1.3687332402803312e-01 2.5969132621714536e-01 
7.6505758535566826e-01 1.3729255287928607e-01 3.2415149828091588e-01 
7.6505758535566826e-01 1.3729255287928607e-01 3.2415149828091588e-01 
8.8896369349852566e-01 1.7053523810426957e-01 2.8821966938309568e-01 
8.6970796285301766e-01 1.8134050254212325e-01 6.3508183636447479e-01 
8.6970796285301766e-01 1.8134050254212325e-01 6.3508183636447479e-01 
7.3448189458642643e-01 1.3023608831919417e-01 3.2602543315856691e-01 
7.3448189458642643e-01 1.3023608831919417e-01 3.2602543315856691e-01 
8.3508766880227214e-01 1.9862145705237561e-01 2.8563685624029445e-01 
8.7366973096284894e-01 1.7260980228562378e-01 4.8266865105259726e-01 
8.7366973096284894e-01 1.7260980228562378e-01 4.8266865105259726e-01 
9.4028326561081177e-01 2.2482574489748069e-01 4.2088036057864797e-01 
8.3051660445381281e-01 1.9617491959358818e-01 5.1143861423604497e-01 
7.9361173427229070e-01 1.3135989862226224e-01 2.3996528874807735e-01 
7.9361173427229070e-01 1.3135989862226224e-01 2.3996528874807735e-01 
7.8913205552577914e-01 1.7002925947180286e-01 3.0172959613329553e-01 
7.8913205552577914e-01 1.7002925947180286e-01 3.0172959613329553e-01 
7.8767196934939165e-01 1.1225852805417914e-01 2.2970049219985228e-01 
7.8767196934939165e-01 1.1225852805417914e-01 2.2970049219985228e-01 
7.8767196934939165e-01 1.1225852805417914e-01 2.2970049219985228e-01 
8.7984499819698236e-01 1.8322572937866324e-01 2.4309836567578594e-01 
8.2901477128929113e-01 1.8412625888044748e-01 2.8859548531499390e-01 
7.9210984933894857e-01 1.3809704308312798e-01 3.2807796661826505e-01 
8.4492750177236164e-01 1.4923200161356487e-01 3.4386672458066075e-01 
8.4492750177236164e-01 1.4923200161356487e-01 3.4386672458066075e-01 
7.6244265463676042e-01 1.9107905164985578e-01 3.1646963308952886e-01 
8.1348662956152029e-01 1.9973399163947614e-01 3.5347533171088974e-01 
7.2829655283886241e-01 1.0663916025603914e-01 2.9239107784813295e-01 
7.2829655283886241e-01 1.0663916025603914e-01 2.9239107784813295e-01 
8.3690316111975105e-01 1.5770930005124259e-01 3.2008543315930793e-01 
8.3690316111975105e-01 1.5770930005124259e-01 3.2008543315930793e-01 
8.0053675956470061e-01 1.1747879303839731e-01 3.8974776630000063e-01 
7.7918779268901239e-01 1.6972293223718704e-01 2.8415481188168401e-01 
7.7918779268901239e-01 1.6972293223718704e-01 2.8415481188168401e-01 
8.0524116178325211e-01 1.5385426676224637e-01 2.1977449976644803e-01 
8.3496967727402516e-01 1.1784168017428250e-01 2.6814545394737183e-01 
8.3496967727402516e-01 1.1784168017428250e-01 2.6814545394737183e-01 
8.3496967727402516e-01 1.1784168017428250e-01 2.6814545394737183e-01 
8.3496967727402516e-01 1.1784168017428250e-01 2.6814545394737183e-01 
8.3290345368528385e-01 1.5294360600966184e-01 2.8683483855051856e-01 
8.8916149156370983e-01 1.8444707459142892e-01 3.6647387672454740e-01 
8.8916149156370983e-01 1.8444707459142892e-01 3.6647387672454740e-01 
8.1915551399775888e-01 1.8168203849969009e-01 3.8591687934997199e-01 
8.1915551399775888e-01 1.8168203849969009e-01 3.8591687934997199e-01 
8.4710064156702580e-01 1.3146605110086379e-01 2.0761557066672917e-01 
8.3149747273851737e-01 1.8459365895151780e-01 2.3934093915538943e-01 
9.0153809960779019e-01 1.8947467438117738e-01 2.1728309953195588e-01 
8.4710064156702580e-01 1.3146605110086379e-01 2.0761557066672917e-01 
8.4710064156702580e-01 1.3146605110086379e-01 2.0761557066672917e-01 
8.1416121776064265e-01 1.2032204359498805e-01 2.8819075864621729e-01 
8.1416121776064265e-01 1.2032204359498805e-01 2.8819075864621729e-01 
8.1416121776064265e-01 1.2032204359498805e-01 2.8819075864621729e-01 
8.4710064156702580e-01 1.3146605110086379e-01 2.0761557066672917e-01 
7.2302934176247735e-01 1.3064363191355666e-01 2.9843816584977506e-01 
7.5213997133504673e-01 1.2069250620817933e-01 2.6671293919752259e-01 
8.1848324364725589e-01 1.2056435055603953e-01 3.0449375787574162e-01 
8.1848324364725589e-01 1.2056435055603953e-01 3.0449375787574162e-01 
8.1848324364725589e-01 1.2056435055603953e-01 3.0449375787574162e-01 
8.4710064156702580e-01 1.3146605110086379e-01 2.0761557066672917e-01 
8.4710064156702580e-01 1.3146605110086379e-01 2.0761557066672917e-01 
8.8314005602669821e-01 1.9030508756290426e-01 2.7603164756548365e-01 
8.6742441634697898e-01 1.9773455300649495e-01 2.1185417216756117e-01 
8.4710064156702580e-01 1.3146605110086379e-01 2.0761557066672917e-01 
8.3422576803757609e-01 1.2432232418865725e-01 2.6671333057163948e-01 
8.3942771775015501e-01 1.7678062088344412e-01 3.1148456581419359e-01 
8.4710064156702580e-01 1.3146605110086379e-01 2.0761557066672917e-01 
8.4710064156702580e-01 1.3146605110086379e-01 2.0761557066672917e-01 
8.4710064156702580e-01 1.3146605110086379e-01 2.0761557066672917e-01 
8.4710064156702580e-01 1.3146605110086379e-01 2.0761557066672917e-01 
8.4710064156702580e-01 1.3146605110086379e-01 2.0761557066672917e-01 
8.4710064156702580e-01 1.3146605110086379e-01 2.0761557066672917e-01 
8.4710064156702580e-01 1.3146605110086379e-01 2.0761557066672917e-01 
8.3308758208645328e-01 1.3165167409189329e-01 2.4520711659908520e-01 
7.6264257215236964e-01 1.0636692485900651e-01 4.0871247467868510e-01 
8.2917431296993127e-01 1.4845786446125150e-01 4.7966158188716634e-01 
7.8079077362596905e-01 1.0289414963108842e-01 2.3106393611767923e-01 
8.4710064156702580e-01 1.3146605110086379e-01 2.0761557066672917e-01 
8.4710064156702580e-01 1.3146605110086379e-01 2.0761557066672917e-01 
8.4710064156702580e-01 1.3146605110086379e-01 2.0761557066672917e-01 
8.4710064156702580e-01 1.3146605110086379e-01 2.0761557066672917e-01 
8.8379102633519113e-01 1.5537648970378956e-01 2.2061861374373309e-01 
7.9204435795647044e-01 2.1024172044318298e-01 3.4986302941356456e-01 
9.4906572230022135e-01 2.4078684530253452e-01 2.3920694376800644e-01 
7.4419780191220064e-01 1.2782963283576013e-01 2.3415512781584782e-01 
7.3840283504299686e-01 1.0300173647367723e-01 2.7305269838439300e-01 
7.4419780191220064e-01 1.2782963283576013e-01 2.3415512781584782e-01 
7.7682786337258758e-01 1.2510612046414585e-01 2.1409398721769030e-01 
7.7682786337258758e-01 1.2510612046414585e-01 2.1409398721769030e-01 
8.4710064156702580e-01 1.3146605110086379e-01 2.0761557066672917e-01 
8.4710064156702580e-01 1.3146605110086379e-01 2.0761557066672917e-01 
8.4710064156702580e-01 1.3146605110086379e-01 2.0761557066672917e-01 
8.4710064156702580e-01 1.3146605110086379e-01 2.0761557066672917e-01 
8.4710064156702580e-01 1.3146605110086379e-01 2.0761557066672917e-01 
8.4710064156702580e-01 1.3146605110086379e-01 2.0761557066672917e-01 
8.4710064156702580e-01 1.3146605110086379e-01 2.0761557066672917e-01 
8.6104940992910739e-01 1.3578136872337543e-01 3.8477780675524337e-01 
8.6632843865720199e-01 1.7622073635268765e-01 2.5079525418021709e-01 
8.3665711931403686e-01 1.8051114670846849e-01 2.8179144378250098e-01 
8.3665711931403686e-01 1.8051114670846849e-01 2.8179144378250098e-01 
8.5578131031065097e-01 1.6699082409648933e-01 2.6212977693855444e-01 
7.4148943798519340e-01 1.0826123155118661e-01 2.7611211947981701e-01 
7.4148943798519340e-01 1.0826123155118661e-01 2.7611211947981701e-01 
8.2337657317968638e-01 1.4051017334858967e-01 2.7119057651528677e-01 
8.2337657317968638e-01 1.4051017334858967e-01 2.7119057651528677e-01 
8.2337657317968638e-01 1.4051017334858967e-01 2.7119057651528677e-01 
8.2337657317968638e-01 1.4051017334858967e-01 2.7119057651528677e-01 
8.0096572516234532e-01 1.0664256135930461e-01 3.1477737835527902e-01 
8.5109517580516436e-01 1.9310587307288973e-01 2.1386095935552030e-01 
8.5109517580516436e-01 1.9310587307288973e-01 2.1386095935552030e-01 
8.6701562940954569e-01 2.2308636041490576e-01 2.3062132830582582e-01 
8.3099171037539732e-01 2.0209387107313490e-01 2.8217506675937520e-01 
7.7750315487718646e-01 1.6467575141504015e-01 3.9307036991648903e-01 
