ip_ml_16_rawLogLikelihood_unified = zeros(1000,1);
ip_ml_16_rawLogLikelihood_unified = [-129.985
-130
-129.115
-129.476
-127.372
-127.931
-127.933
-127.755
-126.986
-127.384
-127.327
-130.386
-130.381
-127.284
-129.321
-129.043
-129.647
-127.872
-126.838
-122.863
-125.712
-124.715
-126.122
-127.427
-127.427
-120.134
-119.874
-120.134
-120.134
-121.248
-121.248
-120.134
-120.134
-120.134
-120.134
-120.134
-120.134
-120.134
-120.134
-120.134
-120.134
-119.715
-120.134
-120.134
-120.098
-120.098
-121.99
-121.99
-121.99
-121.99
-122.223
-122.223
-121.99
-121.99
-120.656
-120.656
-119.27
-120.656
-120.656
-120.656
-120.656
-124.974
-124.974
-124.359
-123.158
-123.158
-123.857
-123.857
-123.857
-122.669
-122.669
-122.669
-120.335
-120.335
-120.335
-120.335
-129.907
-120.01
-120.01
-120.01
-120.296
-119.138
-119.423
-122.388
-122.388
-122.388
-119.102
-119.102
-123.364
-124.171
-119.143
-119.143
-119.143
-119.354
-119.354
-119.354
-120.294
-124.403
-125.537
-124.403
-121.307
-124.403
-126.351
-126.125
-122.215
-122.48
-120.23
-121.559
-121.559
-121.559
-121.559
-121.89
-123.251
-121.388
-121.388
-121.602
-122.051
-121.751
-124.809
-121.751
-123.133
-123.803
-121.758
-121.735
-122.515
-122.515
-121.735
-120.451
-120.451
-123.167
-122.498
-122.365
-122.354
-122.354
-123.685
-123.685
-123.685
-123.685
-123.017
-123.017
-121.99
-121.99
-121.99
-121.99
-121.99
-121.99
-119.795
-123.319
-123.319
-121.99
-121.99
-121.731
-121.99
-121.99
-121.99
-121.88
-119.99
-119.99
-120.587
-120.591
-120.733
-120.266
-122.789
-121.505
-119.951
-120.183
-120.183
-122.764
-122.764
-122.764
-122.764
-122.862
-120.091
-120.091
-120.109
-120.109
-119.378
-124.125
-124.125
-124.125
-124.125
-126.802
-125.836
-125.836
-122.14
-122.14
-122.175
-121.99
-122.989
-121.99
-123.195
-123.195
-123.195
-122.642
-121.59
-121.59
-121.59
-119.618
-121.59
-121.59
-121.59
-121.59
-121.59
-122.612
-122.612
-120.619
-122.259
-122.259
-122.259
-121.854
-121.842
-121.842
-120.416
-120.416
-120.416
-121.423
-121.423
-122.059
-121.423
-128.574
-125.125
-125.125
-119.395
-130.581
-129.153
-131.812
-120.757
-120.757
-121.78
-121.78
-121.78
-119.83
-119.83
-121.99
-121.99
-122.054
-121.99
-121.849
-122.526
-122.059
-123.551
-120.946
-122.933
-125.538
-122.039
-121.557
-119.677
-120.117
-119.392
-121.925
-120.757
-120.757
-119.768
-119.768
-120.757
-120.757
-121.536
-121.125
-120.591
-120.591
-119.891
-120.726
-120.788
-120.787
-120.787
-121.99
-121.99
-121.99
-120.76
-123.222
-123.222
-123.222
-123.222
-124.617
-124.617
-122.06
-123.367
-123.367
-122.039
-120.71
-120.117
-120.117
-119.949
-120.222
-120.222
-125.08
-123.456
-120.854
-121.339
-120.583
-120.583
-120.583
-120.583
-120.583
-120.583
-124.261
-123.349
-123.744
-124.23
-121.449
-121.672
-121.672
-120.965
-121.345
-122.844
-122.844
-122.834
-125.236
-125.618
-122.844
-125.491
-125.491
-124.353
-124.353
-120.944
-120.944
-123.062
-121.97
-121.724
-121.724
-121.724
-121.724
-123.808
-123.808
-123.808
-123.088
-123.171
-123.171
-120.861
-120.861
-120.861
-122.693
-122.693
-122.693
-120.187
-120.187
-120.187
-120.187
-120.187
-120.187
-128.581
-121.046
-121.046
-121.046
-121.046
-121.046
-120.733
-123.219
-122.112
-120.699
-123.654
-124.357
-121.896
-121.896
-122.665
-122.752
-121.191
-122.238
-122.238
-122.238
-121.191
-119.776
-119.776
-121.888
-119.723
-119.723
-122.173
-121.192
-121.191
-119.784
-119.784
-119.784
-119.784
-119.148
-119.784
-119.784
-119.784
-120.507
-120.507
-122.321
-122.321
-121.238
-121.238
-122.514
-120.69
-120.835
-122.074
-122.074
-123.249
-122.68
-122.608
-120.029
-119.257
-119.084
-123.312
-124.55
-122.66
-126.357
-126.357
-122.998
-122.628
-121.7
-121.7
-123.391
-123.391
-124.246
-121.609
-122.802
-123.298
-123.298
-121.863
-121.863
-121.863
-128.594
-126.651
-128.486
-124.118
-122.685
-122.685
-124.195
-124.061
-126.498
-123.879
-125.194
-124.732
-120.31
-120.31
-120.309
-120.309
-122.157
-120.079
-120.079
-120.079
-122.613
-122.613
-121.093
-121.093
-121.093
-121.716
-121.716
-121.076
-121.076
-121.764
-121.764
-121.113
-119.706
-119.706
-119.706
-120.297
-120.297
-122.899
-121.218
-121.99
-122.325
-121.99
-121.124
-121.124
-122.366
-119.882
-119.882
-119.882
-125.233
-125.233
-124.964
-123.34
-124.01
-124.548
-123.635
-120.282
-120.282
-120.282
-120.758
-120.823
-121.299
-121.299
-122.822
-123.916
-122.822
-122.822
-123.999
-123.326
-123.326
-123.326
-120.879
-121.718
-120.879
-120.879
-121.439
-120.879
-120.879
-124.638
-125.027
-123.546
-123.707
-123.707
-121.946
-123.957
-123.957
-123.546
-123.546
-125.451
-125.822
-121.99
-121.99
-121.99
-121.884
-121.884
-119.278
-119.278
-119.278
-119.451
-119.451
-119.451
-120.139
-120.139
-120.139
-119.938
-119.938
-119.938
-120.279
-120.279
-120.279
-122.192
-122.192
-122.032
-122.032
-122.071
-121.194
-121.194
-119.586
-121.99
-121.868
-123.022
-123.022
-120.97
-120.823
-120.97
-121.015
-123.376
-121.674
-120.818
-121.387
-121.387
-120.524
-120.524
-122.432
-120.19
-121.663
-121.663
-123.726
-123.186
-120.752
-119.384
-121.114
-121.114
-120.752
-121.461
-121.461
-121.783
-121.783
-120.698
-121.783
-121.487
-121.428
-121.468
-121.082
-122.367
-121.082
-120.44
-121.082
-121.082
-121.724
-121.724
-121.724
-126.418
-121.328
-121.328
-121.328
-121.328
-121.328
-121.328
-121.328
-121.99
-121.99
-120.541
-120.541
-120.442
-120.541
-120.541
-121.46
-123.019
-121.46
-121.46
-121.46
-121.46
-120.975
-120.975
-121.008
-123.223
-121.008
-121.008
-121.008
-122.166
-123.417
-121.53
-121.53
-121.53
-121.53
-123.001
-123.001
-122.594
-121.173
-121.001
-122.23
-121.001
-121.001
-120.387
-120.387
-120.387
-120.387
-120.826
-121.99
-122.374
-122.374
-122.374
-122.374
-124.108
-120.966
-121.327
-119.848
-119.848
-121.99
-121.301
-122.086
-122.086
-120.849
-120.849
-121.99
-120.874
-121.82
-121.82
-121.12
-121.12
-121.12
-121.12
-122.227
-122.227
-122.227
-121.041
-121.041
-121.041
-121.317
-120.874
-120.874
-120.874
-119.746
-121.166
-119.746
-119.746
-122.592
-122.642
-123.351
-123.351
-123.351
-123.368
-123.368
-121.99
-121.924
-121.661
-120.781
-121.617
-122.218
-122.218
-124.811
-122.69
-120.348
-120.348
-120.348
-120.348
-120.348
-120.348
-119.352
-119.352
-119.352
-120.348
-120.348
-120.348
-121.348
-125.164
-120.411
-120.411
-120.192
-120.908
-120.908
-126.431
-122.928
-122.928
-126.555
-123.45
-123.45
-123.567
-120.607
-119.598
-122.158
-122.158
-122.158
-123.162
-121.845
-125.194
-122.109
-128.188
-123.923
-123.53
-123.627
-122.617
-121.358
-121.358
-121.358
-122.381
-124.012
-126.347
-126.347
-125.676
-124.447
-121.544
-121.544
-123.461
-121.49
-122.044
-122.044
-122.044
-122.044
-122.225
-122.225
-122.225
-120.969
-120.969
-122.259
-123.029
-122.778
-122.783
-121.611
-121.611
-122.035
-120.4
-122.65
-121.84
-121.84
-121.231
-121.231
-133.188
-129.107
-130.691
-131.692
-127.011
-130.851
-120.765
-120.765
-121.966
-121.966
-128.891
-123.11
-123.315
-123.048
-123.51
-121.592
-122.726
-121.176
-120.512
-123.234
-123.234
-121.441
-123.234
-119.806
-120.134
-120.134
-120.138
-120.138
-120.138
-120.138
-120.138
-120.138
-120.138
-119.961
-119.732
-119.732
-119.732
-121.76
-121.426
-119.786
-119.786
-121.078
-119.961
-119.961
-120.31
-120.31
-120.31
-119.129
-121.226
-121.226
-120.199
-120.199
-123.162
-121.99
-121.99
-121.99
-121.99
-121.99
-121.99
-121.99
-120.131
-120.131
-120.131
-121.99
-122.862
-120.119
-120.361
-124.309
-123.56
-122.381
-122.207
-126.738
-123.484
-123.27
-123.27
-123.27
-121.99
-122.024
-121.99
-121.99
-121.99
-121.99
-123.841
-121.083
-121.99
-121.99
-121.99
-121.28
-122.127
-121.28
-124.788
-124.788
-123.636
-127.494
-125.178
-125.809
-122.095
-122.095
-123.496
-124.172
-123.111
-123.851
-124.486
-123.798
-123.798
-120.941
-122.585
-122.585
-124.137
-123.072
-125.548
-126.623
-127.244
-125.174
-120.333
-120.333
-121.99
-121.99
-121.99
-121.99
-121.99
-121.99
-120.292
-121.582
-121.99
-123.03
-123.03
-123.769
-123.769
-120.425
-120.425
-120.425
-120.425
-120.425
-120.425
-120.425
-120.425
-121.931
-120.695
-122.491
-122.491
-122.009
-122.009
-122.009
-119.909
-119.08
