ip_ml_8_rawLogTarget_unified = zeros(1000,1);
ip_ml_8_rawLogTarget_unified = [-40.9943
-41.7444
-37.1593
-36.8989
-36.8292
-36.8989
-36.8989
-36.8989
-36.8989
-36.8989
-36.8989
-36.8989
-36.8989
-36.8989
-36.8989
-36.8989
-36.8989
-36.8989
-36.8989
-36.2707
-36.2707
-36.8989
-36.8989
-42.8344
-43.1571
-41.8385
-41.9121
-41.1383
-41.7817
-43.5445
-43.5445
-41.3098
-41.2924
-42.2684
-41.0644
-40.9729
-40.8124
-40.9651
-42.7368
-43.5214
-39.6875
-39.6875
-44.0868
-43.3281
-41.9093
-43.2114
-41.2601
-40.8991
-40.9047
-41.8195
-41.124
-41.5138
-41.1933
-41.1158
-41.0294
-40.9739
-41.996
-42.3517
-41.3146
-40.7967
-40.8994
-41.005
-40.6966
-40.5488
-41.5666
-41.9178
-41.7023
-40.4584
-41.4469
-41.0453
-41.0453
-41.1409
-40.937
-40.4397
-40.676
-41.0803
-40.9275
-40.9275
-40.8578
-40.9829
-41.0227
-41.0227
-40.7684
-40.7684
-41.1369
-41.7039
-40.7972
-40.6746
-41.0848
-41.0192
-41.8129
-41.4921
-39.6434
-40.448
-40.2824
-40.4664
-41.1226
-41.1226
-38.2352
-39.851
-39.851
-39.8636
-41.4151
-40.2966
-41.2188
-38.2135
-38.2135
-37.7266
-37.7266
-39.3969
-37.3827
-37.7266
-37.7266
-37.7266
-37.7266
-37.7266
-37.0458
-37.0153
-37.7266
-37.7266
-37.7266
-37.7266
-37.7266
-37.7266
-37.7266
-37.7266
-37.7266
-37.7266
-37.7266
-37.7266
-37.4575
-37.2112
-37.7266
-37.7266
-37.7266
-37.7266
-37.7266
-37.7266
-37.7266
-37.7266
-41.6514
-40.4547
-40.6466
-40.2791
-40.7799
-40.4976
-40.4412
-40.9682
-40.9843
-43.3827
-40.956
-41.1939
-45.1072
-39.8561
-40.0226
-39.8903
-39.8335
-40.5386
-39.8561
-40.0848
-40.0848
-39.8746
-39.1923
-39.1923
-39.5508
-40.1789
-40.342
-40.6949
-41.265
-41.6017
-41.0522
-40.6949
-40.6949
-40.6949
-41.1251
-40.7252
-41.4829
-41.0503
-41.328
-41.5712
-40.3342
-39.8307
-39.8307
-39.8814
-40.4112
-41.6928
-40.6101
-41.6945
-41.8583
-41.166
-41.4822
-41.8622
-39.8973
-39.8973
-39.8973
-39.8973
-39.9125
-41.4016
-40.6047
-41.0625
-41.0125
-41.3414
-41.7948
-42.6449
-44.3392
-41.5822
-41.6712
-46.0088
-41.7656
-42.1129
-41.4903
-40.4175
-42.1838
-39.6165
-39.6165
-40.401
-40.609
-40.4496
-41.2169
-42.5255
-36.4514
-36.4514
-36.4514
-36.4514
-36.4514
-36.4514
-36.4514
-36.4514
-36.4514
-36.4514
-36.4514
-36.4514
-36.4514
-36.4514
-36.4514
-36.4514
-36.4514
-36.4514
-36.4514
-36.4514
-36.4514
-42.4095
-42.4095
-38.1135
-41.1426
-40.5705
-40.5705
-41.841
-42.7289
-42.7289
-44.0721
-41.1807
-42.4847
-40.1948
-41.904
-40.5437
-40.5437
-42.068
-41.5781
-40.8599
-41.125
-41.125
-42.3783
-42.3783
-40.9337
-40.9371
-40.9371
-39.8308
-40.2221
-41.236
-39.9349
-45.4789
-42.0869
-40.6964
-41.0938
-41.4023
-41.189
-41.0182
-42.1899
-42.1899
-40.916
-40.7179
-40.9146
-40.6094
-40.7986
-43.6325
-41.2282
-41.0226
-40.5262
-40.7619
-40.7105
-41.1169
-41.9751
-41.9751
-44.1816
-42.9498
-42.6715
-39.8529
-39.566
-44.2827
-42.7077
-40.5516
-40.5062
-41.0202
-41.283
-41.676
-40.8423
-42.4399
-41.0865
-43.1977
-42.1473
-44.018
-41.195
-43.8856
-40.5241
-40.5345
-45.3271
-45.0016
-41.4189
-40.3349
-41.7614
-40.3843
-42.7153
-40.8575
-41.1434
-44.6765
-40.9709
-40.5304
-38.68
-38.68
-38.68
-38.68
-40.6142
-40.7246
-40.5249
-41.2875
-40.1033
-40.2605
-44.3108
-41.2756
-42.0662
-41.6965
-40.7126
-40.6335
-40.6418
-41.21
-40.9306
-40.7948
-42.4441
-41.1872
-41.1872
-40.9249
-40.2578
-39.4593
-40.9055
-42.2527
-40.4663
-40.4663
-40.4663
-40.7184
-40.6288
-41.5716
-45.962
-45.9331
-39.455
-39.9617
-39.841
-39.6059
-39.6059
-39.6059
-42.8871
-44.0043
-41.1896
-40.2379
-40.2778
-40.2543
-40.3732
-40.9457
-42.3465
-39.8934
-41.2324
-41.2324
-40.482
-40.4477
-41.8205
-41.5995
-40.8579
-40.8579
-40.9686
-41.2309
-41.2309
-40.9694
-42.6846
-40.396
-38.9801
-39.1348
-39.7932
-40.9738
-40.4623
-40.4652
-41.3268
-42.0614
-42.8327
-41.7537
-41.3727
-41.7063
-41.4611
-40.068
-41.9331
-41.9009
-40.7676
-40.8957
-36.4514
-36.4514
-36.4514
-36.4514
-36.4514
-36.4514
-36.4514
-36.4514
-41.6554
-41.3059
-40.9366
-41.7229
-46.0814
-41.1451
-40.9595
-40.9595
-41.6041
-40.8243
-44.4254
-41.065
-41.0607
-41.3818
-41.3085
-36.4514
-38.68
-38.0034
-38.0034
-44.5418
-40.7318
-41.1668
-41.5966
-39.3236
-40.4215
-40.4888
-41.24
-41.0382
-40.8378
-36.8989
-36.8989
-39.834
-40.7636
-45.5977
-45.3779
-45.6134
-40.401
-40.401
-39.1988
-40.9512
-42.4569
-38.1363
-36.4514
-36.4514
-36.4514
-36.4514
-38.3341
-36.4514
-34.1306
-36.4514
-36.4514
-36.4514
-35.3176
-36.4514
-36.4514
-36.7134
-36.4514
-37.5579
-34.957
-39.2607
-38.1269
-41.1426
-43.7654
-40.38
-39.4855
-36.6502
-36.6502
-36.6502
-44.1928
-41.4858
-40.9226
-38.0735
-37.1932
-38.0735
-38.9379
-42.3211
-39.8257
-40.3663
-39.9246
-41.2963
-40.373
-40.373
-44.0793
-44.0793
-35.2796
-35.2796
-36.1028
-36.1028
-36.4514
-36.4514
-38.7626
-39.0293
-41.9255
-39.7391
-38.9559
-38.9559
-38.3935
-35.8829
-35.8829
-36.4514
-36.4514
-36.4514
-36.4514
-36.4514
-36.4514
-36.4514
-36.4514
-34.4132
-36.8574
-36.8574
-36.8574
-38.072
-38.072
-34.1306
-34.1306
-34.1306
-34.1306
-34.1306
-34.1306
-34.1306
-34.1306
-34.1306
-34.1306
-34.1306
-34.1306
-34.1306
-34.1306
-34.1306
-34.1306
-34.1306
-34.1306
-34.1306
-34.1306
-34.1306
-34.1306
-36.4514
-36.4514
-36.4514
-37.4875
-37.4875
-35.3176
-35.3176
-35.3176
-35.3176
-34.4025
-34.4025
-36.4514
-36.4514
-37.6467
-37.5022
-37.5022
-37.5022
-37.5022
-36.4514
-36.0947
-36.4514
-36.4514
-36.4514
-36.4514
-36.4514
-36.4514
-36.4514
-36.4514
-37.2204
-36.4514
-36.4514
-36.4514
-35.9894
-35.9894
-36.4514
-36.4514
-36.4514
-36.4514
-34.957
-34.957
-34.957
-34.957
-34.957
-34.957
-34.957
-34.957
-34.957
-34.957
-34.957
-34.957
-34.957
-34.957
-34.957
-34.957
-34.957
-34.957
-34.957
-34.957
-34.957
-34.957
-40.4778
-40.4778
-41.1426
-41.1426
-38.1269
-38.1269
-41.4979
-40.6306
-40.8258
-40.8065
-40.7016
-40.8035
-40.3328
-40.3328
-36.6502
-36.6502
-36.6502
-36.6502
-36.6502
-36.6502
-36.6502
-36.6502
-35.615
-36.6502
-36.6502
-41.096
-41.096
-39.0926
-39.8192
-38.8072
-39.7559
-40.0901
-39.777
-39.8996
-41.0411
-40.8287
-40.6943
-38.0735
-38.0735
-38.0735
-38.0735
-40.9853
-40.9379
-39.3509
-39.3509
-38.0735
-38.0735
-38.0735
-38.0735
-38.0735
-38.0735
-38.0735
-38.0735
-38.0735
-38.0735
-38.0735
-38.0735
-38.0735
-38.0735
-38.0735
-38.0735
-38.0735
-38.0735
-38.0735
-40.2772
-39.6166
-38.0735
-39.6769
-41.7324
-42.1136
-41.17
-42.1136
-36.4461
-36.4461
-36.4461
-41.6475
-43.8316
-40.7863
-40.4534
-38.9261
-38.9261
-40.6884
-40.6884
-41.1381
-41.0759
-41.1979
-39.9669
-40.5
-41.098
-40.4693
-40.377
-40.377
-40.377
-38.6618
-38.2344
-38.2344
-38.6618
-38.6618
-38.6618
-38.6618
-38.6618
-38.6618
-38.6448
-40.2609
-40.0243
-39.7627
-40.6559
-40.6385
-41.1957
-41.6098
-41.6098
-41.2482
-39.0193
-39.0193
-39.0193
-39.0193
-39.0193
-39.1737
-42.9759
-40.5249
-40.5249
-40.1718
-39.5906
-39.5906
-41.9827
-41.6924
-39.5151
-39.5673
-39.5673
-39.5673
-39.7788
-41.0735
-40.9781
-41.2823
-41.0816
-42.1332
-42.0969
-39.3778
-40.1172
-40.7761
-42.462
-40.6165
-41.1363
-40.8357
-41.7573
-40.7636
-43.2019
-41.2103
-41.0748
-40.8424
-40.7581
-40.9382
-41.0248
-41.8793
-41.8793
-41.3018
-40.7331
-41.5401
-41.5401
-39.9838
-40.3258
-40.811
-40.7917
-40.4472
-40.4472
-40.3956
-40.3956
-40.328
-40.4856
-40.4856
-39.4728
-40.1897
-40.1897
-40.1897
-39.7399
-40.3475
-39.6941
-41.3488
-39.9477
-39.9149
-40.5759
-40.3087
-40.6159
-41.1094
-40.9601
-40.4206
-41.8671
-39.6931
-39.7709
-39.7709
-40.7336
-40.7336
-40.8289
-40.81
-40.6413
-40.6413
-40.6413
-40.7877
-39.7966
-38.4277
-37.5917
-37.5917
-37.1233
-38.4277
-38.4277
-37.8303
-41.1846
-41.1846
-41.7507
-42.0129
-41.5962
-38.4277
-38.4277
-39.4891
-38.4277
-38.4277
-38.4277
-38.4277
-38.4277
-38.4277
-39.2726
-40.9615
-40.9615
-40.9615
-38.4277
-38.4277
-37.5216
-39.3068
-39.3068
-39.3068
-38.4277
-38.4277
-37.681
-37.681
-37.681
-38.4277
-38.4277
-38.4277
-38.4277
-38.4277
-38.4277
-38.2641
-38.4277
-38.4277
-38.4277
-37.6698
-37.6698
-38.4277
-38.4277
-38.4277
-38.4277
-38.4277
-38.4277
-38.4277
-38.4277
-38.4277
-38.4277
-40.9284
-40.3571
-38.4277
-38.4277
-38.4277
-38.4277
-38.4277
-38.4277
-41.0734
-40.9308
-40.9308
-40.938
-41.3275
-40.6515
-40.6515
-42.6251
-42.4359
-40.021
-40.021
