ip_ml_17_rawLogTarget_unified = zeros(1000,1);
ip_ml_17_rawLogTarget_unified = [-145.344
-144.277
-142.208
-140.883
-140.883
-140.883
-140.883
-141.963
-142.774
-142.774
-141.963
-141.963
-141.963
-141.022
-141.022
-142.949
-141.963
-141.963
-141.963
-141.416
-141.963
-141.963
-142.64
-141.871
-141.871
-141.919
-141.919
-144.262
-144.262
-145.42
-144.381
-143.918
-143.918
-144.551
-146.402
-142.18
-142.478
-142.478
-142.478
-140.892
-141.303
-142.609
-142.379
-142.609
-142.609
-147.198
-145.832
-146.546
-146.711
-144.217
-145.01
-145.103
-142.211
-142.211
-142.47
-142.214
-141.809
-141.05
-141.809
-141.809
-141.809
-144.072
-141.605
-141.605
-141.605
-142.724
-141.081
-144.755
-144.755
-140.683
-140.683
-140.683
-140.683
-140.683
-140.734
-140.734
-140.734
-140.734
-140.734
-140.734
-140.734
-140.734
-140.734
-140.996
-140.996
-142.175
-142.175
-142.764
-142.764
-142.726
-148.034
-145.481
-145.481
-141.393
-144.87
-142.082
-141.152
-143.728
-144.033
-143.728
-141.836
-141.836
-143.651
-141.426
-141.426
-143.212
-143.212
-145.354
-145.423
-145.423
-149.102
-147.755
-143.966
-143.362
-144.314
-143.974
-144.342
-144.342
-146.303
-144.864
-143.947
-144.701
-142.465
-142.248
-144.891
-141.227
-144.714
-144.582
-142.696
-146.363
-146.363
-146.388
-145.534
-144.262
-144.262
-144.496
-141.542
-141.542
-144.197
-144.262
-142.868
-142.868
-144.262
-144.487
-141.783
-142.528
-142.704
-141.553
-141.075
-145.822
-145.822
-143.1
-141.736
-141.736
-142.023
-142.023
-142.023
-145.221
-145.221
-143.04
-145.343
-145.343
-141.909
-142.186
-141.909
-141.931
-141.931
-141.125
-141.931
-141.026
-146.464
-146.464
-147.247
-146.669
-149.028
-144.313
-143.04
-144.448
-144.491
-144.262
-145.5
-144.262
-144.262
-142.677
-142.677
-143.548
-144.235
-143.549
-143.459
-141.238
-143.767
-143.767
-143.767
-141.323
-143.767
-143.767
-143.767
-145.034
-145.034
-143.326
-144.596
-144.079
-142.312
-141.506
-141.506
-142.039
-142.039
-141.46
-143.559
-143.559
-143.559
-143.559
-143.559
-143.559
-143.559
-140.751
-143.011
-148.539
-141.047
-140.82
-140.839
-142.734
-142.734
-144.002
-144.002
-141.462
-141.462
-144.002
-141.595
-144.262
-144.262
-144.088
-144.088
-144.088
-143.49
-144.348
-142.969
-143.141
-145.468
-148.559
-144.323
-141.396
-141.396
-141.544
-141.544
-141.556
-141.556
-140.736
-140.736
-140.736
-142.734
-143.7
-140.829
-140.829
-142.529
-142.529
-142.529
-141.661
-141.661
-141.661
-142.696
-144.211
-144.211
-142.772
-142.738
-145.789
-147.473
-145.81
-145.789
-147.517
-147.717
-145.969
-145.969
-145.969
-146.829
-142.619
-141.941
-141.941
-141.941
-141.941
-141.941
-141.905
-142.854
-142.519
-140.823
-140.823
-142.519
-142.519
-142.519
-141.717
-141.316
-142.519
-142.519
-147.076
-143.895
-143.592
-143.592
-146.766
-146.766
-141.792
-143.109
-142.992
-142.992
-142.292
-142.292
-142.936
-145.308
-145.49
-143.103
-143.103
-147.19
-146.092
-144.419
-142.892
-142.892
-143.933
-145.726
-145.726
-145.726
-145.726
-142.864
-141.533
-142.864
-142.864
-145.133
-144.481
-144.481
-142.917
-142.917
-142.917
-142.917
-142.029
-142.029
-142.028
-141.764
-142.029
-142.029
-142.029
-142.163
-142.163
-142.163
-141.465
-140.804
-143.093
-143.093
-142.452
-142.663
-142.663
-145.56
-144.146
-144.146
-143.361
-143.361
-144.569
-144.569
-142.658
-144.193
-143.272
-141.519
-141.519
-144.136
-143.172
-143.172
-141.454
-141.529
-141.529
-141.529
-141.529
-141.529
-141.529
-141.529
-140.741
-140.741
-140.74
-140.74
-141.529
-141.529
-141.529
-141.529
-141.529
-142.424
-143.102
-143.121
-142.078
-143.331
-143.331
-143.331
-143.566
-142.831
-145.823
-141.832
-140.948
-140.948
-140.661
-140.661
-140.838
-144.264
-145.092
-149.319
-149.674
-145.511
-144.446
-142.594
-146.238
-147.623
-148.233
-145.618
-143.134
-143.134
-142.18
-144.47
-141.895
-141.895
-141.895
-141.895
-145.034
-145.034
-146.195
-143.241
-143.151
-143.675
-143.675
-144.269
-144.269
-144.536
-143.923
-143.859
-144.122
-142.464
-143.982
-143.982
-141.432
-141.685
-141.432
-141.432
-142.165
-142.165
-143.306
-142.726
-141.382
-145.259
-144.262
-143.381
-143.533
-143.533
-141.65
-141.65
-141.65
-141.651
-141.651
-142.145
-142.191
-141.053
-141.857
-142.736
-142.378
-142.378
-141.54
-143.406
-143.362
-144.313
-145.293
-147.104
-147.072
-147.072
-145.125
-145.918
-145.904
-140.811
-145.918
-145.918
-145.918
-142.886
-142.886
-143.925
-141.984
-142.886
-141.596
-148.025
-146.191
-144.358
-144.208
-143.187
-146.7
-145.19
-146.191
-145.04
-148.874
-150.999
-141.963
-141.963
-141.963
-140.65
-141.963
-141.443
-141.963
-141.969
-144.262
-142.609
-142.609
-144.131
-144.131
-141.546
-141.546
-142.214
-142.214
-142.819
-142.819
-142.819
-142.819
-142.935
-141.116
-141.116
-141.116
-141.116
-141.969
-141.969
-141.969
-141.719
-141.719
-141.719
-141.719
-140.867
-140.867
-140.867
-142.143
-141.587
-141.587
-144.513
-144.513
-141.284
-141.284
-143.225
-143.225
-142.816
-142.816
-142.281
-142.447
-143.054
-143.054
-140.966
-145.98
-143.098
-143.608
-143.608
-140.696
-140.696
-142.055
-142.055
-142.728
-142.728
-142.728
-142.513
-142.513
-142.728
-144.595
-142.846
-142.846
-142.662
-141.482
-143.639
-143.589
-141.669
-141.669
-141.669
-143.616
-143.616
-142.867
-143.34
-140.724
-140.724
-143.137
-143.137
-143.465
-143.465
-143.465
-142.662
-143.905
-142.359
-143.932
-144.073
-144.073
-149.138
-146.663
-143.443
-141.842
-143.443
-144.113
-142.466
-142.466
-142.466
-142.217
-141.493
-142.987
-142.466
-143.606
-146.988
-146.988
-144.807
-144.807
-143.606
-143.606
-143.005
-143.005
-145.466
-141.942
-141.942
-143.046
-143.046
-144.294
-144.762
-144.762
-144.241
-143.693
-143.693
-145.125
-142.604
-143.25
-143.037
-143.037
-142.276
-142.276
-142.276
-142.276
-142.276
-141.102
-141.102
-142.98
-144.738
-144.738
-143.289
-144.948
-144.738
-142.994
-142.994
-143.441
-145.484
-143.087
-143.97
-143.409
-144.381
-142.88
-142.871
-144.052
-144.052
-143.184
-143.184
-143.184
-144.556
-144.556
-144.556
-143.087
-143.087
-143.087
-143.087
-142.463
-142.463
-142.777
-142.777
-142.88
-142.387
-142.387
-142.88
-142.539
-142.539
-143.241
-141.773
-141.482
-141.006
-145.071
-145.949
-145.949
-145.969
-144.654
-145.441
-142.764
-142.764
-143.28
-142.093
-142.02
-143.831
-143.831
-144.94
-145.735
-142.228
-142.228
-142.228
-142.228
-140.994
-140.994
-141.149
-141.149
-140.994
-140.994
-142.228
-142.228
-142.228
-142.228
-142.228
-142.266
-142.228
-142.228
-142.843
-142.843
-142.843
-142.306
-142.265
-142.653
-141.623
-143.213
-143.213
-145.424
-150.362
-146.072
-145.288
-144.352
-141.298
-141.298
-141.358
-143.508
-144.374
-146.17
-146.29
-142.123
-141.098
-145.49
-144.747
-145.308
-145.433
-147.208
-143.678
-141.163
-141.345
-141.345
-141.939
-144.666
-144.553
-144.553
-142.905
-141.802
-141.508
-145.238
-142.686
-142.686
-142.292
-145.081
-145.141
-146.935
-143.322
-143.322
-156.008
-149.862
-149.855
-144.001
-145.651
-145.174
-145.174
-142.431
-142.433
-144.558
-145.803
-145.803
-141.556
-141.556
-141.697
-141.963
-141.963
-141.963
-141.963
-141.968
-141.968
-141.968
-141.968
-141.654
-141.654
-141.654
-141.968
-140.792
-140.792
-141.968
-140.674
-141.465
-141.465
-141.465
-143.978
-143.528
-141.531
-141.531
-141.531
-141.018
-141.749
-141.749
-142.18
-141.306
-142.969
-144.323
-142.916
-142.121
-140.879
-142.044
-142.062
-142.062
-142.062
-145.715
-144.262
-144.262
-144.136
-144.892
-143.845
-144.262
-144.262
-144.262
-142.59
-141.958
-141.958
-141.958
-145.343
-141.944
-142.243
-147.135
-146.015
-144.532
-144.732
-141.557
-144.262
-144.305
-144.252
-141.211
-141.211
-145.905
-145.786
-141.711
-141.711
-143.299
-142.474
-145.106
-143.641
-144.461
-143.722
-143.383
-141.288
-143.383
-144.393
-144.393
-145.694
-145.796
-146.503
-142.962
-142.982
-144.875
-143.161
-144.999
-147.643
-145.668
-148.974
-142.136
-142.136
-143.724
-144.262
-142.158
-144.262
-145.598
-144.678
-146.467
-142.323
-142.323
-142.323
-142.323
-142.323
-140.709
-140.709
-143.129
-143.129
-144.189
-144.883
-144.883
-144.883
-144.286
-143.216
-143.216
-141.849
-140.657
-140.657
-140.657
-141.684
