ip_ml_6_rawChain_unified = zeros(1000,3);
ip_ml_6_rawChain_unified = [6.4042932616185098e+01 5.2720599352927886e+00 9.3899424149275112e-01 
6.9172718560783082e+01 5.6470554788102696e+00 1.0967372854317257e+00 
4.2494292106771283e+00 3.3584942155439905e+00 7.3146159738606609e-01 
2.7791300242818743e+01 6.3865322973310512e+00 1.0257933148766507e+00 
2.1748817268416984e+00 1.1830883483285606e+00 4.9438828894374998e-01 
2.1748817268416984e+00 1.1830883483285606e+00 4.9438828894374998e-01 
2.1748817268416984e+00 1.1830883483285606e+00 4.9438828894374998e-01 
2.1748817268416984e+00 1.1830883483285606e+00 4.9438828894374998e-01 
2.1748817268416984e+00 1.1830883483285606e+00 4.9438828894374998e-01 
2.1748817268416984e+00 1.1830883483285606e+00 4.9438828894374998e-01 
2.1748817268416984e+00 1.1830883483285606e+00 4.9438828894374998e-01 
4.1062469900966860e+01 3.6210872359903599e+00 2.3015558388342439e-01 
4.1062469900966860e+01 3.6210872359903599e+00 2.3015558388342439e-01 
3.2412783564285732e+01 4.5815738998712261e+00 8.1669177761460265e-01 
2.5397564958323837e+01 5.3165075525341798e+00 9.7918059331279406e-01 
5.0155098322804690e+01 6.4535667834864245e+00 1.0931020879240545e+00 
3.9819054325392344e+01 8.4423281885330717e+00 1.1888748933406610e+00 
1.8981023650844037e+01 9.7012823679055167e+00 7.7059286830547424e-01 
1.8981023650844037e+01 9.7012823679055167e+00 7.7059286830547424e-01 
1.5060632746541883e+01 4.8711003519478595e+00 2.6361009229301086e-01 
6.1996967801071392e+01 5.0018176891340937e+00 7.8253620747312380e-01 
6.1996967801071392e+01 5.0018176891340937e+00 7.8253620747312380e-01 
7.0449472109608934e+01 6.5565061474698156e+00 1.1811600563393723e+00 
7.0449472109608934e+01 6.5565061474698156e+00 1.1811600563393723e+00 
3.5026902199628680e+01 4.6152778989275998e+00 9.9170528620905696e-01 
5.1846509428482321e+01 4.9279900512332642e+00 9.5909740926830145e-01 
5.5250767749562229e+01 7.1921168864247900e+00 1.1873497229881231e+00 
5.4102149133026401e+01 7.2458179579995230e+00 1.0991238627236779e+00 
5.4102149133026401e+01 7.2458179579995230e+00 1.0991238627236779e+00 
4.7507798056886514e+01 7.9654626586666080e+00 5.3068535651088278e-01 
6.9996109028692601e+01 9.7754955278867026e+00 8.4626057535295640e-01 
3.6952032607691990e+01 6.7882426412947963e+00 4.7543130746507678e-01 
1.5508377592072087e+01 3.2992832520390638e+00 5.4133041466083109e-01 
1.6704426580631903e+01 3.5975274863057445e+00 4.1443765789574055e-01 
1.6704426580631903e+01 3.5975274863057445e+00 4.1443765789574055e-01 
2.0642796278834538e+01 3.6621116672399969e+00 4.3411595469119579e-01 
3.7523342995133561e+01 4.8016836421832378e+00 5.7046934971821439e-01 
2.2062019715992182e+01 4.6103202250834752e+00 6.0345743409543673e-01 
7.9410781128722675e+01 5.1912892164864415e+00 7.6503281674069834e-01 
5.7001642256831730e+01 7.0222456963385218e+00 4.2798913113301518e-01 
3.6507960854804836e+01 4.7396278641030936e+00 5.8900670292139512e-01 
7.5995771466144832e+00 3.3362189583652495e+00 3.7192411741661713e-01 
8.3865931189034782e+01 5.9542037696714312e+00 1.1443502012220208e+00 
8.3865931189034782e+01 5.9542037696714312e+00 1.1443502012220208e+00 
7.1597859840410734e+01 5.8227544654587833e+00 9.7287379544187580e-01 
7.1597859840410734e+01 5.8227544654587833e+00 9.7287379544187580e-01 
7.1597859840410734e+01 5.8227544654587833e+00 9.7287379544187580e-01 
6.1178951728322218e+01 5.5108174572853752e+00 9.0976563413111933e-01 
7.8931194668598081e+01 7.3474757568389464e+00 1.1843434126377446e+00 
7.8931194668598081e+01 7.3474757568389464e+00 1.1843434126377446e+00 
3.1960605045550786e+01 5.5915671185886788e+00 1.0037598170461786e+00 
2.6044295231165865e+01 3.8301898734327815e+00 8.3319028822199082e-01 
5.7552534973621491e+01 4.9441920000945974e+00 7.9560226326747585e-01 
2.9852118824030292e+01 5.4424574679587305e+00 1.1355905848841581e+00 
2.9852118824030292e+01 5.4424574679587305e+00 1.1355905848841581e+00 
4.5822728529307909e+01 6.0545788026570930e+00 8.0064329429385539e-01 
9.3283637111378511e+01 5.3872893213588737e+00 6.5293098200095212e-01 
9.3267430902677702e+01 6.4840825224097340e+00 8.8548207207676499e-01 
9.3283637111378511e+01 5.3872893213588737e+00 6.5293098200095212e-01 
6.8393106110930830e+01 5.5198034432214618e+00 1.1569639819512905e+00 
6.8393106110930830e+01 5.5198034432214618e+00 1.1569639819512905e+00 
3.5126951848013967e+01 4.1549595431468962e+00 8.5641407103501421e-01 
7.1838811577017353e+01 5.8167084720578472e+00 1.1733229253274473e+00 
2.6315078408380970e+01 3.4518889746894734e+00 5.1689132600102894e-01 
2.6315078408380970e+01 3.4518889746894734e+00 5.1689132600102894e-01 
3.8050312238790937e+01 5.0700592927386667e+00 2.1380039346133670e-01 
3.8050312238790937e+01 5.0700592927386667e+00 2.1380039346133670e-01 
6.4640508172112504e+01 5.4882838202777879e+00 1.0120547170029766e+00 
6.4640508172112504e+01 5.4882838202777879e+00 1.0120547170029766e+00 
6.6116085399907433e+01 6.0922849566263180e+00 1.1505518053592168e+00 
8.6639150542074034e+01 5.4230890520471284e+00 8.8141116813527209e-01 
8.6639150542074034e+01 5.4230890520471284e+00 8.8141116813527209e-01 
8.6639150542074034e+01 5.4230890520471284e+00 8.8141116813527209e-01 
8.6639150542074034e+01 5.4230890520471284e+00 8.8141116813527209e-01 
4.6124693695517450e+01 4.1815504750436610e+00 8.7086790318146379e-01 
9.5899086118766292e+01 4.3614400626350029e+00 7.0628111014761974e-01 
9.5899086118766292e+01 4.3614400626350029e+00 7.0628111014761974e-01 
9.5899086118766292e+01 4.3614400626350029e+00 7.0628111014761974e-01 
9.9871040457861639e+01 4.3493070022765501e+00 6.2895345806101799e-01 
9.0913878098509414e+01 3.7753220271803594e+00 5.4451902495590310e-01 
9.3562256205705481e+01 4.0976853498170742e+00 5.3670811687079700e-01 
7.2402881974558312e+01 4.1159597196567494e+00 5.8115870787125523e-01 
7.2402881974558312e+01 4.1159597196567494e+00 5.8115870787125523e-01 
1.8321087751553559e+01 2.3759542218278886e+00 3.3679793387239770e-01 
3.5555715989207400e+01 3.4294499920034753e+00 2.0837796605766967e-01 
9.0655512527051165e+00 3.2548550002230603e+00 1.0134821967226690e+00 
9.0655512527051165e+00 3.2548550002230603e+00 1.0134821967226690e+00 
7.0602651316738267e+00 1.9653619442119965e+00 5.6846140012146518e-01 
1.8321087751553559e+01 2.3759542218278886e+00 3.3679793387239770e-01 
6.1335032408342158e+00 1.5439590902428182e+00 2.1541509520042385e-01 
6.1335032408342158e+00 1.5439590902428182e+00 2.1541509520042385e-01 
4.2040601421630903e+00 1.5068188637028366e+00 2.0730515939112754e-01 
3.4402434947492431e+01 2.8944485072564929e+00 4.3105447286718990e-01 
3.4402434947492431e+01 2.8944485072564929e+00 4.3105447286718990e-01 
3.4402434947492431e+01 2.8944485072564929e+00 4.3105447286718990e-01 
1.8321087751553559e+01 2.3759542218278886e+00 3.3679793387239770e-01 
4.4519397682869339e+00 1.7230233139275546e+00 4.8339915889519697e-01 
4.3545065156239318e+00 1.6311031584056268e+00 4.4351617783320196e-01 
4.3545065156239318e+00 1.6311031584056268e+00 4.4351617783320196e-01 
1.7698124430715012e+01 3.2383800536250775e+00 4.4645483431100053e-01 
1.7698124430715012e+01 3.2383800536250775e+00 4.4645483431100053e-01 
7.4434036055771898e+01 6.2310615899291868e+00 8.9835314011512135e-01 
1.6637402557918136e+01 2.7629726362799643e+00 4.5939738548175957e-01 
1.6637402557918136e+01 2.7629726362799643e+00 4.5939738548175957e-01 
2.8515439175217123e+00 1.7737362197674149e+00 9.9872711501966971e-01 
2.8515439175217123e+00 1.7737362197674149e+00 9.9872711501966971e-01 
2.8515439175217123e+00 1.7737362197674149e+00 9.9872711501966971e-01 
2.8515439175217123e+00 1.7737362197674149e+00 9.9872711501966971e-01 
2.8515439175217123e+00 1.7737362197674149e+00 9.9872711501966971e-01 
2.8515439175217123e+00 1.7737362197674149e+00 9.9872711501966971e-01 
2.8515439175217123e+00 1.7737362197674149e+00 9.9872711501966971e-01 
2.8515439175217123e+00 1.7737362197674149e+00 9.9872711501966971e-01 
2.8515439175217123e+00 1.7737362197674149e+00 9.9872711501966971e-01 
