ip_ml_15_rawLogTarget_unified = zeros(1000,1);
ip_ml_15_rawLogTarget_unified = [-104.221
-102.286
-102.299
-104.665
-102.672
-101.938
-99.8483
-103.756
-103.76
-101.859
-99.7698
-99.7698
-101.288
-101.78
-101.78
-100.79
-100.699
-100.204
-101.35
-101.09
-99.5782
-101.725
-101.431
-101.938
-100.657
-101.682
-102.034
-100.179
-100.101
-99.9863
-100.352
-104.109
-98.4409
-97.0823
-97.0823
-99.0422
-98.8206
-98.8206
-98.8206
-97.4911
-94.0122
-94.0122
-94.0122
-94.9207
-94.0122
-94.0122
-94.0122
-94.0122
-94.0122
-94.0122
-94.0122
-94.0122
-99.7016
-100.374
-100.867
-102.155
-95.5711
-95.5711
-95.5711
-95.5711
-95.5711
-95.5711
-95.2764
-94.4505
-94.4505
-94.4505
-94.4505
-94.4505
-97.9235
-98.0778
-97.5611
-96.5521
-96.5521
-97.1396
-97.1396
-97.1396
-97.6158
-96.141
-94.1806
-94.1806
-100.622
-98.9877
-101.443
-93.9081
-93.9081
-94.1481
-94.1481
-94.1481
-94.1481
-94.1481
-95.9053
-93.1449
-93.1449
-96.7251
-96.7251
-101.085
-97.4028
-94.8482
-95.3452
-97.4028
-97.5983
-97.5983
-97.5983
-98.7572
-95.5711
-95.5711
-95.5711
-95.5508
-95.209
-95.209
-95.209
-95.209
-95.209
-95.209
-96.6298
-96.6298
-95.6224
-95.6224
-95.6224
-95.3704
-95.3704
-97.9388
-95.3704
-95.3704
-96.5315
-96.5315
-96.6674
-95.357
-95.357
-96.0117
-95.357
-95.5711
-94.2785
-96.0283
-95.482
-95.482
-100.526
-101.793
-100.091
-97.7797
-97.7797
-97.127
-97.127
-98.0842
-94.2914
-94.2914
-95.2959
-96.4333
-96.4333
-96.4333
-96.3717
-95.5711
-95.5711
-95.5711
-95.5711
-95.5711
-93.7272
-95.5711
-95.5711
-95.5711
-95.5711
-95.3537
-95.5711
-95.5711
-95.4784
-93.8907
-94.5149
-94.5149
-94.5149
-94.5149
-94.3977
-94.1229
-96.4217
-95.1638
-96.1916
-96.1916
-96.1916
-93.976
-93.976
-93.9907
-93.3771
-93.3771
-97.3644
-99.613
-99.7781
-99.613
-98.2742
-98.8013
-98.8013
-98.8013
-98.8013
-99.9475
-99.857
-96.9516
-96.9516
-97.0394
-97.0394
-95.6967
-95.6967
-95.7261
-95.7261
-95.7261
-95.5711
-95.5711
-95.8173
-95.5711
-96.1185
-95.2349
-95.2349
-95.2349
-95.2349
-95.2349
-96.0938
-94.4193
-95.182
-95.182
-95.7973
-95.7973
-95.7973
-95.4567
-101.103
-95.447
-95.447
-94.2492
-94.2492
-94.2492
-95.0944
-95.0944
-98.058
-101.101
-101.101
-103.278
-98.1658
-103.605
-100.069
-95.5711
-96.7933
-95.5711
-95.5711
-98.176
-101.302
-102.787
-101.588
-103.821
-94.5353
-94.5353
-95.3944
-94.1342
-95.5711
-95.5711
-94.5353
-94.5353
-94.5353
-95.1897
-94.3961
-94.3961
-94.3961
-94.5094
-94.5606
-94.5606
-94.5606
-96.0211
-96.2613
-96.2613
-97.9822
-97.9822
-95.0512
-94.9501
-96.3635
-95.5711
-95.5711
-95.9183
-96.6061
-96.6061
-101.106
-101.527
-95.6299
-95.4617
-96.7919
-97.8353
-97.8353
-96.4603
-95.6125
-95.6125
-95.2073
-95.6125
-93.217
-93.9977
-93.9977
-93.9977
-93.3891
-95.5168
-95.5168
-98.1669
-96.8024
-94.3896
-94.3896
-94.3896
-94.3896
-97.4784
-96.6908
-97.3944
-98.4687
-101.894
-96.3847
-96.3847
-96.4545
-96.4545
-96.0081
-96.0081
-96.0081
-96.2885
-96.2885
-96.2885
-96.2885
-96.2885
-98.0183
-98.5119
-98.5119
-96.4522
-96.4716
-94.3058
-94.3058
-94.3058
-96.5634
-97.0981
-96.493
-96.493
-96.5634
-96.5634
-94.6229
-94.6229
-94.9645
-96.4287
-94.0569
-94.0569
-94.0569
-94.0569
-101.107
-102.436
-102.082
-94.7783
-94.7783
-96.6037
-96.6037
-94.4867
-96.9687
-95.4919
-95.4919
-96.4965
-96.4965
-94.8997
-94.8997
-95.7251
-95.7251
-95.7251
-95.7251
-94.8997
-94.387
-93.718
-93.718
-93.718
-93.718
-93.718
-97.0157
-94.3251
-94.4149
-93.7951
-94.9398
-95.2763
-96.0112
-96.0112
-95.6415
-95.6415
-95.6415
-97.0464
-97.0464
-96.8884
-96.8884
-94.2186
-96.0905
-94.1641
-94.4206
-96.681
-96.681
-96.6945
-98.1317
-96.4176
-96.107
-95.3277
-95.3277
-96.1434
-95.2512
-95.2512
-95.1216
-95.1216
-95.4136
-95.4136
-95.593
-95.593
-98.7257
-101.118
-100.01
-99.4619
-100.188
-97.3585
-96.6834
-96.6834
-97.4235
-97.4235
-97.3108
-98.2795
-98.2795
-98.2795
-99.3577
-100.431
-100.431
-100.219
-98.2795
-98.2795
-98.2795
-98.2795
-97.1578
-97.8746
-94.1598
-95.7059
-95.7059
-95.7116
-93.9661
-93.9661
-96.094
-95.5711
-95.5711
-95.3813
-95.3813
-95.3813
-95.3813
-95.5711
-94.9385
-93.6524
-93.6524
-93.6524
-96.3346
-94.9228
-95.5711
-95.5711
-95.8524
-95.5711
-94.8433
-95.8869
-94.9301
-96.037
-93.8004
-93.8004
-93.8004
-93.8004
-93.8004
-93.8004
-98.5273
-99.1028
-99.1028
-96.729
-93.8381
-98.0692
-103.811
-103.811
-95.8611
-96.322
-96.322
-97.8624
-97.7198
-97.1876
-94.136
-94.136
-94.5904
-94.5904
-96.27
-96.27
-96.27
-96.27
-96.27
-96.27
-104.533
-94.6378
-94.6378
-94.6378
-94.6378
-94.6378
-94.6378
-94.6378
-94.6378
-97.2008
-97.2008
-97.8811
-96.468
-96.8781
-96.8781
-95.5339
-96.8781
-96.8781
-98.4785
-98.4785
-95.5711
-95.5711
-95.302
-95.302
-95.5711
-95.5711
-95.9695
-95.9695
-95.5711
-95.5711
-95.4275
-95.4275
-93.2932
-93.2932
-93.2932
-93.4383
-93.4383
-93.8471
-93.8471
-93.8471
-93.8471
-93.7163
-93.8471
-93.3518
-94.9515
-94.9515
-94.1342
-94.1342
-94.1342
-94.1342
-95.7407
-95.7407
-95.7407
-95.7431
-95.7431
-95.7431
-95.5711
-95.5711
-96.6661
-96.6661
-95.5711
-95.5711
-95.5711
-95.5711
-96.4378
-96.4378
-94.7141
-94.7141
-94.7141
-94.7141
-95.306
-95.306
-95.306
-95.0647
-95.0647
-95.0648
-94.3397
-95.2965
-95.2965
-95.2965
-95.2965
-95.2965
-97.0294
-97.0294
-97.0294
-94.5309
-94.5309
-94.5309
-95.1264
-95.3968
-95.3968
-95.3968
-95.3968
-95.0989
-95.0989
-94.8083
-94.8083
-94.8083
-94.8083
-94.8083
-94.8083
-94.8083
-95.3473
-95.3473
-94.2955
-100.73
-95.0153
-95.0153
-95.0153
-95.0153
-95.0153
-95.0153
-95.0153
-95.5711
-95.5711
-95.5711
-95.5029
-94.3536
-94.3536
-94.3536
-95.1262
-95.1262
-95.1262
-95.1262
-96.6311
-95.1262
-95.1262
-94.7185
-94.7185
-94.7185
-94.7462
-94.7462
-94.7462
-94.8657
-94.7462
-94.7462
-94.7462
-97.3393
-97.3393
-96.7698
-96.7698
-95.1848
-95.1848
-95.1848
-95.8228
-95.1848
-95.1848
-95.1848
-95.1848
-96.2639
-96.2639
-94.7404
-100.082
-94.7404
-94.2243
-94.2243
-94.5935
-95.5711
-95.5711
-95.8938
-97.3499
-97.3499
-96.987
-95.0141
-95.0141
-96.4706
-95.0141
-93.772
-95.5711
-95.9484
-95.5711
-95.5711
-95.5711
-94.6339
-94.6339
-94.6339
-95.7702
-95.2823
-95.2823
-94.6339
-94.6339
-93.6865
-93.6865
-96.1697
-96.7145
-96.7145
-96.7145
-96.7283
-95.5711
-98.029
-99.1789
-97.8434
-97.8434
-95.2581
-95.2581
-95.2581
-95.2581
-95.7625
-95.7625
-95.7625
-96.1589
-94.1919
-94.1919
-94.1919
-94.1919
-94.1919
-101.227
-97.3261
-97.6845
-101.088
-101.088
-94.2448
-94.0605
-94.662
-100.675
-97.0091
-96.3586
-96.6523
-96.7974
-96.7974
-96.8961
-95.7117
-95.7117
-96.6867
-95.7117
-95.7117
-95.4496
-98.2621
-98.8881
-98.8881
-98.9332
-100.777
-98.5693
-97.8207
-96.9459
-96.9459
-96.0977
-95.0398
-95.0398
-95.0398
-97.635
-97.296
-96.681
-98.488
-97.635
-97.635
-95.1961
-96.8067
-95.6164
-95.6164
-95.6164
-96.3299
-96.2475
-95.6664
-95.6664
-96.2475
-94.713
-95.7967
-96.2326
-96.2368
-95.6092
-94.2352
-96.8122
-96.1257
-95.4448
-95.4448
-94.9334
-107.275
-111.554
-104.242
-102.861
-104.95
-104.95
-103.692
-104.919
-105.761
-104.638
-105.35
-105.489
-101.549
-101.169
-103.791
-100.401
-100.401
-101.282
-103.127
-102.517
-103.54
-102.447
-103.159
-102.3
-108.944
-108.704
-98.5357
-98.5357
-99.0543
-94.542
-94.542
-96.0033
-95.5509
-95.5509
-101.367
-96.959
-97.3122
-100.201
-96.6839
-96.6839
-96.6839
-96.6839
-96.6839
-96.5491
-96.1894
-96.1894
-94.887
-94.887
-98.1806
-98.1806
-96.6155
-96.6155
-96.6155
-96.6155
-94.0156
-94.0156
-94.0156
-94.0156
-94.0156
-94.0156
-93.867
-93.6745
-93.6745
-93.867
-94.8052
-93.867
-94.1539
-94.1596
-93.1683
-93.1683
-93.1683
-94.9289
-94.9289
-94.9289
-94.067
-96.5557
-95.5712
-95.5711
-95.5711
-95.5711
-95.5711
-94.0092
-94.0092
-96.713
-95.5711
-95.5711
-95.4005
-93.729
-96.3033
-96.3033
-96.3033
-97.5187
-97.5187
-97.5187
-98.3412
-96.646
-95.5711
-95.5998
-95.5711
-95.1323
-95.5711
-95.5711
-95.5711
-95.5711
-99.038
-94.975
-94.975
-97.9216
-97.9216
-102.278
-98.2488
-98.0242
-98.7787
-95.6593
-100.194
-97.3144
-97.3144
-97.4038
-96.5127
-97.1339
-96.8777
-96.6003
-96.6003
-96.0698
-94.6899
-94.6899
-96.0705
-96.0705
-97.3741
-98.6246
-97.4954
-96.1021
-100.921
-100.259
-97.5978
-98.9219
-100.433
-94.1794
-94.1794
-94.1794
-97.0501
-95.5711
