ip_ml_17_rawChain_unified = zeros(1000,3);
ip_ml_17_rawChain_unified = [1.1957662221586762e+00 4.5463781108457751e-01 2.4060547654049108e-01 
1.1808623345367564e+00 3.7941123524976927e-01 2.5181937422379502e-01 
9.6666603282427588e-01 2.9458687007848999e-01 3.1901585839191404e-01 
8.7414636742298779e-01 1.7900441839513848e-01 2.8505110971620068e-01 
8.7414636742298779e-01 1.7900441839513848e-01 2.8505110971620068e-01 
8.7414636742298779e-01 1.7900441839513848e-01 2.8505110971620068e-01 
8.7414636742298779e-01 1.7900441839513848e-01 2.8505110971620068e-01 
9.1600059469012229e-01 2.6666806617534766e-01 2.4050752393635752e-01 
9.6321576612721649e-01 3.3387015024131445e-01 3.5473762286449984e-01 
9.6321576612721649e-01 3.3387015024131445e-01 3.5473762286449984e-01 
9.1600059469012229e-01 2.6666806617534766e-01 2.4050752393635752e-01 
9.1600059469012229e-01 2.6666806617534766e-01 2.4050752393635752e-01 
9.1600059469012229e-01 2.6666806617534766e-01 2.4050752393635752e-01 
8.0162401161272889e-01 1.8875050531121118e-01 3.2902114891550571e-01 
8.0162401161272889e-01 1.8875050531121118e-01 3.2902114891550571e-01 
7.4835501504914581e-01 2.4907486694347031e-01 3.0588651203617012e-01 
9.1600059469012229e-01 2.6666806617534766e-01 2.4050752393635752e-01 
9.1600059469012229e-01 2.6666806617534766e-01 2.4050752393635752e-01 
9.1600059469012229e-01 2.6666806617534766e-01 2.4050752393635752e-01 
8.1887371764383654e-01 2.0840096006186404e-01 2.1032698778060657e-01 
9.1600059469012229e-01 2.6666806617534766e-01 2.4050752393635752e-01 
9.1600059469012229e-01 2.6666806617534766e-01 2.4050752393635752e-01 
6.6867204977296379e-01 1.6587943408832728e-01 2.3084616572748232e-01 
8.3187616380856055e-01 2.3840815975897139e-01 2.3273663784912435e-01 
8.3187616380856055e-01 2.3840815975897139e-01 2.3273663784912435e-01 
9.9671050437459530e-01 2.4425998601377211e-01 2.7186730437835027e-01 
9.9671050437459530e-01 2.4425998601377211e-01 2.7186730437835027e-01 
8.9741751396759550e-01 3.5605948959103040e-01 2.4854069646031368e-01 
8.9741751396759550e-01 3.5605948959103040e-01 2.4854069646031368e-01 
8.7940114085384702e-01 4.0051878122802625e-01 3.1058457425054115e-01 
9.9106909864216763e-01 4.2115012055003948e-01 3.8741421524208874e-01 
1.1058414587517404e+00 4.0264838330351227e-01 3.8387930630693429e-01 
1.1058414587517404e+00 4.0264838330351227e-01 3.8387930630693429e-01 
7.1753057380930596e-01 2.6774048780130166e-01 2.1777698969671352e-01 
7.5668734420015415e-01 3.5961640096101732e-01 2.8795771684141569e-01 
8.8988936385327078e-01 2.6928944993978143e-01 2.2078552273037277e-01 
8.8586285228324890e-01 2.8690504644811432e-01 2.5681793593092450e-01 
8.8586285228324890e-01 2.8690504644811432e-01 2.5681793593092450e-01 
8.8586285228324890e-01 2.8690504644811432e-01 2.5681793593092450e-01 
8.6719789133432112e-01 1.8502953267236444e-01 2.9123888624604310e-01 
7.4841481783231134e-01 1.6918151583707383e-01 2.5740304985695084e-01 
1.0325863228511774e+00 3.0619835679478313e-01 2.8438034190413825e-01 
8.4698976585940722e-01 2.6753011732046311e-01 2.4360335836378236e-01 
1.0325863228511774e+00 3.0619835679478313e-01 2.8438034190413825e-01 
1.0325863228511774e+00 3.0619835679478313e-01 2.8438034190413825e-01 
1.2492564371437851e+00 2.7763416244317007e-01 4.0448712501217893e-01 
1.2119505781939561e+00 5.2089124204681758e-01 4.0203624628167084e-01 
1.2055831060407276e+00 5.5356468936756054e-01 3.7543135957459878e-01 
1.2399911275323496e+00 5.6886852058146520e-01 3.8933982678627499e-01 
6.5502405511850026e-01 2.3292072495381283e-01 3.7964601811394177e-01 
5.8667714262001458e-01 1.7807836914287670e-01 3.0407924826741906e-01 
6.2133489502364891e-01 2.2394022896322791e-01 3.3094020330697121e-01 
9.6570873302641769e-01 2.9640302122461543e-01 3.3030335603192729e-01 
9.6570873302641769e-01 2.9640302122461543e-01 3.3030335603192729e-01 
7.0395516816271275e-01 1.9275986887993529e-01 2.5831762918424561e-01 
7.3190116877271227e-01 1.9891098127248114e-01 2.2499260086255696e-01 
9.7680457420236300e-01 1.8510492192434896e-01 2.6111578445630179e-01 
8.3817282030863627e-01 2.0192249778133142e-01 3.0787080671252898e-01 
9.7680457420236300e-01 1.8510492192434896e-01 2.6111578445630179e-01 
9.7680457420236300e-01 1.8510492192434896e-01 2.6111578445630179e-01 
9.7680457420236300e-01 1.8510492192434896e-01 2.6111578445630179e-01 
1.1225890285648852e+00 2.4526328615922721e-01 3.3975501939323594e-01 
8.4911582700414634e-01 2.3445290145828268e-01 2.5513950240555472e-01 
8.4911582700414634e-01 2.3445290145828268e-01 2.5513950240555472e-01 
8.4911582700414634e-01 2.3445290145828268e-01 2.5513950240555472e-01 
7.8676599611436349e-01 2.5886649355397889e-01 2.7825977898708631e-01 
7.3435321017599808e-01 1.3843260122334572e-01 2.1850000042740034e-01 
5.9578388740516075e-01 1.7388469769628251e-01 2.5277836286990407e-01 
5.9578388740516075e-01 1.7388469769628251e-01 2.5277836286990407e-01 
8.3349321522815245e-01 1.4892383579927645e-01 2.4968403908682146e-01 
8.3349321522815245e-01 1.4892383579927645e-01 2.4968403908682146e-01 
8.3349321522815245e-01 1.4892383579927645e-01 2.4968403908682146e-01 
8.3349321522815245e-01 1.4892383579927645e-01 2.4968403908682146e-01 
8.3349321522815245e-01 1.4892383579927645e-01 2.4968403908682146e-01 
8.4710064156702580e-01 1.3146605110086379e-01 2.0761557066672917e-01 
8.4710064156702580e-01 1.3146605110086379e-01 2.0761557066672917e-01 
8.4710064156702580e-01 1.3146605110086379e-01 2.0761557066672917e-01 
8.4710064156702580e-01 1.3146605110086379e-01 2.0761557066672917e-01 
8.4710064156702580e-01 1.3146605110086379e-01 2.0761557066672917e-01 
8.4710064156702580e-01 1.3146605110086379e-01 2.0761557066672917e-01 
8.4710064156702580e-01 1.3146605110086379e-01 2.0761557066672917e-01 
8.4710064156702580e-01 1.3146605110086379e-01 2.0761557066672917e-01 
8.4710064156702580e-01 1.3146605110086379e-01 2.0761557066672917e-01 
8.1519867791147194e-01 1.8197932039846132e-01 2.1652108808109208e-01 
8.1519867791147194e-01 1.8197932039846132e-01 2.1652108808109208e-01 
9.8061441517976222e-01 2.7698545905752081e-01 2.1060089953360200e-01 
9.8061441517976222e-01 2.7698545905752081e-01 2.1060089953360200e-01 
1.0408995258210099e+00 3.1384078281922351e-01 2.6121910800947357e-01 
1.0408995258210099e+00 3.1384078281922351e-01 2.6121910800947357e-01 
1.0454209590435133e+00 2.0391598033593464e-01 2.3787704989812300e-01 
1.0374603495333836e+00 5.8236163242329608e-01 4.1222243229467376e-01 
1.1493336296405949e+00 4.6316437233290020e-01 2.5149205932102242e-01 
1.1493336296405949e+00 4.6316437233290020e-01 2.5149205932102242e-01 
8.2491127700594968e-01 2.0874241348938283e-01 2.0374804976283839e-01 
1.2155576280608820e+00 4.2717702150324421e-01 3.2371238478223230e-01 
9.1568420882730273e-01 2.7336862575205262e-01 2.4335396863965028e-01 
8.7918217131032583e-01 1.2388754418595443e-01 2.6934859829344354e-01 
9.9448010015874455e-01 3.6995614760097445e-01 2.7737672892768239e-01 
1.1668644470580534e+00 3.6114335638519446e-01 2.7773368401267512e-01 
9.9448010015874455e-01 3.6995614760097445e-01 2.7737672892768239e-01 
8.8819984237781635e-01 2.6848975245196849e-01 3.4025903749194047e-01 
8.8819984237781635e-01 2.6848975245196849e-01 3.4025903749194047e-01 
9.7006188618254752e-01 3.7675414273916386e-01 3.5167422229253298e-01 
7.7789064206897574e-01 1.9950435598341229e-01 2.9983211061020598e-01 
7.7789064206897574e-01 1.9950435598341229e-01 2.9983211061020598e-01 
1.0818839682818442e+00 2.1730501235656957e-01 2.2121059454202077e-01 
1.0818839682818442e+00 2.1730501235656957e-01 2.2121059454202077e-01 
1.1030594897794468e+00 4.5247072546794909e-01 2.5434657720055631e-01 
1.0854434165571443e+00 4.5179879390113992e-01 2.5252127745056402e-01 
1.0854434165571443e+00 4.5179879390113992e-01 2.5252127745056402e-01 
1.0582172045421576e+00 5.8449822965172027e-01 2.9316760786832852e-01 
8.7753197137647820e-01 4.5312851920762065e-01 2.4831449054307186e-01 
9.2795106085130796e-01 3.5592751327087319e-01 2.4652912817888731e-01 
