ip_ml_5_rawChain_unified = zeros(1000,3);
ip_ml_5_rawChain_unified = [9.1900673618047719e+00 4.6988175498935592e+00 4.8101688141930532e-01 
4.8717987173360903e+01 7.9524712910150592e+00 4.0267734100505181e-01 
5.3238411175620669e+01 7.8391731786142174e+00 2.9332370603088309e-01 
9.1900673618047719e+00 4.6988175498935592e+00 4.8101688141930532e-01 
9.1900673618047719e+00 4.6988175498935592e+00 4.8101688141930532e-01 
9.0003107132669882e+01 4.9899642060211740e+00 9.5826917022027280e-01 
7.8459954504163477e+01 4.9805002330064365e+00 5.2022507344876412e-01 
6.4042932616185098e+01 5.2720599352927886e+00 9.3899424149275112e-01 
2.4274587818420599e+01 3.1751441300862777e+00 7.8338842149362209e-01 
2.4274587818420599e+01 3.1751441300862777e+00 7.8338842149362209e-01 
4.2494292106771283e+00 3.3584942155439905e+00 7.3146159738606609e-01 
4.2494292106771283e+00 3.3584942155439905e+00 7.3146159738606609e-01 
4.2494292106771283e+00 3.3584942155439905e+00 7.3146159738606609e-01 
2.9933913976912923e+01 6.8627764620155762e+00 1.1101855283986317e+00 
2.1748817268416984e+00 1.1830883483285606e+00 4.9438828894374998e-01 
2.1748817268416984e+00 1.1830883483285606e+00 4.9438828894374998e-01 
2.1748817268416984e+00 1.1830883483285606e+00 4.9438828894374998e-01 
2.1748817268416984e+00 1.1830883483285606e+00 4.9438828894374998e-01 
1.3474728264652621e+01 3.0715892884956557e+00 3.3670984616932104e-01 
5.0003679179138686e+01 4.9738346536309699e+00 9.7415463340004815e-01 
5.0003679179138686e+01 4.9738346536309699e+00 9.7415463340004815e-01 
3.9819054325392344e+01 8.4423281885330717e+00 1.1888748933406610e+00 
2.4512134069913820e+01 9.2447255566368423e+00 6.6049316169208017e-01 
5.5315552484526989e+01 6.5114177786680258e+00 3.2753019661737426e-01 
7.2761479362239257e+01 4.2893342212654311e+00 5.5422635543878163e-01 
7.2761479362239257e+01 4.2893342212654311e+00 5.5422635543878163e-01 
7.2761479362239257e+01 4.2893342212654311e+00 5.5422635543878163e-01 
1.9215740784637461e+01 4.8461418279309294e+00 2.3417113434233033e-01 
2.5716648873462781e+01 7.1242513763320208e+00 4.9406239787214662e-01 
6.1996967801071392e+01 5.0018176891340937e+00 7.8253620747312380e-01 
7.0449472109608934e+01 6.5565061474698156e+00 1.1811600563393723e+00 
7.0449472109608934e+01 6.5565061474698156e+00 1.1811600563393723e+00 
5.5250767749562229e+01 7.1921168864247900e+00 1.1873497229881231e+00 
5.5250767749562229e+01 7.1921168864247900e+00 1.1873497229881231e+00 
3.6131523521024860e+01 9.6880024915793932e+00 8.9996440530838540e-01 
2.5745190074143018e+01 7.2190724085850615e+00 6.3826469295385335e-01 
7.2187214867733289e+01 7.6966342746824834e+00 3.9740580186551100e-01 
7.2187214867733289e+01 7.6966342746824834e+00 3.9740580186551100e-01 
1.5508377592072087e+01 3.2992832520390638e+00 5.4133041466083109e-01 
1.5508377592072087e+01 3.2992832520390638e+00 5.4133041466083109e-01 
2.0642796278834538e+01 3.6621116672399969e+00 4.3411595469119579e-01 
3.6307431373712404e+01 5.1545071618987226e+00 6.0497369840125381e-01 
3.6307431373712404e+01 5.1545071618987226e+00 6.0497369840125381e-01 
6.1515936462944531e+01 4.6613375424448549e+00 6.2273340486350270e-01 
4.1914076140785269e+01 6.7783604324480002e+00 5.7372650834258654e-01 
1.5508377592072087e+01 3.2992832520390638e+00 5.4133041466083109e-01 
1.5508377592072087e+01 3.2992832520390638e+00 5.4133041466083109e-01 
1.5508377592072087e+01 3.2992832520390638e+00 5.4133041466083109e-01 
1.5508377592072087e+01 3.2992832520390638e+00 5.4133041466083109e-01 
1.7653215821678415e+01 9.2772342285567166e+00 8.6117281323374495e-01 
2.4635537760286269e+01 9.7165060265208716e+00 6.5850957142494515e-01 
7.5995771466144832e+00 3.3362189583652495e+00 3.7192411741661713e-01 
7.5995771466144832e+00 3.3362189583652495e+00 3.7192411741661713e-01 
6.8373139487572359e+01 4.2032525594008927e+00 2.8213413067521381e-01 
8.3865931189034782e+01 5.9542037696714312e+00 1.1443502012220208e+00 
6.1178951728322218e+01 5.5108174572853752e+00 9.0976563413111933e-01 
6.1178951728322218e+01 5.5108174572853752e+00 9.0976563413111933e-01 
7.8931194668598081e+01 7.3474757568389464e+00 1.1843434126377446e+00 
7.8931194668598081e+01 7.3474757568389464e+00 1.1843434126377446e+00 
4.0568319389540079e+01 5.4494823712264466e+00 1.1772963289149099e+00 
4.0568319389540079e+01 5.4494823712264466e+00 1.1772963289149099e+00 
4.0568319389540079e+01 5.4494823712264466e+00 1.1772963289149099e+00 
4.0568319389540079e+01 5.4494823712264466e+00 1.1772963289149099e+00 
4.0568319389540079e+01 5.4494823712264466e+00 1.1772963289149099e+00 
7.2085297319944473e+01 7.8600745764804305e+00 6.5828537020373989e-01 
3.9154422073207307e+01 5.5515493782287546e+00 6.8160835336982184e-01 
9.3283637111378511e+01 5.3872893213588737e+00 6.5293098200095212e-01 
9.3283637111378511e+01 5.3872893213588737e+00 6.5293098200095212e-01 
9.3283637111378511e+01 5.3872893213588737e+00 6.5293098200095212e-01 
9.3283637111378511e+01 5.3872893213588737e+00 6.5293098200095212e-01 
7.1838811577017353e+01 5.8167084720578472e+00 1.1733229253274473e+00 
4.3952350745045379e+01 5.4081472557240540e+00 9.6524806319607281e-01 
7.1838811577017353e+01 5.8167084720578472e+00 1.1733229253274473e+00 
1.6973509676049940e+01 4.1139343815082716e+00 4.1754830749654376e-01 
4.2276044809904754e+01 5.7300831784736292e+00 3.7906051123612794e-01 
6.4640508172112504e+01 5.4882838202777879e+00 1.0120547170029766e+00 
6.4640508172112504e+01 5.4882838202777879e+00 1.0120547170029766e+00 
8.6639150542074034e+01 5.4230890520471284e+00 8.8141116813527209e-01 
8.6639150542074034e+01 5.4230890520471284e+00 8.8141116813527209e-01 
8.6639150542074034e+01 5.4230890520471284e+00 8.8141116813527209e-01 
8.6639150542074034e+01 5.4230890520471284e+00 8.8141116813527209e-01 
6.4732658504774335e+01 4.1732568788411690e+00 8.5716414851948064e-01 
9.9871040457861639e+01 4.3493070022765501e+00 6.2895345806101799e-01 
9.9871040457861639e+01 4.3493070022765501e+00 6.2895345806101799e-01 
9.3562256205705481e+01 4.0976853498170742e+00 5.3670811687079700e-01 
9.3562256205705481e+01 4.0976853498170742e+00 5.3670811687079700e-01 
9.3562256205705481e+01 4.0976853498170742e+00 5.3670811687079700e-01 
3.6956203923741526e+01 5.1698633927175290e+00 7.7156267832379133e-01 
3.6956203923741526e+01 5.1698633927175290e+00 7.7156267832379133e-01 
2.6642632784224865e+01 4.9204622886480625e+00 6.9659502943269413e-01 
2.6642632784224865e+01 4.9204622886480625e+00 6.9659502943269413e-01 
4.2484194325091750e+01 7.7578900520943801e+00 1.0257871301930948e+00 
1.8321087751553559e+01 2.3759542218278886e+00 3.3679793387239770e-01 
1.8321087751553559e+01 2.3759542218278886e+00 3.3679793387239770e-01 
1.8321087751553559e+01 2.3759542218278886e+00 3.3679793387239770e-01 
7.0602651316738267e+00 1.9653619442119965e+00 5.6846140012146518e-01 
7.0602651316738267e+00 1.9653619442119965e+00 5.6846140012146518e-01 
1.8321087751553559e+01 2.3759542218278886e+00 3.3679793387239770e-01 
1.8321087751553559e+01 2.3759542218278886e+00 3.3679793387239770e-01 
1.8321087751553559e+01 2.3759542218278886e+00 3.3679793387239770e-01 
1.8321087751553559e+01 2.3759542218278886e+00 3.3679793387239770e-01 
1.8321087751553559e+01 2.3759542218278886e+00 3.3679793387239770e-01 
3.4402434947492431e+01 2.8944485072564929e+00 4.3105447286718990e-01 
3.4402434947492431e+01 2.8944485072564929e+00 4.3105447286718990e-01 
1.8321087751553559e+01 2.3759542218278886e+00 3.3679793387239770e-01 
1.8034194670146082e+01 4.3746343522458790e+00 4.9457888608278688e-01 
1.8034194670146082e+01 4.3746343522458790e+00 4.9457888608278688e-01 
6.9366473636288717e+01 6.4321198827993324e+00 5.7437766229011944e-01 
1.7698124430715012e+01 3.2383800536250775e+00 4.4645483431100053e-01 
1.7698124430715012e+01 3.2383800536250775e+00 4.4645483431100053e-01 
6.8144386703018625e+01 5.6211857800458818e+00 7.8465439992843300e-01 
1.6637402557918136e+01 2.7629726362799643e+00 4.5939738548175957e-01 
6.1433758776873127e+01 4.2723794360220797e+00 8.1374799819236499e-01 
