ip_ml_6_rawLogLikelihood_unified = zeros(1000,1);
ip_ml_6_rawLogLikelihood_unified = [-33.3736
-33.4431
-34.3981
-34.9119
-30.5866
-30.5866
-30.5866
-30.5866
-30.5866
-30.5866
-30.5866
-34.2138
-34.2138
-33.3056
-33.8373
-34.134
-35.7704
-36.9339
-36.9339
-36.5158
-33.5633
-33.5633
-33.6887
-33.6887
-33.3271
-33.3241
-34.4439
-34.9403
-34.9403
-36.8378
-36.8113
-36.7162
-32.9896
-34.1773
-34.1773
-33.9233
-34.719
-34.7798
-33.7591
-36.7641
-34.5401
-34.9881
-33.5001
-33.5001
-33.7113
-33.7113
-33.7113
-33.6863
-34.3947
-34.3947
-33.8637
-33.2579
-33.4832
-33.3088
-33.3088
-35.1568
-34.5606
-34.8245
-34.5606
-33.8465
-33.8465
-33.3442
-33.5792
-32.9282
-32.9282
-36.425
-36.425
-33.3885
-33.3885
-33.4806
-33.5463
-33.5463
-33.5463
-33.5463
-34.0264
-33.3764
-33.3764
-33.3764
-33.255
-33.4642
-33.2163
-33.1894
-33.1894
-33.2713
-34.0185
-32.5895
-32.5895
-32.8233
-33.2713
-31.8904
-31.8904
-31.4786
-33.8629
-33.8629
-33.8629
-33.2713
-31.5198
-31.4735
-31.4735
-33.1132
-33.1132
-34.5577
-32.6202
-32.6202
-31.1646
-31.1646
-31.1646
-31.1646
-31.1646
-31.1646
-31.1646
-31.1646
-31.1646
-31.1646
-31.1646
-31.1646
-31.1646
-31.1646
-31.1646
-31.1646
-31.1646
-35.2078
-35.0253
-33.0813
-33.0813
-33.2039
-33.2039
-33.2039
-32.7257
-32.571
-33.5267
-33.1156
-33.1156
-33.086
-33.0247
-35.5586
-35.434
-36.3642
-36.0221
-36.4483
-33.3447
-33.3447
-34.2682
-35.5639
-36.337
-36.6166
-36.7458
-34.9035
-34.9035
-36.6636
-36.7902
-35.2794
-34.7773
-35.2756
-32.6519
-32.6519
-34.262
-32.6519
-32.6519
-32.6519
-32.6519
-32.6519
-32.1882
-32.1882
-36.9968
-36.9968
-36.8457
-36.8457
-36.4118
-36.7555
-33.5167
-33.1177
-33.2377
-34.2875
-33.2377
-33.315
-33.315
-33.0956
-32.9046
-32.9046
-33.6337
-33.2622
-33.2622
-33.311
-33.2622
-33.2622
-33.6766
-33.1929
-33.5485
-33.8858
-33.8858
-33.3911
-33.2808
-33.2808
-33.0166
-33.7875
-33.7875
-32.7391
-33.1264
-33.2312
-32.6806
-32.6806
-33.929
-32.6806
-32.6806
-35.4364
-35.6812
-34.6938
-34.6938
-33.1363
-34.4799
-33.9561
-33.4041
-33.7312
-33.7312
-33.3333
-33.2351
-36.3079
-33.6101
-33.6101
-33.6101
-33.6101
-33.9723
-33.7842
-33.7842
-34.3567
-34.3567
-36.8363
-36.4971
-36.1283
-36.4543
-36.3994
-33.4026
-33.2709
-36.4718
-36.9546
-34.5611
-32.9465
-32.7723
-36.3258
-34.6992
-35.3771
-36.9896
-33.5158
-33.5158
-35.3384
-35.3384
-33.69
-34.1089
-32.9745
-35.8587
-34.9549
-34.2514
-33.8599
-32.8682
-32.8682
-33.2163
-35.7317
-33.6955
-32.8884
-32.8884
-32.8884
-35.4873
-33.4754
-33.4754
-33.4754
-33.4754
-33.4754
-34.4133
-36.4587
-33.4045
-33.4069
-33.4069
-33.4987
-33.4069
-32.7812
-32.6342
-34.3786
-34.3786
-35.6721
-35.6278
-34.0649
-34.0649
-33.2388
-33.5163
-33.4635
-33.635
-33.635
-33.4635
-33.3167
-33.3167
-33.3167
-33.6398
-33.6398
-34.9181
-33.4243
-33.4893
-33.4893
-33.4233
-33.732
-35.4462
-35.4462
-33.7859
-34.8885
-35.5501
-33.2177
-33.4097
-32.7217
-36.411
-36.5847
-33.1855
-33.1746
-36.8652
-33.6751
-35.066
-35.066
-34.9453
-35.7198
-35.0845
-35.7855
-35.7073
-33.9505
-35.818
-36.5372
-33.1059
-33.1059
-33.4648
-33.4648
-33.6628
-34.3069
-33.5309
-33.8697
-33.7474
-33.6518
-34.5655
-32.8809
-33.1754
-35.2184
-33.4145
-33.2514
-34.8929
-33.539
-33.3084
-33.3084
-33.6631
-34.4363
-36.5484
-36.3393
-34.4012
-34.0014
-33.0208
-33.0208
-31.9565
-35.4084
-33.3512
-33.3512
-33.037
-33.1736
-33.0463
-35.3311
-35.3311
-32.993
-31.8305
-31.8305
-36.7501
-36.9589
-32.8733
-32.9479
-32.8733
-36.0511
-36.0511
-36.5781
-36.0511
-34.058
-34.058
-35.0515
-36.9082
-33.8355
-33.8355
-35.1598
-35.1598
-34.2726
-32.9324
-32.9324
-33.0729
-32.9868
-34.7885
-34.5722
-32.9324
-32.9324
-32.9324
-32.9324
-34.158
-33.5427
-33.0747
-33.9598
-33.5085
-33.85
-33.5085
-34.1413
-33.5091
-36.9249
-34.3094
-32.4771
-32.3718
-32.3718
-32.4771
-32.4771
-33.726
-33.726
-33.8895
-33.8895
-33.8895
-33.7464
-34.7413
-34.7413
-35.4489
-33.2055
-34.6542
-33.6421
-36.9365
-36.5056
-36.0375
-33.7121
-33.7121
-33.6269
-32.7547
-32.7547
-33.2717
-33.4901
-33.4901
-33.9254
-33.9254
-33.7523
-34.1021
-34.8506
-33.403
-34.3922
-33.3077
-34.3289
-35.03
-31.8902
-33.9172
-32.4827
-33.2921
-32.7819
-32.7819
-32.8923
-33.1089
-33.1089
-33.1089
-35.8141
-33.7556
-35.8021
-34.6471
-32.6364
-33.3167
-32.7999
-32.7999
-32.7999
-36.0023
-34.171
-33.4122
-34.1469
-36.5079
-33.1833
-34.4781
-33.4145
-33.2795
-33.3385
-33.2723
-35.1519
-33.6808
-30.274
-30.274
-30.274
-30.274
-30.274
-34.0426
-34.002
-34.3689
-33.4131
-34.5931
-33.2734
-34.007
-33.3534
-36.6845
-33.5339
-33.6692
-35.1218
-34.8163
-35.1218
-33.3953
-33.4273
-34.0572
-36.3639
-33.6183
-36.4312
-33.7224
-34.2784
-32.6364
-32.6364
-32.9287
-32.1992
-33.0247
-33.5341
-36.4016
-36.558
-36.1642
-36.0815
-35.7482
-36.4512
-36.4512
-33.0324
-33.0324
-33.0324
-33.0324
-35.6013
-35.6013
-34.5162
-34.5162
-33.9172
-33.5935
-33.1785
-33.4595
-33.4595
-30.274
-30.274
-30.274
-30.274
-30.274
-30.274
-30.274
-30.274
-30.274
-30.274
-30.274
-30.274
-30.274
-30.274
-30.274
-30.274
-30.274
-28.6532
-28.6532
-28.6532
-28.6532
-30.274
-30.274
-30.274
-30.274
-30.274
-30.274
-30.9977
-30.9977
-30.274
-30.274
-30.274
-30.274
-30.274
-30.274
-30.274
-30.274
-30.274
-30.274
-30.274
-30.274
-30.274
-30.274
-30.274
-30.274
-30.274
-30.274
-30.274
-30.274
-30.274
-30.274
-30.274
-30.274
-30.274
-30.274
-30.274
-29.2303
-29.2303
-29.2303
-30.274
-30.274
-30.274
-30.274
-34.4891
-33.4141
-33.4141
-33.4141
-33.5503
-34.2667
-33.5503
-33.5503
-33.5503
-33.5503
-33.5503
-33.5503
-33.5503
-33.5503
-33.5503
-33.5503
-33.5503
-33.5503
-33.5503
-33.6502
-33.1508
-33.566
-35.4984
-34.5521
-34.0967
-33.1504
-33.3059
-33.3059
-33.3059
-36.0747
-32.8888
-32.8888
-35.9624
-36.0971
-30.4129
-30.4129
-30.4129
-30.4129
-30.4129
-30.4129
-30.4129
-30.4129
-34.4208
-36.8153
-35.9873
-34.124
-34.1473
-34.0255
-34.0255
-33.4367
-33.6392
-31.4069
-31.4069
-31.4069
-31.4069
-31.4069
-32.1187
-32.1187
-32.1187
-32.1187
-32.1187
-31.4069
-31.4069
-32.6822
-32.8053
-32.8053
-31.4069
-33.4371
-32.7716
-32.7716
-33.4404
-31.4069
-31.4069
-31.4069
-31.4069
-31.4069
-31.4069
-31.4069
-31.4069
-31.4069
-31.4069
-31.4069
-31.4069
-31.4069
-33.3124
-33.2811
-36.9214
-36.9214
-34.8908
-34.8908
-34.6704
-34.0197
-32.8749
-36.8782
-36.8856
-30.2703
-32.7212
-32.7212
-34.5415
-34.5415
-33.5204
-33.599
-33.5699
-34.0833
-33.6641
-33.6641
-32.886
-32.886
-33.6773
-34.1873
-32.3705
-33.75
-34.481
-34.481
-35.0156
-33.1946
-33.5192
-33.1066
-33.1066
-35.5192
-36.8139
-33.0679
-32.451
-32.451
-33.2307
-31.8178
-31.8178
-31.8178
-31.8178
-31.8178
-31.8178
-31.8178
-31.8178
-32.9346
-32.9594
-32.7974
-33.5875
-34.1232
-32.0675
-32.0675
-32.0675
-34.0065
-33.2424
-34.1499
-33.3871
-33.1189
-33.1189
-33.4577
-32.7246
-33.0143
-34.0197
-33.1142
-33.1142
-33.7742
-35.9193
-36.1225
-34.8922
-34.3142
-33.3595
-33.3595
-34.0529
-33.8643
-35.4319
-34.002
-34.002
-34.002
-32.8713
-32.9092
-33.1663
-32.7652
-32.6997
-32.6997
-34.0943
-33.0556
-33.9577
-33.9577
-33.5676
-33.4135
-33.219
-33.7993
-33.9061
-33.7993
-33.7993
-33.223
-33.2081
-33.2819
-33.2819
-33.4273
-33.8365
-33.2026
-33.2026
-33.4273
-33.7355
-33.4076
-32.28
-32.3983
-34.5992
-34.8378
-34.2784
-35.9948
-35.8313
-34.0648
-33.4351
-33.4351
-33.388
-34.0648
-34.1917
-34.1917
-33.7835
-33.7835
-33.5488
-34.7159
-33.75
-33.5076
-33.8715
-33.8715
-33.1914
-34.2423
-34.858
-33.1664
-32.785
-32.7819
-32.6792
-32.6792
-32.7819
-34.2693
-33.2207
-33.1266
-32.3232
-33.0612
-33.5098
-33.3712
-33.5712
-33.0169
-33.3163
-33.1089
-33.1089
-32.3842
-32.8803
-32.8803
-33.5159
-32.6814
-32.6814
-33.1311
-33.1311
-33.5271
-33.2157
-33.6016
-34.5504
-32.5212
-32.5212
-33.1391
-32.8636
-33.1342
-33.7655
-33.6099
-33.4208
-33.4253
-33.4253
-33.7446
-32.856
-33.4658
-32.6103
-32.6103
-31.6543
-31.6543
-31.6543
-32.0467
-31.6543
-31.6543
-31.6543
-31.6543
-31.6543
-33.5797
-33.5797
-34.3227
-33.5514
-33.5514
-31.6543
-31.6543
-31.6543
-31.6543
-32.2683
-31.6543
-31.1328
-31.6543
-31.6543
-31.6543
-31.6543
-31.6543
-31.6543
-31.6543
-31.6543
-31.6543
-31.6543
-33.4008
-33.4008
-31.6543
-34.4411
-34.4411
-31.6543
-31.6543
-31.6543
-31.6543
