ip_ml_13_rawLogTarget_unified = zeros(1000,1);
ip_ml_13_rawLogTarget_unified = [-76.8336
-76.6624
-78.7022
-77.6347
-76.9729
-75.8168
-76.7688
-76.5193
-78.3478
-76.3387
-76.5239
-77.5518
-78.1844
-76.4386
-75.9938
-76.1874
-76.1874
-76.5556
-76.4581
-75.7784
-75.7784
-78.2844
-76.7395
-76.7395
-76.8288
-76.8288
-77.3477
-76.7867
-76.2721
-76.2721
-76.5325
-76.6787
-77.0518
-77.4298
-78.8599
-78.3217
-79.6569
-79.6569
-79.3782
-77.8903
-78.0525
-77.9117
-77.7027
-77.5735
-77.2823
-77.8384
-77.9117
-77.5166
-77.3287
-76.998
-77.0197
-77.0197
-82.7501
-82.9007
-83.5118
-82.1012
-82.1012
-83.1631
-75.4882
-75.4882
-75.2013
-74.9678
-75.088
-75.486
-75.486
-76.143
-75.891
-75.8024
-75.4882
-75.4882
-75.0527
-75.0527
-75.6232
-75.6232
-75.4606
-74.6703
-74.6703
-74.6703
-74.8407
-74.8407
-74.9396
-75.8096
-75.5369
-75.5369
-75.5369
-74.9479
-74.4323
-75.5353
-78.6844
-78.6844
-75.6598
-75.6598
-76.3532
-74.836
-74.836
-74.836
-79.3874
-78.6816
-76.2922
-76.2922
-76.6272
-75.9054
-75.866
-75.866
-73.2612
-73.4397
-72.5384
-72.5384
-69.8911
-69.8911
-69.8911
-70.8573
-75.068
-76.8775
-75.3738
-75.0153
-75.0153
-75.0153
-74.3414
-74.3414
-74.5373
-76.5676
-76.6459
-77.8991
-71.0774
-71.0774
-70.2246
-70.2246
-72.8675
-73.3836
-72.411
-71.8239
-71.8239
-71.8239
-71.752
-71.752
-71.752
-75.5468
-75.5468
-74.7744
-75.0604
-75.7233
-75.5907
-69.8119
-69.8119
-69.9945
-69.9945
-69.9945
-72.0104
-74.4486
-74.4486
-73.5362
-72.4712
-72.4712
-72.4712
-75.4601
-75.4601
-72.62
-72.62
-72.6479
-72.6479
-76.0951
-80.4152
-80.8907
-73.6354
-71.0774
-71.0774
-70.8018
-71.883
-70.9246
-70.9246
-70.9246
-71.8082
-71.8082
-71.0774
-71.0774
-71.0774
-70.9976
-71.0774
-71.0096
-71.0096
-74.8478
-74.6682
-74.5169
-73.1423
-72.7581
-72.2614
-72.2614
-72.2614
-72.2614
-72.2614
-72.2614
-73.58
-77.9272
-71.0774
-71.7335
-71.7335
-71.0774
-71.0774
-71.0774
-71.0774
-71.0774
-71.0774
-70.2317
-73.047
-73.047
-71.0068
-71.8895
-70.2736
-70.3094
-71.0774
-75.699
-75.699
-69.8635
-78.1013
-76.4142
-72.6479
-72.442
-72.442
-72.442
-83.5055
-82.7134
-76.374
-73.2612
-73.2612
-72.2189
-74.4077
-72.1279
-71.1729
-71.0774
-71.1953
-72.0562
-71.0774
-71.0774
-71.0774
-71.0774
-71.0164
-70.8216
-74.3788
-71.0774
-70.7813
-71.0774
-71.2495
-71.2495
-71.0774
-76.2059
-71.9653
-71.7401
-72.6941
-70.0715
-84.4748
-84.7528
-76.8203
-76.8203
-76.374
-76.1643
-76.7181
-77.0444
-76.657
-83.5733
-82.7535
-82.7535
-80.3509
-75.0803
-75.0803
-75.2369
-76.6017
-76.4335
-75.3666
-75.4882
-75.8159
-74.7665
-74.8673
-76.0448
-74.2487
-85.7239
-83.5652
-76.5687
-83.2885
-77.3123
-77.7716
-82.4235
-75.9297
-75.7224
-75.4498
-75.3055
-74.8101
-75.4498
-75.7189
-75.6759
-75.4882
-75.4882
-76.3374
-74.3926
-74.3926
-74.3926
-74.3926
-74.3926
-74.3926
-74.3926
-75.4837
-74.1111
-78.2668
-71.0774
-71.0774
-70.2892
-71.0774
-71.0774
-71.0774
-71.2608
-70.3084
-71.4198
-71.4198
-71.6026
-71.6026
-71.6026
-71.0774
-71.0081
-71.0774
-71.0774
-71.0774
-75.5316
-75.8938
-76.3204
-76.4036
-78.0213
-74.5534
-75.3325
-75.6093
-72.8695
-72.0064
-72.0064
-72.0064
-71.754
-71.754
-73.6946
-71.2213
-71.2213
-71.2213
-71.6349
-71.6349
-71.6349
-71.6349
-71.6349
-71.6043
-73.0527
-73.2041
-73.3333
-73.3333
-73.3333
-74.4666
-74.4666
-77.7292
-75.9861
-75.9861
-75.5553
-71.7496
-71.7496
-71.7496
-72.1534
-72.1534
-80.746
-71.478
-71.6233
-74.1153
-71.4309
-70.1145
-70.1145
-71.8325
-71.8325
-70.6158
-71.8325
-69.9251
-75.4802
-75.4882
-76.1223
-75.4882
-75.4882
-70.4741
-70.4741
-72.1409
-72.1409
-71.7816
-71.7816
-71.7816
-70.5665
-70.5665
-70.1763
-70.1976
-70.1976
-70.1642
-71.0774
-71.2053
-71.2053
-72.1062
-73.4427
-73.4427
-74.7741
-74.7741
-72.7161
-72.7161
-72.7161
-72.7161
-72.2
-71.4726
-71.9209
-71.9209
-71.5943
-71.9323
-71.7215
-71.7215
-71.9323
-71.5943
-70.8922
-70.8922
-70.6466
-70.6466
-71.5943
-73.4779
-73.4779
-75.4864
-75.3425
-74.9348
-75.7444
-74.926
-74.469
-75.2711
-75.2711
-75.2711
-74.201
-74.0381
-74.9499
-74.9499
-74.9499
-74.9499
-74.7692
-72.4375
-72.4375
-72.7868
-72.7868
-73.9863
-73.9863
-73.1384
-73.1384
-73.1384
-73.1384
-73.1384
-71.8959
-71.18
-71.18
-71.636
-72.0641
-71.0774
-71.0774
-71.4453
-71.4453
-71.6638
-70.5841
-71.0774
-71.0774
-71.0774
-70.5896
-70.5896
-70.5896
-70.5896
-70.5896
-69.7299
-73.3269
-72.9119
-72.9783
-72.7512
-74.0688
-75.3494
-73.0529
-73.0529
-75.6496
-75.6496
-72.4712
-72.4712
-72.4712
-72.4712
-72.4712
-72.4712
-69.9854
-69.9854
-72.5885
-72.5885
-71.6092
-71.6092
-72.7115
-78.483
-70.3672
-70.3672
-75.4882
-75.4433
-75.1322
-72.8352
-71.7599
-71.9662
-72.072
-73.3382
-73.3382
-72.5574
-72.5574
-72.5574
-72.5574
-72.2189
-72.2189
-72.2189
-72.2189
-72.2189
-74.4077
-74.4077
-75.591
-75.591
-72.0624
-71.7138
-71.0774
-71.0774
-70.8726
-70.8726
-72.4482
-72.4482
-72.1857
-71.3984
-71.0774
-71.0774
-71.0774
-71.0774
-72.6065
-70.6762
-70.6762
-73.6784
-73.6784
-71.3788
-71.3523
-71.2491
-71.2491
-71.9392
-71.9392
-70.7802
-70.7802
-70.7802
-70.9429
-70.9429
-70.9429
-70.9429
-69.4544
-69.4544
-69.9839
-69.9839
-71.0774
-71.0774
-71.0774
-71.0774
-71.0774
-71.0774
-71.0774
-71.0774
-71.7369
-72.3708
-72.4553
-74.8775
-71.8485
-71.8485
-71.0774
-71.0957
-71.0774
-71.0774
-70.692
-70.692
-71.0774
-71.0774
-71.0774
-70.8684
-70.8684
-70.8684
-72.1871
-70.739
-70.739
-70.9447
-70.9447
-70.4969
-70.4969
-70.4969
-72.2304
-72.2304
-75.0034
-75.0034
-75.0034
-70.6545
-70.6545
-71.0774
-71.0774
-70.7389
-70.7389
-70.7389
-70.7389
-70.4497
-70.4497
-70.4497
-71.9835
-71.9548
-71.0774
-72.8461
-72.8461
-71.0774
-71.0774
-71.9896
-71.9896
-71.1716
-71.1716
-71.6046
-71.6046
-71.0774
-70.4453
-70.4453
-70.4453
-71.0774
-71.0774
-70.6535
-70.6535
-71.0774
-71.0774
-70.3642
-71.2288
-70.3642
-70.3642
-71.5329
-71.5329
-71.5329
-71.0774
-71.0774
-70.8392
-70.8392
-70.8392
-71.2495
-71.5246
-70.0278
-70.0278
-70.0278
-70.0278
-70.0278
-71.5611
-70.0278
-70.0278
-71.0774
-71.2758
-74.8684
-74.8684
-73.3333
-73.3333
-73.3333
-75.2755
-75.2755
-73.0244
-72.3351
-72.0427
-71.9028
-71.9028
-70.0681
-70.0681
-71.7401
-71.7401
-74.9609
-74.9609
-74.9609
-71.3416
-72.1716
-72.1716
-72.6479
-71.8386
-71.8386
-71.5052
-70.9849
-72.6941
-73.1251
-72.2286
-73.6015
-73.7754
-74.8342
-74.8342
-75.1863
-75.0739
-72.6479
-72.6479
-72.6479
-71.7158
-72.8253
-72.6479
-72.6479
-72.6479
-72.6479
-72.6479
-72.6479
-72.6479
-72.6479
-72.6479
-74.0006
-72.6479
-72.6479
-70.8225
-70.8225
-71.6548
-71.6548
-71.5921
-72.6554
-72.5412
-71.5839
-70.9095
-72.6479
-71.5436
-71.5436
-71.3864
-71.3864
-72.3953
-72.3953
-72.6479
-72.6479
-71.8556
-71.8556
-70.5921
-70.5921
-75.8599
-79.0704
-79.6452
-79.5001
-79.679
-78.0619
-78.2946
-77.8898
-78.8186
-78.1514
-77.8516
-78.0156
-77.3744
-79.3454
-79.5605
-78.6997
-78.4586
-82.3509
-82.4263
-82.5257
-82.0211
-81.3881
-81.3881
-84.7311
-85.5202
-81.3921
-80.4157
-84.2444
-83.4644
-81.7021
-81.745
-83.022
-79.2936
-78.0442
-78.0204
-76.777
-76.777
-77.006
-76.627
-76.627
-77.5081
-77.4284
-77.4284
-77.6451
-77.5928
-78.8319
-79.2835
-78.8319
-77.7956
-77.7956
-77.8307
-77.7722
-80.0358
-79.3096
-78.8952
-79.0352
-79.3194
-79.4408
-79.1706
-79.7058
-79.5551
-78.312
-78.8173
-79.8429
-75.8705
-75.8705
-77.623
-75.72
-75.72
-75.72
-74.7786
-76.6206
-77.7774
-76.727
-76.7282
-76.9589
-77.0849
-77.9137
-77.4861
-79.0906
-78.5443
-76.9668
-77.4131
-77.9574
-78.2397
-78.2056
-76.5491
-76.9765
-76.9765
-77.1332
-81.2094
-81.1886
-83.5005
-78.4438
-78.0737
-79.0318
-81.8884
-81.0636
-81.3897
-81.2834
-84.1121
-73.3333
-73.3333
-71.4063
-71.6806
-77.9986
-74.1994
-73.2407
-73.2407
-75.4882
-75.4882
-75.348
-77.0259
-75.5695
-74.6826
-72.6479
-72.5174
-73.7174
-73.2993
-71.9242
-72.2794
-71.5478
-71.5478
-73.0631
-73.0631
-72.1012
-70.943
-71.8721
-71.8721
-69.476
-69.8937
-69.8937
-69.8937
-69.8937
-69.8937
-69.7806
-69.7806
-69.7806
-69.7806
-70.4946
-69.4527
-69.4527
-69.7806
-77.2017
-72.6696
-69.9328
-75.9303
-71.8266
-76.1146
-76.6557
-76.6557
-75.3453
-75.3453
-74.4008
-74.8402
-71.0774
-71.2007
-71.0774
-71.0774
-71.0774
-71.0774
-71.0774
-71.0774
-71.0774
-71.0774
