ip_ml_19_rawLogLikelihood_unified = zeros(1000,1);
ip_ml_19_rawLogLikelihood_unified = [-232.461
-232.461
-232.499
-232.499
-232.31
-232.31
-232.5
-233.362
-232.199
-232.891
-232.891
-232.253
-232.253
-234.226
-234.226
-234.158
-234.158
-232.129
-232.129
-232.729
-236.179
-232.718
-232.523
-232.523
-232.523
-232.715
-232.69
-233.913
-233.913
-235.689
-234.233
-233.892
-233.892
-233.892
-237.234
-235.313
-234.969
-234.969
-234.969
-233.64
-234.448
-234.448
-234.12
-234.49
-235.268
-235.268
-233.407
-232.084
-232.084
-232.084
-233.677
-233.677
-234.995
-234.995
-233.545
-233.545
-232.146
-232.146
-232.146
-232.33
-232.117
-232.117
-232.558
-232.393
-232.393
-232.393
-232.226
-232.706
-232.706
-232.226
-232.226
-232.226
-232.226
-232.226
-232.226
-233.246
-232.226
-232.226
-232.226
-232.226
-232.226
-232.226
-232.226
-232.226
-232.226
-232.226
-232.226
-232.226
-232.475
-233.422
-233.404
-233.404
-232.45
-232.45
-232.45
-232.45
-232.226
-232.226
-232.226
-232.226
-232.226
-232.112
-232.112
-232.112
-232.112
-232.112
-232.112
-232.637
-232.253
-232.253
-232.253
-232.607
-232.607
-235.419
-233.635
-237.306
-233.448
-233.448
-232.618
-233.565
-233.565
-232.271
-236.919
-234.812
-234.812
-232.741
-233.408
-233.314
-233.314
-232.746
-234.261
-234.391
-234.946
-236.082
-236.426
-237.901
-237.901
-238.996
-236.282
-234.532
-236.128
-235.731
-235.731
-235.731
-235.731
-237.776
-237.673
-235.956
-237.578
-235.232
-235.582
-235.582
-235.589
-237.828
-237.828
-237.828
-232.092
-232.413
-232.313
-233.864
-233.022
-234.621
-234.621
-233.866
-235.854
-234.721
-234.109
-232.84
-232.801
-232.464
-234.109
-232.549
-234.274
-240.912
-235.861
-233.458
-233.458
-235.367
-235.367
-236.996
-236.996
-238.242
-235.506
-233.153
-233.153
-233.392
-233.392
-232.338
-236.303
-238.99
-233.984
-232.645
-233.051
-233.511
-234.233
-236.74
-234.625
-234.571
-232.752
-236.069
-232.91
-232.717
-232.717
-232.717
-232.362
-233.053
-233.55
-233.55
-232.187
-232.853
-232.84
-232.84
-232.485
-232.485
-235.662
-236.878
-233.372
-233.372
-233.372
-233.372
-233.372
-233.372
-232.258
-233.314
-233.581
-235.127
-235.127
-232.417
-232.417
-235.038
-235.347
-233.267
-233.267
-234.184
-232.591
-232.591
-233.033
-232.632
-233.538
-233.845
-234.421
-233.357
-233.357
-233.314
-233.014
-232.229
-232.229
-232.229
-232.229
-232.229
-232.376
-232.376
-232.076
-232.934
-232.631
-232.506
-235.049
-235.685
-235.685
-233.374
-233.62
-233.684
-233.615
-233.615
-233.684
-233.251
-234.915
-234.036
-235.312
-234.117
-236.839
-238.025
-234.498
-235.763
-235.763
-232.341
-232.792
-232.292
-233.057
-234.133
-234.133
-234.068
-233.597
-233.597
-232.673
-232.673
-232.127
-232.207
-233.531
-233.62
-232.366
-235.033
-235.033
-235.033
-235.033
-233.772
-233.772
-233.516
-232.752
-233.659
-233.571
-233.571
-233.571
-233.571
-236.27
-233.142
-233.207
-233.293
-236.958
-235.953
-239.893
-237.475
-236.272
-235.687
-235.743
-235.743
-236.915
-233.482
-235.065
-235.576
-235.659
-234.022
-233.28
-233.28
-233.376
-233.376
-233.654
-235.045
-235.045
-235.045
-235.045
-237.193
-233.647
-236.358
-236.358
-236.358
-236.358
-238.147
-237.569
-236.541
-233.46
-232.241
-234.556
-233.975
-232.302
-232.481
-232.208
-232.208
-233.111
-232.911
-233.866
-233.476
-233.476
-233.541
-232.249
-232.249
-232.249
-233.346
-233.086
-232.148
-232.148
-232.148
-232.148
-232.484
-232.148
-232.237
-232.237
-232.237
-232.237
-232.237
-232.339
-232.339
-232.339
-232.339
-232.235
-232.235
-233.476
-233.476
-233.476
-234.362
-233.332
-235.179
-233.564
-233.253
-233.253
-233.253
-234.956
-232.79
-235.4
-236.486
-236.805
-232.663
-232.663
-232.739
-232.739
-232.111
-232.111
-232.111
-236.275
-236
-236
-238.102
-234.05
-232.122
-232.967
-234.052
-234.052
-234.052
-233.367
-233.367
-236.584
-238.538
-238.536
-236.329
-235.205
-236.474
-235.445
-237.556
-235.225
-235.242
-235.035
-234.58
-234.943
-237.335
-235.939
-233.324
-233.543
-233.789
-233.789
-233.276
-233.276
-232.651
-232.651
-233.553
-232.156
-233.156
-233.156
-234.081
-236.838
-233.667
-233.667
-233.667
-233.668
-233.668
-234.049
-232.491
-233.421
-232.331
-232.331
-232.331
-234.589
-234.589
-236.769
-235.866
-235.494
-232.347
-232.347
-232.38
-232.38
-237.013
-237.013
-233.323
-235.61
-232.666
-232.666
-232.666
-232.17
-233.25
-233.25
-233.581
-233.581
-233.581
-233.581
-233.581
-237.89
-237.89
-232.265
-232.242
-232.242
-240.809
-233.866
-234.165
-234.035
-234.158
-234.789
-233.87
-232.076
-232.076
-233.564
-234.158
-235.264
-235.264
-234.168
-233.797
-235.483
-235.483
-235.255
-235.255
-237.396
-232.888
-233.551
-233.551
-233.551
-233.551
-235.612
-234.579
-233.914
-233.914
-235.242
-235.242
-235.14
-235.14
-232.827
-232.827
-232.827
-234.168
-233.731
-233.731
-232.971
-235.448
-234.168
-232.542
-232.542
-233.783
-233.783
-233.483
-233.865
-232.648
-232.648
-232.435
-232.435
-232.435
-232.435
-232.435
-233.102
-232.11
-232.435
-232.435
-232.218
-232.218
-233.542
-233.542
-233.542
-232.337
-234.657
-233.091
-232.179
-232.179
-236.689
-236.689
-236.689
-233.111
-233.111
-232.898
-232.673
-232.673
-232.673
-236.545
-235.395
-232.591
-232.261
-236.753
-232.165
-232.165
-232.165
-232.165
-232.165
-232.165
-232.648
-233.157
-235.194
-232.736
-232.736
-232.736
-235.362
-234.787
-235.12
-235.548
-235.156
-233.036
-233.036
-233.036
-233.036
-233.036
-233.959
-237.106
-237.974
-232.211
-232.211
-232.211
-232.467
-232.147
-232.147
-232.211
-232.211
-232.17
-232.552
-232.315
-232.315
-234.103
-232.26
-233.968
-232.621
-234.81
-234.951
-234.066
-233.848
-234.066
-232.824
-237.365
-238.633
-236.909
-235.797
-232.934
-234.513
-235.862
-238.183
-236.88
-233.244
-232.394
-232.394
-232.482
-232.862
-232.862
-232.862
-234.651
-234.651
-235.136
-236.988
-234.651
-234.651
-232.902
-232.146
-232.435
-236.324
-235.601
-235.196
-236.08
-236.08
-236.08
-237.127
-237.127
-234.135
-235.222
-234.857
-234.202
-234.946
-234.946
-233.036
-233.036
-234.538
-234.324
-234.324
-235.039
-233.872
-235.064
-233.602
-233.403
-239.047
-238.542
-241.317
-241.317
-236.11
-236.552
-238.072
-236.917
-237.323
-237.323
-238.843
-236.964
-234.575
-234.575
-234.575
-232.634
-232.634
-232.115
-232.837
-233.51
-232.634
-232.634
-232.634
-234.575
-234.575
-233.067
-233.186
-233.186
-233.877
-233.877
-233.877
-233.529
-233.529
-233.529
-233.877
-233.877
-234.575
-234.575
-235.464
-235.464
-232.395
-235.82
-235.544
-234.634
-234.554
-236.126
-235.913
-234.362
-233.113
-232.801
-232.569
-232.569
-232.569
-237.185
-234.41
-233.65
-234.699
-234.699
-237.176
-237.176
-236.988
-236.126
-236.126
-233.677
-233.248
-233.266
-233.266
-234.631
-233.992
-233.992
-233.285
-233.285
-233.285
-233.896
-233.896
-233.266
-233.657
-235.297
-234.852
-234.852
-237.107
-237.107
-233.707
-236.296
-232.518
-236.296
-234.253
-232.871
-236.249
-234.12
-233.173
-232.146
-239.211
-234.898
-233.565
-233.565
-232.577
-232.993
-234.231
-232.74
-232.932
-232.932
-232.757
-233.674
-232.317
-232.597
-232.597
-233.375
-232.624
-233.193
-234.21
-234.21
-234.21
-232.313
-232.325
-232.325
-233.375
-233.375
-233.182
-232.94
-233.182
-233.05
-233.222
-234.341
-232.738
-232.738
-234.5
-232.421
-232.421
-233.734
-235.947
-234.591
-234.533
-232.963
-232.454
-234.315
-234.315
-234.315
-232.329
-234.933
-234.152
-234.152
-234.152
-234.152
-234.152
-234.693
-234.693
-234.6
-234.6
-234.6
-232.904
-232.289
-232.863
-234.536
-232.121
-232.121
-232.121
-235.957
-232.976
-232.976
-232.358
-238.287
-239.3
-239.3
-233.308
-233.091
-233.763
-234.052
-234.278
-233.19
-232.615
-232.963
-233.981
-232.676
-234.081
-234.537
-234.963
-238.629
-233.758
-233.758
-233.925
-237.585
-237.585
-237.585
-234.583
-233.351
-233.351
-233.351
-235.762
-232.962
-236.324
-234.431
-236.929
-240.149
-234.512
-236.012
-232.835
-237.267
-233.027
-234.357
-234.357
-232.331
-232.566
-232.752
-236.878
-233.752
-233.676
-233.799
-232.253
-232.375
-232.375
-232.441
-232.441
-232.105
-232.105
-234.103
-234.103
-234.103
-232.533
-232.766
-233.001
-233.981
-233.166
-233.819
-233.688
-233.72
-232.205
-232.205
-232.205
-233.658
