ip_ml_2_rawLogTarget_unified = zeros(1000,1);
ip_ml_2_rawLogTarget_unified = [3.75776
3.57543
3.57543
3.60994
3.60994
3.60994
3.84329
2.78449
2.78449
2.78449
3.68823
3.79178
3.6743
3.79178
3.79178
3.96621
3.61063
3.61419
3.61909
3.61909
3.61909
3.20261
3.64154
3.90191
3.62857
3.62857
3.59869
3.81148
3.58067
3.62638
3.64355
3.64355
3.6413
3.87148
2.89657
3.98688
3.85008
3.77955
3.63974
3.67242
3.58389
3.58389
3.65693
3.88177
3.88177
3.88177
3.94702
3.94702
3.94702
3.26012
3.59747
3.64411
3.69071
3.66802
3.59084
3.59084
3.60668
3.8898
3.71382
3.6726
3.73689
3.58682
3.72564
3.68611
3.68611
3.59068
3.59132
3.59571
3.59037
3.59196
3.59196
3.59196
3.58444
3.58444
3.59095
3.58408
3.61489
3.74352
3.89175
3.67698
3.67698
3.67698
3.60687
3.93995
3.93995
3.93995
3.93995
3.71529
3.65463
3.72516
3.61099
3.79865
3.55821
3.66742
3.59174
3.89418
3.83098
3.84142
3.8066
3.8066
3.75131
3.59462
3.90342
3.76167
3.59762
3.78546
3.78546
3.8871
3.79275
3.79275
3.62994
3.64359
3.64359
3.7838
3.90093
3.90093
3.64393
3.9147
3.9147
3.9147
3.92887
2.60335
2.60335
3.86951
3.86951
4.10351
3.7613
3.7613
3.7613
3.7613
3.81175
3.59254
3.59254
3.62798
3.62798
3.70969
3.59247
3.59247
3.58079
2.71011
2.71011
2.90357
3.91185
3.91185
3.64709
3.84658
3.90504
3.90504
3.91357
3.71201
3.71201
3.59076
3.70814
3.70921
3.85066
3.58748
3.59367
3.58496
3.58631
3.59933
3.60087
3.60087
3.72256
3.68677
3.68677
3.81548
3.81548
3.62868
3.62868
3.92595
3.6129
3.59711
3.59711
3.67518
3.80471
3.63376
3.63376
3.62395
3.95686
3.73505
3.73505
3.58915
3.97021
3.69006
3.88204
3.67693
3.59106
3.6074
3.99317
3.61608
3.70832
3.61075
3.61075
3.82312
3.92125
3.92454
3.92454
3.79263
3.58908
3.84344
3.6883
3.6883
3.6883
3.96764
3.96764
3.96764
3.5971
3.61873
3.70998
3.91253
3.91253
3.72653
3.83713
3.72653
3.71958
3.71958
3.73642
3.61047
3.5812
3.91651
3.76257
3.76257
3.6172
3.58641
3.6236
3.6236
3.9027
3.9027
3.58314
3.63947
3.63947
3.63947
3.63947
3.63947
3.63034
3.59744
3.67885
3.58281
3.59191
3.59218
3.72885
3.58268
3.58362
3.58362
3.60463
3.727
3.5994
3.58885
3.78639
3.78856
3.69288
3.65343
3.71161
3.76134
3.59715
3.74129
3.61524
3.61524
3.76412
3.59234
3.59234
3.59234
3.81089
3.81089
3.67788
3.71608
3.61862
3.61862
3.59377
3.59377
3.80308
3.59313
3.8964
3.8964
3.24584
3.24584
3.62938
3.66366
3.66366
3.22973
3.88904
3.88904
3.88593
3.62235
3.59081
3.59081
3.60026
3.93795
3.93795
3.74961
3.61127
3.61127
3.84323
3.84323
3.8686
3.89747
3.59685
3.60728
3.68259
3.78882
3.78882
3.61012
3.89818
3.89818
3.89818
3.66034
3.65687
3.64078
3.64078
3.71907
3.71907
3.91751
3.6638
3.64851
3.64851
3.64851
3.57994
3.78709
3.78709
3.5866
3.65594
3.89494
3.59202
3.59638
3.58847
3.66037
3.60514
3.5939
3.5939
3.69523
3.19865
3.82043
3.72071
3.66391
3.66883
3.79533
3.89751
3.69907
3.60483
3.71891
3.71891
3.58586
3.58586
3.72235
3.87741
3.64133
3.59879
3.59804
3.68644
3.68644
3.62856
3.94481
3.77889
3.6368
3.59238
3.61683
3.61683
3.58385
3.60931
3.63576
3.63576
3.5986
3.5986
3.5986
3.92897
3.92897
3.92897
3.61309
3.61304
3.7403
3.63866
3.63866
3.63866
3.63866
3.63866
3.59001
3.58745
3.62153
3.62177
3.83082
3.79432
3.82185
3.76492
3.79432
3.57779
3.60882
3.60882
3.60881
3.64453
3.61049
3.71901
3.71059
3.80313
3.59141
3.59742
3.59742
3.89854
3.59355
3.59355
1.16707
3.58704
3.59377
3.81342
3.81342
3.59153
3.59404
3.59518
3.69405
3.69405
3.68752
3.59863
3.58298
3.77687
3.77687
3.63329
3.63386
3.58537
3.77992
3.75379
3.75379
3.67366
3.85313
3.85313
3.58024
3.58272
3.59164
3.59164
3.58835
3.58651
3.59912
3.59255
3.73008
3.73008
3.69028
3.5902
3.5902
3.60974
3.60974
3.60974
3.84418
3.84418
3.94597
3.58873
3.58776
3.5935
3.5935
3.58873
3.62971
3.61763
3.61763
3.61763
3.61763
3.6344
3.59915
3.59886
3.66274
3.59632
3.59632
3.82495
3.83423
3.71704
3.62004
3.63378
3.94506
3.94506
3.94506
3.94506
3.79413
3.59236
3.88099
3.59177
3.90562
3.60282
3.64434
3.66079
3.63145
3.88678
3.88678
3.69855
3.58872
3.62664
3.62664
3.76334
3.76334
3.59064
3.5887
3.5887
3.58407
3.58407
3.58407
3.58346
3.58611
3.73752
3.59929
3.77116
3.85441
3.58294
3.76018
3.60388
3.59076
3.88156
3.81373
3.92499
3.92499
3.62784
3.61425
3.59328
3.59328
3.79623
3.79623
3.73527
3.83907
3.59559
3.59559
3.8003
3.89662
3.89662
3.76017
3.76017
3.58777
3.58777
3.58777
3.9716
3.9716
3.9716
3.9636
3.86347
3.61833
3.9636
3.9636
3.62895
3.62895
3.58602
3.59186
3.6179
3.61747
3.61747
3.64053
3.90852
3.60086
3.60086
3.33661
3.61135
3.61135
3.61135
3.63725
3.5885
3.5885
3.5885
3.58675
3.59178
3.58844
3.58844
3.83969
3.59103
3.78837
3.78837
3.90247
3.90247
3.65976
3.77715
3.92177
3.93254
3.92677
3.90305
3.82031
3.84178
3.58653
3.58653
3.62166
3.60616
3.58642
3.62084
3.58762
3.58593
3.64165
3.80601
3.74925
3.74925
3.82516
3.74293
3.72265
3.57979
3.57979
3.7794
3.7794
3.87513
3.78522
3.72381
3.58723
3.58723
3.58755
3.65114
3.73462
3.73462
3.58723
3.75978
3.63897
3.63897
3.63897
3.22625
3.64949
3.90097
3.90097
3.71378
3.34586
3.34586
3.34586
3.81771
3.66787
3.66787
3.61766
3.63506
3.62515
3.79233
3.62921
3.71581
3.45252
3.58803
3.58803
3.58803
3.58803
3.5826
3.5826
3.58874
3.58874
3.58874
3.58132
3.7778
3.7778
4.18333
3.89011
3.89011
3.64145
3.59786
3.80921
3.83718
3.88968
3.88968
3.83718
3.68614
3.87479
3.6973
3.6973
3.59721
3.60013
3.60416
3.5937
3.64335
3.74471
3.95673
3.6098
3.64773
3.58553
3.69822
3.70298
3.70298
3.46796
3.83622
3.5992
3.61997
3.93521
3.58559
3.93707
3.93707
3.69636
3.69636
3.62504
2.95509
2.95509
3.70615
3.70615
3.59501
3.82513
3.81888
3.62386
3.62386
3.59641
3.71558
3.77048
3.9562
3.6957
3.6957
3.58781
3.59426
3.76904
3.64141
3.64759
3.58971
3.71747
3.67498
3.62542
3.62542
3.62542
3.63659
3.63659
3.89137
3.60225
3.60225
3.58205
3.58205
3.77474
3.86721
3.68028
3.92688
3.58249
4.08179
3.79792
3.58636
3.58636
3.79792
3.94158
3.68119
0.815949
3.33116
3.89963
3.83524
3.83524
3.68142
3.68142
3.91133
3.91133
3.58518
3.68533
3.63129
3.9029
3.9029
3.71809
3.71809
3.71809
2.79276
3.92945
3.80734
3.7332
3.7332
3.7332
3.61869
3.61869
4.04497
4.04497
4.04497
3.5815
3.59009
3.59401
3.59401
3.59195
3.68084
3.60841
3.59596
3.6228
3.84169
3.84169
3.71569
3.83744
3.60152
3.60152
3.60152
3.87894
2.61801
3.93452
3.86891
3.79075
3.77527
3.65321
3.65321
3.7702
3.92534
3.8503
3.59064
3.59064
3.64181
3.80759
3.71661
3.60495
3.67554
3.67554
3.32197
3.84876
3.63649
3.61576
3.91681
3.91681
3.65479
3.87518
3.59122
3.7156
3.96099
3.72882
3.72451
3.72451
3.60157
3.60243
3.66854
3.904
3.68186
3.68186
3.58556
3.58905
3.58905
3.69947
3.60776
3.86826
3.51474
3.86826
3.86826
3.86826
3.61965
3.58414
3.58294
3.59791
3.66674
3.66674
3.64374
3.74884
3.74884
3.74884
3.74884
3.74884
3.74884
3.74884
3.74884
3.8115
3.2011
3.2011
3.87066
3.6134
3.90071
3.65295
3.62393
3.69859
3.69859
3.78537
3.88359
3.88359
3.88359
3.59504
3.59378
3.59378
3.76138
3.62211
3.66813
3.68762
3.70047
3.69377
3.82067
3.82067
3.89072
3.65293
3.67648
3.67648
3.60522
3.60522
3.61607
3.61607
3.59838
3.59726
3.59726
3.77291
3.62276
3.60113
3.69462
3.84939
3.58782
3.66895
3.66895
2.67465
3.72407
3.72407
3.71648
3.77075
3.7688
3.47334
3.66807
3.66807
3.56204
3.8322
3.76447
3.86822
3.86395
3.64215
3.6297
3.65932
3.74652
3.74652
3.74652
3.77158
3.64921
3.64921
3.64921
3.9241
3.9241
3.92925
3.92925
3.77401
3.63877
3.28749
3.60191
3.60138
3.58529
3.58661
3.60925
3.60925
3.88083
3.88083
3.87272
3.68169
2.83835
3.87365
3.5962
3.60229
3.47148
3.58931
3.58931
3.73415
3.72928
3.60527
3.8704
3.87228
3.58316
3.92796
3.84442
3.84442
3.62056
3.90528
4.05962
4.05962
3.69116
3.69116
3.89294
3.89294
3.60102
3.60102
3.60155
2.77088
3.71682
3.61143
2.2744
2.2744
3.80556
3.58296
3.60465
3.61339
3.58286
3.58286
3.58107
3.6391
3.6518
3.585
3.86944
3.86944
3.5935
3.59713
3.6357
3.58258
3.58258
3.6357
3.6357
3.80358
3.73269
3.6034
3.6034
3.6034
3.89139
3.89139
3.643
3.23735
3.23735
3.67031
3.7558
3.59584
3.59961
3.5849
3.65673
3.58235
3.59662
3.76019
3.59384
3.58792
3.5882
3.58673
3.62835
4.01117
4.01117
4.01117
3.28169
3.28169
3.62324
3.79707
3.79707
3.60773
3.60773
3.60773
3.60773
3.74618
3.58779
3.82918
3.58777
3.61496
3.77573
3.586
];
