ip_ml_18_rawLogTarget_unified = zeros(1000,1);
ip_ml_18_rawLogTarget_unified = [-178.683
-178.683
-178.683
-178.683
-180.039
-179.429
-180.121
-180.505
-180.149
-181.531
-178.715
-178.715
-178.879
-178.474
-178.517
-181.278
-180.039
-179.675
-180.039
-180.039
-179.731
-179.352
-179.352
-178.898
-178.898
-178.886
-178.886
-178.886
-180.89
-180.89
-180.114
-179.983
-178.903
-181.261
-181.708
-181.708
-181.743
-178.635
-182.494
-183.078
-180.686
-180.686
-180.686
-179.211
-180.851
-180.008
-180.008
-178.841
-180.851
-179.73
-186.002
-182.87
-183.982
-180.521
-180.925
-180.354
-179.846
-179.846
-179.846
-179.252
-179.846
-180.706
-180.706
-179.868
-178.592
-180.079
-178.547
-178.547
-178.432
-178.432
-178.432
-178.432
-178.409
-178.432
-178.496
-178.496
-178.496
-178.496
-178.496
-178.496
-178.496
-178.496
-178.496
-178.496
-178.496
-178.496
-178.496
-178.496
-178.496
-179.451
-179.436
-178.651
-178.496
-178.496
-178.405
-178.405
-178.405
-178.824
-178.824
-178.517
-181.045
-181.045
-180.105
-182.027
-179.472
-184.43
-180.188
-178.809
-179.206
-182.256
-182.639
-182.639
-179.439
-179.439
-182.585
-179.365
-179.365
-180.12
-180.12
-181.607
-181.607
-184.384
-187.313
-181.796
-181.575
-183.027
-183.027
-185.489
-184.791
-183.939
-181.946
-184.396
-180.96
-183.716
-178.573
-178.573
-183.328
-180.675
-182.927
-182.845
-180.986
-182.769
-181.175
-181.175
-179.399
-180.749
-181.181
-183.159
-178.924
-180.674
-184.364
-181.467
-180.14
-180.114
-179.805
-179.805
-181.392
-181.392
-180.488
-180.319
-179.999
-179.415
-179.326
-178.986
-178.986
-178.686
-179.999
-181.232
-180.131
-185.691
-188.911
-182.99
-181.392
-182.759
-182.759
-184.16
-182.927
-182.927
-182.927
-179.479
-182.173
-183.724
-184.022
-184.022
-184.022
-181.918
-179.098
-182.304
-182.617
-182.304
-179.236
-179.236
-182.304
-182.304
-181.75
-184.134
-179.621
-179.465
-179.465
-179.154
-179.154
-180.788
-178.988
-178.988
-182.044
-180.507
-180.411
-182.044
-181.032
-179.512
-180.684
-181.419
-178.551
-178.551
-178.888
-178.888
-178.604
-178.899
-178.899
-181.239
-181.239
-182.767
-179.41
-179.41
-179.41
-179.41
-179.103
-181.806
-179.577
-179.577
-180.812
-180.741
-180.741
-182.707
-182.707
-181.198
-180.988
-179.327
-179.14
-179.14
-179.527
-180.044
-179.788
-178.724
-179.532
-179.686
-178.498
-179.365
-178.498
-178.498
-178.615
-179.061
-180.75
-180.75
-179.412
-179.412
-179.66
-179.66
-179.315
-179.315
-179.941
-180.96
-180.96
-185.07
-183.125
-180.257
-178.588
-179.527
-180.019
-180.012
-180.012
-179.967
-179.368
-180.738
-180.738
-179.104
-178.607
-178.607
-179.609
-178.607
-178.607
-180.737
-180.737
-180.737
-178.434
-178.434
-179.73
-179.73
-179.64
-179.227
-179.227
-179.57
-179.57
-179.57
-180.738
-182.085
-179.227
-179.825
-179.825
-183.632
-181.331
-180.453
-181.083
-180.304
-180.304
-181.471
-184.616
-184.616
-185.224
-182.513
-184.765
-181.483
-181.17
-181.17
-179.499
-181.17
-181.17
-181.17
-181.237
-181.237
-180.089
-180.089
-179.618
-180.365
-180.29
-179.244
-179.414
-179.636
-179.636
-179.055
-181.458
-180.746
-180.746
-180.746
-180.918
-180.918
-183.018
-179.63
-181.794
-181.794
-183.312
-183.312
-180.912
-183.45
-182.815
-179.481
-179.481
-183.663
-181.558
-179.399
-179.382
-178.58
-179.202
-179.494
-179.494
-179.494
-179.494
-179.494
-179.183
-178.434
-178.434
-178.434
-178.434
-178.505
-178.505
-178.503
-178.503
-178.503
-178.503
-179.494
-179.494
-179.067
-179.494
-180.618
-179.374
-181.429
-181.429
-179.908
-178.826
-179.536
-181.03
-181.129
-182.082
-178.769
-180.561
-178.845
-178.405
-178.405
-178.405
-178.656
-181.213
-181.213
-183.157
-180.352
-181.509
-181.509
-180.312
-183.187
-179.953
-179.952
-179.087
-179.953
-179.953
-179.953
-179.953
-179.953
-183.895
-182.583
-183.4
-183.4
-182.935
-183.137
-182.501
-182.751
-180.668
-180.668
-180.738
-182.575
-184.062
-182.575
-182.575
-179.372
-179.548
-178.86
-179.69
-179.372
-179.372
-179.594
-179.372
-178.578
-181.726
-181.726
-181.602
-182.927
-182.011
-181.021
-179.646
-179.646
-179.646
-179.646
-179.646
-179.647
-179.647
-179.647
-179.951
-179.951
-178.698
-178.698
-179.906
-181.009
-180.56
-180.56
-180.96
-181.402
-181.796
-182.392
-178.593
-178.593
-178.593
-178.593
-182.586
-179.371
-181.198
-178.762
-178.762
-178.451
-179.699
-179.578
-179.578
-179.578
-185.348
-183.046
-182.819
-182.858
-178.85
-179.434
-178.509
-178.509
-184.222
-185.348
-180.039
-179.805
-179.805
-180.039
-180.039
-179.808
-178.39
-178.39
-179.564
-180.039
-180.039
-179.386
-180.921
-180.921
-180.046
-180.046
-180.046
-181.096
-180.851
-180.851
-179.554
-179.554
-181.113
-181.596
-181.596
-181.596
-181.596
-180.085
-179.843
-179.843
-180.822
-180.822
-178.976
-178.976
-178.976
-180.047
-180.047
-180.047
-180.047
-178.746
-179.733
-179.733
-179.733
-179.733
-179.733
-178.833
-178.833
-178.663
-178.663
-178.936
-178.663
-178.663
-178.663
-178.663
-178.663
-179.546
-179.546
-180.635
-179.186
-182.058
-179.202
-179.202
-178.74
-178.853
-178.853
-181.409
-181.026
-178.787
-178.787
-178.643
-179.016
-181.464
-181.464
-182.11
-178.448
-178.448
-178.448
-178.448
-180.155
-180.155
-178.903
-181
-181
-181
-181.736
-180.73
-180.806
-181.148
-180.917
-180.917
-182.081
-182.081
-179.67
-179.142
-179.142
-182.114
-182.114
-181.175
-181.175
-181.769
-178.484
-178.484
-178.484
-178.484
-178.452
-181.92
-181.926
-180.536
-182.143
-182.689
-182.384
-179.887
-178.895
-180.558
-182.319
-180.671
-180.671
-179.965
-179.965
-178.973
-181.325
-182.599
-183.611
-183.611
-183.611
-182.103
-181.347
-181.347
-185.363
-179.061
-179.061
-180.013
-181.399
-183.251
-182.899
-182.211
-180.528
-181.388
-179.073
-181.072
-178.701
-178.701
-178.701
-178.784
-178.784
-180.432
-180.432
-180.432
-180.432
-180.432
-181.112
-181.112
-180.432
-178.432
-183.524
-183.524
-182.36
-179.438
-180.709
-181.334
-181.082
-182.785
-184.46
-181.482
-181.768
-181.19
-181.412
-182.108
-181.58
-181.573
-181.573
-182.409
-183.295
-183.295
-180.096
-180.888
-180.667
-180.083
-179.806
-180.171
-180.572
-180.572
-181.839
-180.762
-180.411
-180.762
-181.644
-179.8
-179.435
-179.435
-183.942
-183.942
-183.942
-183.189
-185.045
-183.293
-181.95
-183.163
-182.565
-183.778
-183.778
-180.372
-180.372
-180.372
-180.372
-180.372
-178.822
-178.822
-178.407
-178.407
-180.754
-178.822
-178.822
-178.822
-180.372
-180.372
-179.814
-179.814
-179.814
-180.372
-180.372
-180.372
-181.081
-179.413
-178.631
-182.018
-181.145
-180.418
-180.354
-179.612
-181.609
-181.617
-179.204
-179.204
-179.28
-178.955
-178.495
-182.455
-185.473
-180.24
-180.24
-182.498
-182.75
-179.789
-180.47
-183.536
-182.447
-183.072
-182.193
-179.035
-179.263
-179.263
-178.49
-180.009
-183.292
-183.292
-179.836
-179.649
-180.416
-179.468
-179.468
-180.948
-180.592
-180.592
-181.151
-178.367
-181.745
-181.745
-181.745
-179.433
-184.072
-184.072
-180.627
-180.629
-180.629
-178.776
-179
-180.784
-178.907
-178.907
-178.907
-180.064
-179.652
-179.214
-178.864
-178.864
-178.864
-178.68
-178.68
-178.568
-178.568
-178.42
-179.413
-179.413
-178.989
-178.566
-178.566
-179.413
-179.259
-179.259
-179.154
-179.496
-179.77
-180.185
-178.904
-178.904
-179.556
-180.312
-179.637
-179.7
-183.002
-181.467
-180.238
-178.678
-180.14
-178.469
-180.164
-180.164
-180.164
-180.164
-180.164
-182.927
-182.768
-182.927
-182.927
-180.033
-180.033
-180.033
-180.466
-180.033
-179.487
-180.391
-180.47
-179.037
-179.037
-182.281
-178.412
-181.821
-182.913
-179.095
-179.095
-179.095
-183.335
-184.839
-184.839
-179.8
-179.702
-179.723
-179.084
-179.084
-180.066
-180.681
-183.117
-181.432
-180.562
-179.852
-182.172
-182.774
-180.378
-180.378
-185.64
-181.319
-181.319
-183.696
-182.444
-181.767
-181.767
-180.256
-182.25
-184.821
-184.821
-180.284
-181.663
-182.928
-183.449
-180.491
-180.491
-178.982
-178.982
-178.982
-182.52
-178.464
-178.464
-181.503
-181.182
-184.437
-183.705
-182.679
-180.605
-179.653
-178.53
-178.517
-178.47
-178.47
-178.399
-178.399
-179.995
-178.741
-178.741
-178.399
-178.399
-179.689
-179.247
-179.247
-179.689
-178.48
-178.621
-180.355
-180.464
-180.464
-178.738
