ip_ml_25_rawChain_unified = zeros(1000,3);
ip_ml_25_rawChain_unified = [7.8867723576922277e-01 1.3223147987089501e-01 2.1382951881369586e-01 
7.9864653951970699e-01 1.2162791212898411e-01 2.1083534204448551e-01 
8.4273436282356895e-01 1.4181630249073054e-01 2.0570606769280791e-01 
8.2571709092710033e-01 1.2917230063234539e-01 2.2397726983977298e-01 
7.6529384103156084e-01 1.3744286703689818e-01 2.8712195191807627e-01 
7.7517731469041518e-01 1.3517441543909695e-01 3.7080680236480185e-01 
7.7517731469041518e-01 1.3517441543909695e-01 3.7080680236480185e-01 
7.7517731469041518e-01 1.3517441543909695e-01 3.7080680236480185e-01 
7.9361173427229070e-01 1.3135989862226224e-01 2.3996528874807735e-01 
7.6703766931843209e-01 1.1974269306135051e-01 2.2703575725408903e-01 
7.6453625752507137e-01 1.1791202437298286e-01 2.0636511104162658e-01 
7.6453625752507137e-01 1.1791202437298286e-01 2.0636511104162658e-01 
8.0997603768952908e-01 1.1878126939527293e-01 2.1547861274720947e-01 
8.4404240913055306e-01 1.5376248157599429e-01 4.1570995089229190e-01 
8.3287684653356120e-01 1.5395328525753785e-01 4.3132404859557516e-01 
8.1429053657903450e-01 1.2669181562887699e-01 3.5149975944240808e-01 
8.1429053657903450e-01 1.2669181562887699e-01 3.5149975944240808e-01 
8.3414423905206259e-01 1.5910754769674923e-01 2.8537972103506620e-01 
8.0958588028306666e-01 1.3824206170074063e-01 2.8128170168025157e-01 
8.0958588028306666e-01 1.3824206170074063e-01 2.8128170168025157e-01 
8.1170414816595160e-01 1.2293259539571649e-01 3.7750348018858149e-01 
8.2162902584219377e-01 1.6494942928732242e-01 3.4059566967938693e-01 
7.9876331954435309e-01 1.5752689934714642e-01 5.6342235922526840e-01 
8.2162902584219377e-01 1.6494942928732242e-01 3.4059566967938693e-01 
8.2325822102631752e-01 1.6617117928524178e-01 2.7651385811450568e-01 
8.3057690014200491e-01 1.7928420493130867e-01 4.0248036421875022e-01 
8.1533387700454929e-01 1.8616095843453734e-01 3.9732408622167953e-01 
8.1533387700454929e-01 1.8616095843453734e-01 3.9732408622167953e-01 
8.1987766308616961e-01 1.6248620430173044e-01 4.2987315148974337e-01 
7.9163218569115201e-01 1.4995596750884208e-01 3.9261600896742072e-01 
7.9675224631090646e-01 1.3924253959331798e-01 2.5818975397567984e-01 
7.6837639325817664e-01 1.4007011467033656e-01 3.8575218923731652e-01 
8.3940654072861898e-01 1.8442944993523069e-01 2.4313045620641136e-01 
8.5310140683071189e-01 1.5456740659683310e-01 2.8048346689599407e-01 
8.5310140683071189e-01 1.5456740659683310e-01 2.8048346689599407e-01 
8.5197633377368465e-01 1.3168020570925271e-01 2.1659600095160544e-01 
8.2645288962369445e-01 1.3108730106719330e-01 2.9813705255112755e-01 
8.2646146160371459e-01 1.5084959284966956e-01 3.8236488701859939e-01 
8.4040036744839819e-01 1.3918946038321123e-01 2.3895001326777623e-01 
8.4040036744839819e-01 1.3918946038321123e-01 2.3895001326777623e-01 
8.2552070142245526e-01 1.0911143353041507e-01 2.3404229318054268e-01 
8.2394963795453957e-01 1.2896252371826927e-01 3.1949772262608900e-01 
8.5242248138263621e-01 1.2830046611550316e-01 3.6163474571985810e-01 
7.8895964743456781e-01 1.2201921269962787e-01 4.2049581504678396e-01 
7.9917908891656309e-01 1.5238090231600571e-01 4.7759079782229530e-01 
7.9917908891656309e-01 1.5238090231600571e-01 4.7759079782229530e-01 
8.0591990067287944e-01 1.5489589991860692e-01 3.6688548199536447e-01 
7.6464605406118769e-01 1.0121359537356681e-01 2.3251401928705795e-01 
7.6464605406118769e-01 1.0121359537356681e-01 2.3251401928705795e-01 
7.8963570337962463e-01 1.2900250409350567e-01 2.4026690934465023e-01 
7.8963570337962463e-01 1.2900250409350567e-01 2.4026690934465023e-01 
7.8963570337962463e-01 1.2900250409350567e-01 2.4026690934465023e-01 
7.8803018980104156e-01 1.3020572906175126e-01 2.4509729957753337e-01 
7.8803018980104156e-01 1.3020572906175126e-01 2.4509729957753337e-01 
7.8963570337962463e-01 1.2900250409350567e-01 2.4026690934465023e-01 
7.6481626961205063e-01 1.2173287574809066e-01 3.2164023161048932e-01 
7.6569814050618490e-01 1.6212977883733395e-01 5.3598769875759189e-01 
7.8599610592137281e-01 1.9151621380540354e-01 6.8835162866515665e-01 
8.2039302411801207e-01 1.8511801952566434e-01 5.6655727795440791e-01 
8.2039302411801207e-01 1.8511801952566434e-01 5.6655727795440791e-01 
7.9085341154187994e-01 1.1572278012550088e-01 3.1548026291511988e-01 
7.9085341154187994e-01 1.1572278012550088e-01 3.1548026291511988e-01 
8.1468310667164889e-01 1.2083571669492228e-01 3.6304355506647740e-01 
7.7011741561247249e-01 1.0958859763365732e-01 4.4736703615039053e-01 
7.8533256878926117e-01 1.1466475441450880e-01 4.9966934309960803e-01 
7.6507805404829365e-01 1.3179533846996266e-01 2.9638318716171380e-01 
7.8649578649835084e-01 1.4073633058356577e-01 3.8706812536687435e-01 
8.4710064156702580e-01 1.3146605110086379e-01 2.0761557066672917e-01 
8.2885084423718314e-01 1.2352400060373354e-01 2.9905242892287653e-01 
8.2885084423718314e-01 1.2352400060373354e-01 2.9905242892287653e-01 
8.6225674365522686e-01 1.5315088354079623e-01 2.9900018102859205e-01 
8.6225674365522686e-01 1.5315088354079623e-01 2.9900018102859205e-01 
8.4710064156702580e-01 1.3146605110086379e-01 2.0761557066672917e-01 
8.2756783783267096e-01 1.3251470535641791e-01 2.3798764365836550e-01 
8.2756783783267096e-01 1.3251470535641791e-01 2.3798764365836550e-01 
8.3221892693649646e-01 1.4821524979762932e-01 2.4837670423970673e-01 
8.3221892693649646e-01 1.4821524979762932e-01 2.4837670423970673e-01 
8.3221892693649646e-01 1.4821524979762932e-01 2.4837670423970673e-01 
8.0952671913672913e-01 1.4543128738334254e-01 2.2719202859845336e-01 
8.4710064156702580e-01 1.3146605110086379e-01 2.0761557066672917e-01 
8.4710064156702580e-01 1.3146605110086379e-01 2.0761557066672917e-01 
8.4710064156702580e-01 1.3146605110086379e-01 2.0761557066672917e-01 
8.4710064156702580e-01 1.3146605110086379e-01 2.0761557066672917e-01 
8.0237762446197347e-01 1.2053632747517928e-01 2.1132014963919357e-01 
8.5484055024889738e-01 1.3832480243048662e-01 2.2918861484207570e-01 
8.5577663550194238e-01 1.5391282326096659e-01 3.2563098626091302e-01 
8.4710064156702580e-01 1.3146605110086379e-01 2.0761557066672917e-01 
7.6521330181058833e-01 1.2292157830399206e-01 2.4776062104871577e-01 
7.6521330181058833e-01 1.2292157830399206e-01 2.4776062104871577e-01 
7.8169612042918790e-01 1.4081443332405283e-01 2.8723171354592136e-01 
7.9409023576138904e-01 1.4977968846369932e-01 3.1085041550204440e-01 
7.6662741104588239e-01 1.0526536768925078e-01 2.0154124042774577e-01 
7.6662741104588239e-01 1.0526536768925078e-01 2.0154124042774577e-01 
7.6662741104588239e-01 1.0526536768925078e-01 2.0154124042774577e-01 
7.6662741104588239e-01 1.0526536768925078e-01 2.0154124042774577e-01 
7.6662741104588239e-01 1.0526536768925078e-01 2.0154124042774577e-01 
7.6662741104588239e-01 1.0526536768925078e-01 2.0154124042774577e-01 
7.6662741104588239e-01 1.0526536768925078e-01 2.0154124042774577e-01 
7.9991460180082408e-01 1.1577693822203287e-01 2.4515640069760078e-01 
8.0706870630840133e-01 1.5102602317251773e-01 2.8330587359559062e-01 
8.0706870630840133e-01 1.5102602317251773e-01 2.8330587359559062e-01 
7.9084499018304322e-01 1.3950785236887325e-01 2.0686877628345407e-01 
7.9084499018304322e-01 1.3950785236887325e-01 2.0686877628345407e-01 
7.9084499018304322e-01 1.3950785236887325e-01 2.0686877628345407e-01 
7.9084499018304322e-01 1.3950785236887325e-01 2.0686877628345407e-01 
8.4710064156702580e-01 1.3146605110086379e-01 2.0761557066672917e-01 
7.3003175370386131e-01 1.1348775501624138e-01 3.2353150731359098e-01 
7.8227136361122662e-01 1.4393701177994322e-01 2.4022109425078908e-01 
7.5977301796156682e-01 1.2615072962853896e-01 3.2906268891976298e-01 
7.7486930115480235e-01 1.3155353139297332e-01 3.7608675367091210e-01 
7.4534865587175336e-01 1.2572280142363690e-01 2.3006050124039568e-01 
7.3313230069344915e-01 1.2693252315396247e-01 2.9944684364545598e-01 
8.0830014410720197e-01 1.4067247740683711e-01 3.3905821832118255e-01 
