ip_ml_4_rawLogTarget_unified = zeros(1000,1);
ip_ml_4_rawLogTarget_unified = [-11.4446
-12.0475
-12.0475
-10.7813
-10.7813
-10.7813
-10.658
-10.658
-11.9323
-11.1178
-11.1178
-11.2458
-9.12165
-12.3043
-12.4234
-12.2726
-12.2806
-10.72
-12.3696
-12.4039
-11.8365
-11.8365
-11.8364
-11.8364
-10.6731
-11.5236
-12.3569
-11.5666
-12.4435
-12.4435
-12.4435
-12.2314
-12.3347
-12.3347
-10.3255
-10.6077
-12.2028
-12.2028
-12.2385
-12.4565
-11.7074
-10.7462
-10.7462
-11.1418
-11.1418
-12.1529
-12.2293
-12.3129
-10.3801
-10.3801
-11.4925
-12.2332
-10.3801
-10.3801
-10.3801
-10.3801
-10.3801
-10.726
-12.3023
-12.4168
-12.4168
-12.4168
-11.4267
-11.4267
-11.4267
-11.6948
-11.2164
-10.6475
-11.0168
-11.0168
-11.116
-11.116
-10.5935
-10.5935
-10.5935
-10.5935
-11.4218
-12.066
-12.066
-10.9657
-11.2828
-10.6889
-10.6889
-10.6889
-10.5942
-10.5942
-10.6889
-10.6889
-11.388
-11.388
-12.2306
-12.1118
-12.4314
-10.589
-10.589
-10.6717
-10.6717
-11.4353
-11.4353
-12.2792
-10.5191
-10.5191
-10.5191
-10.4989
-10.4989
-10.4989
-12.189
-11.8753
-11.8753
-11.8753
-10.5276
-10.5276
-10.5276
-10.5276
-10.5276
-10.5276
-10.5276
-12.047
-10.5276
-11.5148
-11.5044
-10.2062
-10.2062
-10.4448
-10.4448
-10.7917
-10.8264
-10.5525
-11.2635
-10.7917
-9.42437
-9.42437
-11.1435
-11.1435
-10.2986
-10.2986
-11.424
-10.4924
-12.3277
-12.3428
-11.296
-12.4101
-10.5086
-10.5086
-11.7255
-11.7255
-12.1456
-12.4105
-10.6922
-10.6922
-9.2067
-10.5661
-11.6453
-11.7283
-11.695
-11.0696
-12.3818
-12.4731
-11.1074
-12.1197
-12.3042
-11.5276
-12.1692
-12.3263
-12.3805
-11.5773
-10.9854
-10.9854
-10.5808
-10.2033
-10.2033
-10.2033
-10.2033
-10.2033
-10.2033
-11.8222
-11.4483
-12.3936
-12.3936
-12.4105
-11.1682
-11.7462
-10.51
-10.51
-10.5506
-11.7138
-12.4324
-10.5229
-12.2587
-10.4894
-10.4894
-10.5904
-10.5197
-11.5128
-10.4701
-10.4701
-10.4518
-11.8505
-11.0852
-10.2183
-10.2183
-10.2183
-10.8812
-10.2183
-10.2183
-12.2277
-12.257
-11.3428
-11.0171
-12.064
-11.271
-10.664
-11.271
-12.2524
-11.7559
-10.8322
-11.9492
-11.9492
-11.5693
-10.6655
-10.5171
-11.4165
-11.1732
-10.6617
-10.6617
-12.1753
-12.118
-12.118
-12.118
-12.1359
-12.1359
-12.4669
-12.4669
-12.3692
-12.3692
-11.6136
-11.6136
-12.0503
-12.0503
-11.8936
-10.6538
-11.2647
-10.6131
-10.6131
-10.6131
-10.5964
-10.5964
-12.2038
-11.0235
-12.4566
-12.1248
-12.1248
-10.9978
-10.3165
-10.464
-12.3924
-12.4522
-12.458
-12.3885
-12.3885
-10.4949
-10.3271
-10.3271
-10.6928
-12.4112
-12.4112
-11.1342
-11.1342
-10.2389
-10.7209
-11.6882
-11.8193
-12.2852
-12.409
-12.409
-10.6345
-10.6345
-10.6345
-10.6345
-10.6345
-12.1209
-12.4047
-12.1969
-10.9894
-10.9894
-10.5974
-10.5974
-10.5974
-10.5986
-10.5986
-10.5986
-10.5986
-10.5986
-10.5986
-12.4033
-10.3918
-12.2882
-12.2026
-12.3629
-10.9452
-10.5463
-10.9452
-10.9452
-10.6283
-10.6283
-11.2624
-11.2624
-10.6283
-10.6283
-10.6114
-11.8839
-11.8839
-11.2631
-10.6418
-10.6241
-12.0139
-11.1794
-11.6707
-11.242
-11.242
-10.5112
-10.8019
-10.8019
-10.5112
-10.5112
-12.353
-11.2733
-12.2018
-10.4996
-10.6001
-12.1774
-10.8592
-10.8592
-12.4338
-12.4338
-12.4868
-11.2251
-10.6281
-11.5296
-11.5296
-11.9628
-11.9628
-10.4971
-10.4827
-12.3382
-12.4491
-12.4491
-11.4043
-11.4043
-11.4043
-10.8347
-11.4043
-11.4043
-12.3969
-12.3969
-11.7074
-11.7074
-12.3779
-12.3779
-11.8614
-11.8614
-10.9207
-10.9207
-12.3577
-10.3638
-11.6846
-10.441
-10.5205
-10.9056
-11.5467
-10.617
-10.617
-11.07
-11.07
-10.9666
-10.9666
-10.777
-10.777
-10.777
-10.3232
-11.0177
-11.0177
-11.0177
-11.0177
-11.1347
-10.6679
-10.6679
-12.4553
-12.3149
-12.2244
-12.2439
-11.6711
-11.4003
-11.2745
-10.9359
-14.1653
-12.2951
-12.453
-12.4874
-11.1194
-11.1194
-10.3965
-10.3965
-11.308
-11.308
-11.7074
-11.7074
-12.4159
-11.9741
-12.1395
-10.5695
-10.5695
-10.5695
-11.333
-11.333
-10.3007
-11.9332
-10.7024
-10.6166
-12.4468
-12.2552
-11.6064
-11.6064
-10.8365
-10.8365
-9.7731
-12.4087
-12.4087
-12.4253
-12.2892
-12.3095
-10.4958
-10.9397
-10.9397
-10.9397
-10.4416
-12.4323
-12.3234
-12.3234
-12.1699
-12.1699
-12.1699
-12.4323
-11.3965
-11.5335
-11.9254
-11.052
-11.052
-12.0872
-12.2994
-10.3632
-10.3502
-10.3502
-11.5329
-11.5329
-11.5145
-10.3502
-11.6254
-10.3502
-10.3502
-10.992
-11.3273
-10.8278
-10.6698
-10.4247
-10.4247
-10.6073
-10.6519
-10.6519
-10.5807
-10.5807
-11.251
-10.9833
-11.412
-11.412
-11.412
-11.412
-12.4212
-12.4212
-12.4325
-11.1642
-12.4476
-11.5629
-11.5629
-10.3305
-10.4924
-10.1117
-10.8608
-12.2624
-11.3259
-10.3388
-10.3388
-11.6151
-12.4235
-11.2975
-10.4915
-12.4495
-10.4709
-11.2519
-11.0601
-10.4675
-10.4675
-11.6151
-11.6151
-11.6151
-12.0026
-12.0026
-12.3869
-12.3922
-12.4482
-11.604
-11.604
-11.604
-11.4306
-11.8726
-12.4379
-10.1952
-10.1952
-10.1952
-10.1952
-10.2808
-10.2808
-10.2808
-10.3985
-10.3985
-12.1973
-12.206
-12.4567
-12.4076
-12.4545
-12.1297
-12.4336
-12.42
-11.2658
-12.062
-12.062
-12.3666
-11.2095
-11.9582
-10.4571
-12.3743
-10.4319
-11.2755
-11.2755
-11.5931
-12.4045
-12.42
-12.4232
-11.1627
-12.1461
-11.0508
-12.4839
-12.4839
-10.7588
-10.7588
-10.7588
-11.1093
-10.4152
-11.643
-12.4303
-10.9757
-11.361
-11.361
-10.9757
-11.8139
-10.5521
-10.8162
-11.5798
-11.5798
-12.4631
-11.1798
-12.1388
-12.1388
-11.4031
-11.4031
-10.5282
-10.5282
-10.455
-10.6079
-10.7469
-12.3291
-12.3291
-11.9699
-11.2061
-11.2061
-10.9965
-12.4364
-12.4364
-11.4683
-8.95797
-8.95797
-8.95797
-8.95797
-8.95797
-8.95797
-8.95797
-8.95797
-8.95797
-8.95797
-8.95797
-8.95797
-8.95797
-10.9751
-10.9751
-10.6713
-10.6511
-10.6025
-10.6025
-10.6738
-10.6738
-10.6738
-10.6738
-10.6051
-10.6051
-10.3988
-10.3988
-11.7979
-11.0539
-10.5458
-11.5209
-11.258
-11.862
-11.4453
-11.4495
-10.6981
-11.4495
-11.4495
-11.4495
-11.238
-10.3273
-12.2498
-12.2498
-12.2242
-10.3969
-11.9844
-9.03068
-10.9486
-12.3387
-10.5742
-11.1505
-10.6355
-10.6355
-12.227
-11.3787
-11.3787
-12.2456
-12.1361
-12.2805
-10.8801
-12.3944
-12.5683
-10.8385
-12.5683
-12.5683
-9.55127
-9.55127
-9.92402
-9.92402
-9.92402
-9.55127
-9.55127
-9.55127
-9.55127
-9.55127
-9.55127
-9.55127
-9.55127
-11.21
-11.21
-12.4461
-12.4276
-12.4276
-11.21
-11.21
-11.2604
-11.2604
-10.3539
-10.3539
-10.2396
-10.2396
-10.2396
-12.1086
-12.4294
-12.4294
-12.4239
-10.9919
-11.8907
-11.2399
-10.4832
-10.5493
-10.7297
-11.0074
-11.0074
-11.0074
-12.4531
-12.4443
-10.5434
-13.4053
-11.9051
-11.9051
-10.7883
-10.7883
-10.7883
-10.9292
-10.9292
-10.6575
-11.6765
-11.6765
-11.6765
-11.0647
-10.624
-10.4414
-10.4414
-11.1549
-10.4212
-9.76644
-9.76644
-9.76644
-9.76644
-9.76644
-9.76644
-9.76644
-9.76644
-10.302
-10.568
-9.89721
-9.89721
-12.374
-12.0077
-12.4519
-12.4519
-12.4519
-10.5019
-11.5368
-12.3879
-12.3901
-10.2516
-11.2915
-10.4479
-10.4479
-10.4454
-10.4454
-10.4454
-11.1308
-11.1308
-11.3173
-11.6956
-11.0738
-10.72
-14.3524
-10.6503
-10.6503
-12.4495
-12.4206
-12.2879
-10.7467
-12.0556
-10.4654
-12.2965
-11.5742
-12.2845
-11.2723
-10.9129
-11.8621
-10.5239
-10.5312
-10.5312
-10.7585
-11.6063
-11.5511
-12.4178
-11.691
-12.3072
-12.3072
-12.3072
-10.2571
-10.2571
-11.6389
-10.6652
-10.4683
-10.5902
-10.5902
-10.5902
-10.5902
-11.281
-12.1551
-11.8881
-12.4508
-11.5761
-10.6926
-10.4332
-10.4332
-10.4332
-10.4332
-12.1655
-10.9033
-11.0536
-12.3396
-11.9169
-11.4968
-11.3368
-10.8042
-10.8042
-11.4968
-12.4185
-12.4688
-14.6973
-10.785
-10.785
-10.785
-11.2798
-11.2798
-11.4371
-10.7927
-10.6094
-10.6094
-10.6094
-10.6094
-10.6094
-12.0571
-10.4724
-10.7094
-10.7094
-10.7094
-12.3954
-12.4028
-11.8545
-12.2144
-10.3994
-10.3994
-12.4821
-11.9539
-12.4044
-12.2726
-12.4464
-12.4363
-10.9092
-10.9092
-10.9432
-10.9432
-10.9432
-11.1147
-12.218
-11.9929
-11.1064
-11.5199
-12.0797
-12.4604
-11.0097
-11.4054
-10.673
-10.8242
-10.8242
-12.0259
-11.5103
-11.5103
-11.5103
-10.842
-10.842
-10.842
-10.4858
-10.4727
-10.4727
-10.273
-10.273
-12.023
-10.273
-10.2714
-10.3204
-10.3204
-10.2714
-10.2714
-10.2714
-10.2714
-10.2714
-10.2714
-10.4727
-10.5012
-10.5012
-10.4426
-10.4426
-10.4426
-10.4426
-10.3944
-10.4426
-10.4426
-10.8691
-11.4176
-11.4176
-10.3229
-10.3229
-10.7239
