ip_ml_5_rawLogLikelihood_unified = zeros(1000,1);
ip_ml_5_rawLogLikelihood_unified = [-26.7809
-27.3106
-27.3222
-26.7809
-26.7809
-24.9909
-25.7217
-24.708
-26.6181
-26.6181
-25.4666
-25.4666
-25.4666
-25.8929
-22.6447
-22.6447
-22.6447
-22.6447
-24.9042
-24.6633
-24.6633
-26.4825
-27.3407
-27.2167
-24.7455
-24.7455
-24.7455
-27.0005
-27.2558
-24.8485
-24.9413
-24.9413
-25.5005
-25.5005
-27.2573
-27.156
-27.2682
-27.2682
-24.4237
-24.4237
-25.115
-25.9962
-25.9962
-25.0141
-27.0434
-24.4237
-24.4237
-24.4237
-24.4237
-27.303
-27.3525
-25.9033
-25.9033
-25.7441
-24.8017
-24.9396
-24.9396
-25.4641
-25.4641
-24.7254
-24.7254
-24.7254
-24.7254
-24.7254
-27.1445
-26.0735
-25.5869
-25.5869
-25.5869
-25.5869
-24.8603
-24.8394
-24.8603
-26.0312
-26.9631
-24.7191
-24.7191
-24.8359
-24.8359
-24.8359
-24.8359
-25.9155
-24.6203
-24.6203
-24.5916
-24.5916
-24.5916
-25.3626
-25.3626
-25.6116
-25.6116
-26.5375
-24.6323
-24.6323
-24.6323
-24.3006
-24.3006
-24.6323
-24.6323
-24.6323
-24.6323
-24.6323
-25.0703
-25.0703
-24.6323
-26.0278
-26.0278
-26.8116
-24.5152
-24.5152
-25.4494
-24.1503
-25.0055
-23.0726
-23.0726
-23.0726
-23.0726
-23.0726
-23.0726
-23.0726
-25.5029
-24.4917
-24.5824
-27.1946
-25.5549
-24.6053
-24.6053
-24.6053
-24.6053
-26.3257
-26.3257
-26.9028
-26.9028
-24.6468
-24.8649
-22.7649
-24.6867
-24.6867
-26.2123
-26.2123
-26.3297
-26.2826
-27.2534
-27.2534
-25.4519
-27.1438
-26.0459
-26.1162
-25.2794
-26.2714
-25.4675
-24.1737
-24.1737
-24.1737
-24.1737
-25.9797
-25.3658
-24.1737
-24.1737
-24.1737
-24.1737
-24.1737
-27.3545
-27.2786
-27.2768
-24.6074
-24.6074
-24.6074
-24.6074
-24.6647
-24.6647
-24.6647
-24.2049
-24.6256
-24.6256
-24.6256
-24.8011
-24.5743
-24.8376
-24.721
-24.4438
-25.0145
-25.0145
-24.2383
-24.2383
-24.2383
-24.525
-24.6026
-24.195
-25.1192
-25.1322
-24.195
-25.7847
-24.8746
-26.8042
-25.6831
-25.6831
-25.1393
-25.1393
-25.6831
-27.0584
-27.1763
-25.0629
-24.5461
-26.1049
-25.1173
-24.8218
-27.2717
-26.8805
-24.8832
-24.8832
-24.8832
-26.9058
-26.9058
-27.3738
-27.3219
-27.2565
-26.7849
-26.5633
-26.5633
-24.8107
-24.7531
-24.7295
-24.7295
-26.6021
-27.0018
-27.3592
-24.5472
-27.2682
-24.5006
-25.5872
-24.1623
-24.2833
-24.2833
-27.3267
-27.3443
-26.959
-25.6895
-26.5346
-25.5301
-27.3978
-26.3962
-27.0352
-25.473
-24.6423
-25.87
-24.9423
-27.179
-27.3307
-25.2524
-26.8902
-26.5479
-25.297
-24.8192
-24.3339
-24.3339
-24.7152
-27.2684
-27.3612
-24.586
-24.9464
-24.9464
-24.3489
-24.3489
-24.3489
-24.8658
-24.8658
-27.2951
-24.9054
-26.2729
-24.7834
-24.7834
-24.7834
-24.7834
-25.3746
-24.7834
-24.7834
-26.8846
-26.9921
-24.9611
-26.038
-26.8199
-24.7309
-24.7309
-24.7327
-24.7327
-24.7327
-24.7327
-24.7327
-24.7327
-24.7327
-24.7327
-27.1557
-27.0001
-26.4097
-26.4385
-25.2199
-25.2226
-24.7746
-24.7746
-25.671
-24.7746
-24.7746
-24.7746
-24.7746
-24.6659
-24.7507
-24.9051
-25.8515
-25.8717
-24.7937
-24.7937
-24.7687
-25.5749
-25.6421
-25.6421
-25.4643
-25.0133
-25.6863
-24.5926
-24.7348
-24.9654
-24.6118
-27.0828
-26.7671
-26.6611
-24.5688
-27.293
-25.0663
-25.0098
-25.8716
-25.8716
-26.1106
-25.4823
-27.248
-27.3576
-26.5177
-26.5177
-24.1403
-27.2194
-27.2194
-24.4006
-26.2679
-26.2679
-24.5099
-24.5099
-24.5757
-24.7756
-24.7756
-24.8071
-24.8071
-24.7265
-24.7587
-24.7587
-25.2444
-25.399
-25.399
-24.9848
-24.9848
-24.9848
-24.3433
-25.3251
-24.4143
-25.3251
-25.3251
-24.6535
-24.8305
-24.8305
-24.7998
-24.9224
-25.7517
-27.0585
-26.2487
-29.7747
-25.4688
-24.4468
-26.3
-26.3
-26.3
-27.3017
-25.911
-26.8852
-24.6915
-24.6915
-24.3115
-24.56
-27.283
-26.1573
-26.1573
-26.1573
-24.4983
-25.0689
-23.5656
-27.1226
-27.1226
-27.1513
-27.1513
-24.3376
-24.3376
-25.2148
-27.2339
-26.6903
-26.6903
-25.2148
-25.2148
-27.1709
-27.1709
-25.2453
-27.3249
-25.6661
-25.9353
-25.6814
-25.3736
-27.137
-27.137
-24.3814
-24.3814
-26.5454
-26.0274
-24.3814
-24.3814
-24.3814
-24.3814
-24.3814
-25.2888
-23.8595
-25.016
-24.8332
-24.4868
-26.0731
-25.142
-24.8079
-24.8079
-24.8079
-24.8079
-25.2764
-25.2764
-25.8826
-27.3345
-27.3345
-26.0958
-24.0443
-24.0443
-24.969
-24.969
-24.969
-24.969
-24.969
-26.1695
-27.3124
-25.7206
-24.5812
-26.8213
-27.1058
-26.8022
-24.5521
-24.5521
-25.6561
-24.5438
-24.8364
-27.3492
-27.3655
-27.04
-24.5749
-26.8984
-24.9587
-26.0791
-24.6593
-26.2769
-27.1481
-24.2499
-24.6377
-24.8654
-24.6326
-24.4988
-24.4988
-25.3759
-25.5049
-27.1174
-25.6071
-26.8542
-24.6978
-25.2474
-27.2727
-27.0169
-27.3876
-27.3305
-25.1717
-25.3476
-25.2198
-25.4622
-26.7036
-24.8974
-25.0767
-24.2723
-24.27
-24.27
-24.5949
-24.5121
-24.5121
-25.8687
-25.8687
-25.7115
-25.8476
-24.1623
-24.1623
-24.1623
-24.1623
-24.1623
-24.2833
-24.2833
-24.2833
-24.2833
-24.4498
-24.4498
-25.0809
-24.4498
-25.6424
-26.9927
-24.2767
-26.897
-26.897
-26.7613
-27.1533
-26.8013
-26.8013
-26.4855
-26.4855
-24.7366
-24.7366
-26.6546
-27.0109
-24.5326
-24.5326
-24.5326
-24.4969
-24.438
-24.438
-26.37
-26.37
-24.5353
-24.5353
-24.3796
-24.3796
-26.3573
-26.3573
-26.3573
-25.2657
-24.6384
-25.0402
-25.0402
-26.1198
-26.1198
-24.6331
-24.6331
-24.6331
-24.6331
-24.7457
-24.7457
-25.7788
-25.7788
-25.2951
-25.2951
-24.8053
-22.4133
-22.4133
-22.4133
-22.4133
-22.4133
-22.4133
-22.4133
-21.2133
-22.4133
-22.4133
-22.4133
-22.4133
-22.4133
-22.4133
-22.4133
-22.4133
-22.4133
-22.4133
-22.4133
-22.4133
-22.4133
-22.4133
-22.4133
-22.4133
-22.4133
-25.5339
-24.7381
-26.5301
-24.7381
-24.7381
-24.7381
-24.8389
-24.8389
-24.8389
-24.8389
-24.8389
-24.8389
-24.8389
-24.8389
-24.8389
-24.7418
-24.9129
-24.9129
-24.4502
-24.4502
-24.4502
-26.428
-25.3762
-24.6579
-24.6579
-24.6579
-24.6579
-26.5186
-25.9354
-25.9354
-24.3491
-26.5393
-26.5393
-27.325
-22.5161
-22.5161
-22.5161
-25.2274
-27.1925
-24.6981
-26.752
-25.5128
-25.2809
-25.2809
-25.2809
-25.1907
-26.5917
-26.5917
-25.7079
-25.1305
-23.252
-23.252
-23.252
-23.252
-23.252
-23.779
-23.779
-23.779
-23.252
-23.252
-23.252
-23.252
-23.252
-24.1624
-24.4847
-24.5525
-24.2624
-24.8285
-23.252
-23.252
-23.252
-23.252
-23.252
-23.252
-23.252
-25.966
-27.3444
-27.3182
-27.1627
-27.1287
-25.6682
-25.6682
-25.6682
-24.3388
-24.3388
-27.3081
-27.3081
-24.3866
-24.3866
-24.2251
-24.8625
-24.2251
-25.6548
-27.0847
-27.3208
-27.255
-27.313
-25.2886
-24.8749
-24.8749
-26.5593
-26.5593
-24.8534
-24.5695
-24.5695
-24.9231
-25.3104
-24.3471
-24.3471
-25.3104
-23.9654
-27.3542
-25.2075
-25.1535
-25.1999
-24.695
-24.8159
-26.2564
-24.5104
-24.5104
-24.5104
-24.5104
-25.5191
-25.5191
-25.5191
-27.2216
-27.2216
-24.4818
-24.4818
-24.025
-23.5562
-23.5562
-23.5562
-23.5562
-23.5562
-23.5562
-24.4014
-25.263
-25.263
-25.263
-23.7411
-25.5253
-24.623
-27.2004
-24.5959
-25.1609
-27.2651
-24.2421
-25.6366
-25.6366
-24.5195
-24.5195
-24.516
-24.516
-24.9858
-24.9858
-26.6579
-26.2834
-26.2834
-25.4044
-25.4044
-24.8057
-25.0714
-25.1733
-25.1733
-25.1733
-24.2576
-24.2576
-26.1118
-26.1118
-24.6357
-24.6357
-25.685
-24.6338
-25.177
-25.177
-24.627
-24.533
-24.6373
-24.6373
-27.0485
-27.0485
-24.8267
-25.5905
-24.5484
-24.5484
-24.7207
-24.7403
-26.0023
-26.0023
-25.7762
-25.9449
-25.0232
-25.0232
-26.0023
-26.0023
-24.9961
-24.9961
-24.7478
-24.7478
-24.7478
-24.7478
-24.7478
-24.7478
-24.7478
-24.7478
-26.607
-26.607
-24.8892
-24.8892
-24.8892
-25.3988
-25.3988
-26.923
-26.508
-26.508
-25.09
-25.09
-25.3779
-25.3779
-25.3779
-25.3779
-26.6486
-26.6486
-25.2198
-25.2198
-25.2198
-25.2198
-25.3137
-25.3137
-24.737
-24.737
-24.8378
-24.8378
-26.845
-26.845
-25.7018
-25.7018
-26.3066
-25.0767
-25.0767
-25.0767
-24.5731
-24.5731
-24.5546
-24.5546
-24.2723
-24.2723
-24.27
-24.6586
-24.27
-24.27
-25.3711
-25.3711
-25.3711
-24.5949
-24.5949
-24.4439
-24.4439
-24.5121
-24.5121
-24.5121
-24.5121
-24.5121
-25.8904
-23.9755
-23.9755
-24.3428
-24.5285
-24.5285
-24.5285
-24.5285
-24.9098
-25.4559
-24.8217
-24.8217
-24.9121
-25.0979
-24.9121
-24.9121
-26.9301
-24.077
-24.077
-24.077
-24.4659
-24.4659
-27.1881
-24.9982
-24.9982
-24.7463
-24.7463
-24.9827
-24.9827
-24.9827
-25.2128
-25.3223
-24.3248
-23.6684
-25.5394
-25.5394
-23.4352
-23.4377
-23.4377
