ip_ml_7_rawLogLikelihood_unified = zeros(1000,1);
ip_ml_7_rawLogLikelihood_unified = [-40.558
-41.1379
-37.1951
-37.1951
-37.1951
-37.1951
-37.1951
-37.1951
-37.1951
-37.1951
-37.1951
-37.1951
-37.1951
-37.1951
-37.1951
-41.6061
-41.6061
-41.6061
-41.4527
-41.2891
-41.2891
-43.2789
-44.4054
-40.815
-40.9674
-40.6885
-40.6885
-40.5241
-41.9728
-42.3685
-42.3685
-42.8775
-43.4031
-44.1921
-39.7563
-39.7563
-43.2063
-41.2528
-42.1209
-40.7382
-41.3373
-41.0719
-40.7765
-40.7765
-40.5807
-40.5807
-41.8261
-41.8261
-40.8092
-40.8277
-40.7176
-40.5055
-42.0278
-40.6312
-40.3787
-42.3487
-41.1593
-41.0819
-41.4576
-40.2182
-41.1613
-41.0237
-41.5332
-41.3698
-40.6145
-40.4139
-41.1667
-40.7944
-40.7944
-40.7944
-40.5877
-40.5877
-40.8701
-40.5877
-40.6945
-44.62
-40.2905
-40.3603
-40.4599
-41.3685
-39.6307
-39.9151
-40.4599
-38.7807
-38.7807
-41.1794
-40.407
-40.225
-38.33
-39.7023
-39.8488
-41.1677
-39.7936
-38.8621
-38.3116
-37.898
-37.898
-37.898
-37.898
-38.9634
-38.9634
-37.898
-37.898
-37.898
-37.898
-37.898
-37.898
-37.898
-37.898
-37.898
-37.898
-37.898
-37.898
-37.898
-37.898
-37.898
-37.898
-37.898
-37.898
-37.898
-37.898
-37.898
-37.898
-41.0153
-40.5563
-40.378
-40.378
-39.7964
-39.6083
-39.6083
-40.0658
-40.2706
-39.9231
-40.4392
-39.7891
-40.7629
-40.6512
-41.5949
-43.3301
-42.8861
-40.5492
-40.5492
-44.188
-42.2913
-39.7067
-39.7067
-39.7067
-40.5719
-39.7067
-39.7067
-39.1429
-44.8581
-44.8581
-44.5175
-39.9576
-40.419
-40.419
-40.4633
-41.6957
-40.419
-40.419
-40.419
-40.5131
-40.5131
-40.6335
-40.6335
-40.6234
-40.1127
-40.1127
-40.0139
-40.0139
-40.0139
-40.1132
-40.878
-40.878
-41.0543
-40.3209
-41.268
-41.8103
-40.6437
-40.8582
-40.3851
-41.0876
-41.3814
-41.7364
-40.4111
-39.7416
-39.7416
-39.7416
-42.1897
-41.2927
-41.0192
-40.1314
-40.4009
-44.1526
-40.8719
-40.8719
-41.3857
-41.1842
-41.2692
-41.7799
-43.8216
-43.7747
-40.9325
-40.9325
-40.9325
-44.932
-41.6233
-41.6233
-40.9089
-40.1448
-40.1835
-40.1835
-40.1835
-44.9484
-44.9967
-41.2804
-40.2494
-40.7549
-40.7549
-40.3349
-39.2019
-40.7795
-44.3283
-40.1694
-40.1694
-41.9737
-36.8151
-36.8151
-36.8151
-36.8151
-36.8151
-36.8151
-36.8151
-36.8151
-36.8151
-36.8151
-36.8151
-36.8151
-36.8151
-36.8151
-36.8151
-40.7993
-38.2267
-40.7993
-40.7402
-40.7993
-40.9207
-40.3134
-39.6079
-44.2327
-43.4843
-41.6518
-41.7895
-40.9306
-40.393
-42.7711
-40.6227
-39.9943
-39.9943
-40.2045
-39.9943
-40.4264
-41.5852
-40.5592
-40.5592
-40.177
-40.177
-41.8487
-40.6218
-40.6218
-40.6248
-40.6248
-40.6248
-39.6852
-39.6852
-39.423
-41.8757
-44.1271
-41.425
-42.1813
-40.8383
-40.8383
-40.4204
-40.7578
-41.2734
-40.8387
-40.6936
-41.6887
-41.6887
-40.5152
-40.7877
-40.908
-39.5431
-40.3464
-40.725
-43.1047
-41.0857
-41.3158
-40.6555
-40.1871
-40.1871
-44.026
-40.3423
-41.5063
-42.3341
-42.5807
-39.554
-42.4956
-42.4956
-43.578
-43.4222
-43.5153
-43.309
-40.2588
-40.2588
-40.6953
-40.9185
-40.6953
-40.6953
-41.0342
-40.9641
-40.8809
-41.1766
-41.988
-41.988
-41.5837
-41.8692
-41.8692
-43.1543
-41.218
-42.4319
-42.4319
-41.7949
-40.598
-44.2518
-44.6101
-41.0339
-41.0339
-41.3478
-41.3478
-41.3248
-40.1553
-40.1553
-40.1553
-38.8611
-41.8785
-41.8785
-40.5571
-40.6046
-39.9757
-39.9757
-41.7782
-41.7782
-40.879
-40.2033
-42.9648
-40.3281
-40.5749
-38.7078
-38.7078
-40.2857
-40.2747
-40.2747
-39.9759
-43.49
-43.5305
-40.2419
-42.6251
-40.5071
-40.8565
-41.4756
-42.7564
-42.7564
-40.1139
-42.305
-40.0478
-40.0478
-41.5382
-40.7899
-42.5838
-41.2971
-41.1636
-41.1636
-44.9029
-41.7222
-41.5506
-39.4941
-39.366
-39.3377
-39.4941
-39.4941
-40.5398
-42.4008
-42.4008
-40.9829
-42.2475
-43.0547
-43.0547
-43.1079
-41.9832
-40.3799
-44.9106
-43.732
-39.8317
-40.1959
-40.5413
-41.8217
-40.8755
-40.5397
-41.2553
-40.9443
-40.9443
-41.0448
-40.509
-41.8191
-41.8191
-40.6201
-40.6201
-40.6201
-40.6259
-40.8748
-40.2129
-40.7589
-38.7804
-39.5009
-39.5009
-39.5009
-39.8648
-39.8648
-40.2624
-40.2624
-40.7685
-41.9816
-41.4966
-43.5376
-43.5376
-40.9313
-40.3985
-40.5151
-40.5151
-41.278
-41.278
-41.278
-39.8866
-39.8866
-40.3354
-41.0812
-44.3958
-40.3529
-42.4811
-40.0963
-40.5416
-40.4611
-40.9579
-40.9579
-40.9579
-36.8151
-36.8151
-36.8151
-36.8151
-36.8151
-36.8151
-40.3416
-40.5921
-40.8437
-41.3545
-40.5597
-44.9937
-40.6107
-40.6107
-40.7557
-42.2252
-41.1912
-41.1912
-41.1912
-43.5873
-41.0085
-41.0085
-40.9401
-36.8151
-37.695
-36.8151
-41.1811
-43.0874
-41.3485
-40.7341
-40.4037
-41.2946
-41.102
-40.383
-41.1473
-39.2544
-42.3649
-43.8776
-40.3831
-40.8819
-40.7974
-41.042
-40.4202
-39.6878
-39.6878
-40.4773
-40.1601
-40.334
-44.3962
-44.3962
-44.5962
-40.1694
-40.1694
-43.2933
-43.2933
-41.9737
-40.6367
-40.6887
-40.6887
-36.8151
-36.8151
-36.8151
-36.8151
-36.519
-36.8151
-36.8151
-38.7779
-41.4642
-38.9422
-36.8151
-36.3322
-36.8151
-36.8151
-36.8151
-36.8151
-36.8151
-36.8151
-36.8151
-36.8151
-36.8151
-36.8151
-36.8151
-38.1914
-38.1914
-36.8151
-36.8151
-34.844
-34.844
-34.844
-34.844
-34.844
-34.844
-34.844
-34.844
-34.844
-34.844
-36.8151
-36.8151
-36.8151
-36.8151
-36.8151
-36.8151
-36.8151
-37.695
-37.695
-36.8151
-36.8151
-35.8521
-35.8521
-35.8521
-36.8151
-36.8151
-36.8151
-36.8151
-36.8151
-36.8151
-36.8151
-36.8151
-36.8151
-36.8151
-36.8151
-36.8151
-36.8151
-36.8151
-36.8151
-36.8151
-36.8151
-36.8151
-36.8151
-36.8151
-36.8151
-35.5459
-35.5459
-35.5459
-35.5459
-35.5459
-35.5459
-35.5459
-35.5459
-35.5459
-35.5459
-35.5459
-36.8151
-36.8151
-41.6703
-41.2256
-40.7993
-40.7993
-40.7993
-40.7993
-40.7993
-40.7993
-38.2381
-38.2381
-40.7993
-40.7993
-43.1682
-43.0267
-40.7267
-40.6823
-40.2827
-40.3514
-40.3514
-39.9948
-39.9948
-44.5418
-36.9839
-36.9839
-36.9839
-36.9839
-36.9839
-36.9839
-36.9839
-36.9839
-36.9839
-36.9839
-36.9839
-43.7627
-40.8389
-41.5539
-41.377
-40.661
-40.8295
-40.8295
-38.1927
-38.1927
-38.1927
-38.1927
-39.0582
-39.0582
-39.0582
-39.0582
-39.0582
-39.0582
-38.1927
-38.1927
-39.7436
-40.3334
-40.9028
-38.1927
-38.1927
-40.718
-39.9124
-38.1927
-38.1927
-38.1927
-38.1927
-38.1927
-38.1927
-38.1927
-38.1927
-38.1927
-38.1927
-38.1927
-38.1927
-38.1927
-38.1927
-38.1927
-38.1927
-38.1927
-38.1927
-38.1927
-38.1927
-38.1927
-38.1927
-38.1927
-40.5099
-41.0181
-41.8135
-41.9947
-41.6239
-41.6239
-41.6239
-36.8105
-36.8105
-41.0926
-43.083
-39.791
-39.791
-38.9168
-38.9168
-42.0045
-40.7628
-41.1889
-40.9375
-40.5833
-39.3645
-41.042
-40.7168
-40.7614
-40.2126
-40.2126
-39.9472
-38.6924
-38.6484
-38.6484
-38.6924
-38.6924
-38.6924
-38.6924
-38.6924
-38.6924
-38.6779
-40.0505
-40.0806
-39.8837
-39.8522
-40.8444
-41.4958
-41.2544
-38.996
-38.996
-38.996
-38.996
-41.228
-42.0718
-40.2746
-40.2746
-40.6097
-41.2158
-41.5975
-40.2632
-39.4811
-39.4811
-41.37
-39.9846
-40.8586
-41.3837
-43.68
-40.7329
-40.5672
-40.5672
-40.6033
-41.3485
-41.3485
-41.5828
-39.9187
-39.8422
-39.7648
-39.7648
-39.7648
-39.7648
-40.9298
-40.0939
-40.3774
-41.7528
-41.7528
-40.3948
-40.7082
-41.2817
-40.5386
-40.5386
-40.4728
-41.9596
-41.1528
-40.9876
-41.5899
-40.6496
-40.6496
-40.3764
-40.3764
-40.6496
-40.5166
-40.6256
-40.6256
-41.4249
-41.4249
-40.6591
-42.195
-41.1898
-41.1898
-40.8886
-40.839
-39.8151
-39.8648
-39.3069
-40.2045
-40.2045
-40.591
-40.5813
-40.5813
-40.1505
-40.119
-40.5146
-40.2624
-40.2624
-39.3811
-39.3811
-39.3811
-39.3811
-39.9844
-39.5691
-39.5691
-40.7574
-39.7425
-39.7425
-40.0911
-39.9523
-40.771
-40.4832
-41.4146
-39.5478
-39.5478
-39.5478
-40.1529
-39.9642
-40.5705
-40.5705
-40.5705
-40.9915
-41.4531
-40.5168
-40.3735
-40.3735
-41.1171
-41.1171
-39.6561
-39.6561
-38.4935
-38.7829
-38.9708
-38.4935
-37.3857
-37.3857
-38.4935
-38.4935
-39.001
-40.8349
-41.7385
-41.841
-40.8005
-38.4935
-38.4935
-38.4935
-38.4935
-38.4935
-38.4935
-38.4935
-38.4935
-39.2402
-39.2402
-38.4935
-37.8593
-37.8593
-38.4935
-38.4935
-38.4935
-38.4935
-38.4935
-38.4935
-38.4935
-38.4935
-38.4935
-38.4935
-37.8498
-37.8498
-37.8498
-37.8498
-38.4935
-38.4935
-38.4935
-38.4935
-40.6173
-40.6173
-38.4935
-41.8825
-38.4935
-38.4935
-38.4935
-38.4935
-38.4935
-40.6203
-40.7639
-40.7639
