ip_ml_4_rawChain_unified = zeros(1000,3);
ip_ml_4_rawChain_unified = [9.1929185262539228e+00 3.8833577320298405e+00 5.2915787857095109e-01 
9.1900673618047719e+00 4.6988175498935592e+00 4.8101688141930532e-01 
9.1900673618047719e+00 4.6988175498935592e+00 4.8101688141930532e-01 
9.0003107132669882e+01 4.9899642060211740e+00 9.5826917022027280e-01 
9.0003107132669882e+01 4.9899642060211740e+00 9.5826917022027280e-01 
9.0003107132669882e+01 4.9899642060211740e+00 9.5826917022027280e-01 
8.5515340453353261e+01 4.4796954591212739e+00 7.8655430892404399e-01 
8.5515340453353261e+01 4.4796954591212739e+00 7.8655430892404399e-01 
2.4274587818420599e+01 3.1751441300862777e+00 7.8338842149362209e-01 
4.2494292106771283e+00 3.3584942155439905e+00 7.3146159738606609e-01 
4.2494292106771283e+00 3.3584942155439905e+00 7.3146159738606609e-01 
2.0464833445524038e+00 3.0299584793500145e+00 8.5900775883262859e-01 
2.1748817268416984e+00 1.1830883483285606e+00 4.9438828894374998e-01 
4.1316983742367512e+01 8.0832077959625277e+00 7.6401855426765952e-01 
8.9045960663565637e+01 9.7642541107313292e+00 5.4927688953779974e-01 
3.7456209475449334e+01 7.3751449693945421e+00 6.7004598966870832e-01 
5.2834388817611128e+01 9.4500521210004589e+00 1.0001194074061341e+00 
1.3474728264652621e+01 3.0715892884956557e+00 3.3670984616932104e-01 
4.4791291122342209e+01 9.0778810333668183e+00 8.0925137200698083e-01 
8.2980907311130039e+01 9.2831946011920881e+00 5.7221436764560785e-01 
3.9819054325392344e+01 8.4423281885330717e+00 1.1888748933406610e+00 
3.9819054325392344e+01 8.4423281885330717e+00 1.1888748933406610e+00 
3.9819054325392344e+01 8.4423281885330717e+00 1.1888748933406610e+00 
3.9819054325392344e+01 8.4423281885330717e+00 1.1888748933406610e+00 
9.1558431944918652e+01 4.3778484237246680e+00 5.3173002640780975e-01 
6.7494161661594305e+01 6.2986792337189428e+00 8.0584097022164192e-01 
9.3175318077118717e+01 8.4239791410624143e+00 6.0919113927193835e-01 
7.6057048955883218e+01 7.3386197062669236e+00 1.0095661128145346e+00 
2.4512134069913820e+01 9.2447255566368423e+00 6.6049316169208017e-01 
2.4512134069913820e+01 9.2447255566368423e+00 6.6049316169208017e-01 
2.4512134069913820e+01 9.2447255566368423e+00 6.6049316169208017e-01 
7.5834722393501309e+01 5.9959798102348536e+00 3.5582012286969900e-01 
8.3488858676755001e+01 8.0805356850711796e+00 6.3335229205247767e-01 
8.3488858676755001e+01 8.0805356850711796e+00 6.3335229205247767e-01 
2.0155224157108648e+01 3.6159233132681914e+00 6.6770530169068820e-01 
7.2761479362239257e+01 4.2893342212654311e+00 5.5422635543878163e-01 
1.9215740784637461e+01 4.8461418279309294e+00 2.3417113434233033e-01 
1.9215740784637461e+01 4.8461418279309294e+00 2.3417113434233033e-01 
2.0958384654889315e+01 5.9980553907361163e+00 4.9045704976624332e-01 
5.4697819354354777e+01 9.8471094709800351e+00 4.3945262257939521e-01 
4.5291239657021521e+01 5.5939760126481470e+00 6.0368647764772909e-01 
7.0449472109608934e+01 6.5565061474698156e+00 1.1811600563393723e+00 
7.0449472109608934e+01 6.5565061474698156e+00 1.1811600563393723e+00 
5.5250767749562229e+01 7.1921168864247900e+00 1.1873497229881231e+00 
5.5250767749562229e+01 7.1921168864247900e+00 1.1873497229881231e+00 
3.1876949387261106e+01 7.8650155340506096e+00 9.0619517856867893e-01 
6.5021789644268992e+01 9.2994527164425715e+00 1.0152601748431294e+00 
2.5745190074143018e+01 7.2190724085850615e+00 6.3826469295385335e-01 
1.5508377592072087e+01 3.2992832520390638e+00 5.4133041466083109e-01 
1.5508377592072087e+01 3.2992832520390638e+00 5.4133041466083109e-01 
3.6307431373712404e+01 5.1545071618987226e+00 6.0497369840125381e-01 
4.1914076140785269e+01 6.7783604324480002e+00 5.7372650834258654e-01 
1.5508377592072087e+01 3.2992832520390638e+00 5.4133041466083109e-01 
1.5508377592072087e+01 3.2992832520390638e+00 5.4133041466083109e-01 
1.5508377592072087e+01 3.2992832520390638e+00 5.4133041466083109e-01 
1.5508377592072087e+01 3.2992832520390638e+00 5.4133041466083109e-01 
1.5508377592072087e+01 3.2992832520390638e+00 5.4133041466083109e-01 
5.8251379750007807e+01 6.3615672341169889e+00 1.1669210226211173e+00 
2.8631954740311944e+01 7.5543850448623573e+00 7.0489989890851557e-01 
1.7653215821678415e+01 9.2772342285567166e+00 8.6117281323374495e-01 
1.7653215821678415e+01 9.2772342285567166e+00 8.6117281323374495e-01 
1.7653215821678415e+01 9.2772342285567166e+00 8.6117281323374495e-01 
7.5995771466144832e+00 3.3362189583652495e+00 3.7192411741661713e-01 
7.5995771466144832e+00 3.3362189583652495e+00 3.7192411741661713e-01 
7.5995771466144832e+00 3.3362189583652495e+00 3.7192411741661713e-01 
3.5295924832359082e+00 9.1086112879725700e-01 4.1883106040779783e-01 
4.9465704546012406e+00 3.2340758493667878e+00 5.6807501611921718e-01 
8.3865931189034782e+01 5.9542037696714312e+00 1.1443502012220208e+00 
9.6984934679090443e+01 6.1937055728542267e+00 9.2935803350123147e-01 
9.6984934679090443e+01 6.1937055728542267e+00 9.2935803350123147e-01 
7.8931194668598081e+01 7.3474757568389464e+00 1.1843434126377446e+00 
7.8931194668598081e+01 7.3474757568389464e+00 1.1843434126377446e+00 
4.0568319389540079e+01 5.4494823712264466e+00 1.1772963289149099e+00 
4.0568319389540079e+01 5.4494823712264466e+00 1.1772963289149099e+00 
4.0568319389540079e+01 5.4494823712264466e+00 1.1772963289149099e+00 
4.0568319389540079e+01 5.4494823712264466e+00 1.1772963289149099e+00 
9.1211837067463478e+01 6.4121561236718936e+00 8.4076548781225158e-01 
4.5078169424573197e+01 6.3125260904531562e+00 5.9407520524696900e-01 
4.5078169424573197e+01 6.3125260904531562e+00 5.9407520524696900e-01 
6.9537355310982917e+01 4.9818715426308495e+00 6.4743285876725065e-01 
6.4291656325306093e+01 6.2379533880156783e+00 8.8786041144579320e-01 
7.1838811577017353e+01 5.8167084720578472e+00 1.1733229253274473e+00 
7.1838811577017353e+01 5.8167084720578472e+00 1.1733229253274473e+00 
7.1838811577017353e+01 5.8167084720578472e+00 1.1733229253274473e+00 
7.1904800374434970e+01 5.3493005554674200e+00 1.0054509380108654e+00 
7.1904800374434970e+01 5.3493005554674200e+00 1.0054509380108654e+00 
7.1838811577017353e+01 5.8167084720578472e+00 1.1733229253274473e+00 
7.1838811577017353e+01 5.8167084720578472e+00 1.1733229253274473e+00 
3.5701856606519577e+01 3.9164161581412067e+00 9.0601538567273943e-01 
3.5701856606519577e+01 3.9164161581412067e+00 9.0601538567273943e-01 
6.1887856951304379e+01 8.2781165413934943e+00 8.4279594051750573e-01 
8.3290327949300746e+01 8.6176114724744668e+00 9.7371520632095776e-01 
4.7319450384409386e+01 7.8756989461529789e+00 3.3255472500082051e-01 
6.4640508172112504e+01 5.4882838202777879e+00 1.0120547170029766e+00 
6.4640508172112504e+01 5.4882838202777879e+00 1.0120547170029766e+00 
8.6639150542074034e+01 5.4230890520471284e+00 8.8141116813527209e-01 
8.6639150542074034e+01 5.4230890520471284e+00 8.8141116813527209e-01 
6.4732658504774335e+01 4.1732568788411690e+00 8.5716414851948064e-01 
6.4732658504774335e+01 4.1732568788411690e+00 8.5716414851948064e-01 
8.9153287270855515e+01 7.4427019160046006e+00 5.9345077333309482e-01 
9.9871040457861639e+01 4.3493070022765501e+00 6.2895345806101799e-01 
9.9871040457861639e+01 4.3493070022765501e+00 6.2895345806101799e-01 
9.9871040457861639e+01 4.3493070022765501e+00 6.2895345806101799e-01 
9.3562256205705481e+01 4.0976853498170742e+00 5.3670811687079700e-01 
9.3562256205705481e+01 4.0976853498170742e+00 5.3670811687079700e-01 
9.3562256205705481e+01 4.0976853498170742e+00 5.3670811687079700e-01 
3.4773419905277912e+01 7.1651763958348376e+00 7.2148732090830625e-01 
4.2484194325091750e+01 7.7578900520943801e+00 1.0257871301930948e+00 
4.2484194325091750e+01 7.7578900520943801e+00 1.0257871301930948e+00 
4.2484194325091750e+01 7.7578900520943801e+00 1.0257871301930948e+00 
1.8321087751553559e+01 2.3759542218278886e+00 3.3679793387239770e-01 
1.8321087751553559e+01 2.3759542218278886e+00 3.3679793387239770e-01 
1.8321087751553559e+01 2.3759542218278886e+00 3.3679793387239770e-01 
