ip_ml_1_rawLogLikelihood_unified = zeros(1000,1);
ip_ml_1_rawLogLikelihood_unified = [-0.0951208
-0.0951208
-0.100646
-0.100646
-0.0994628
-0.0982236
-0.124614
-0.124614
-0.63446
-0.63446
-0.63446
-0.0972278
-0.0885213
-0.0940899
-0.0940899
-0.112998
-0.0888042
-0.0994716
-0.0994716
-0.735334
-1.21418
-1.21418
-0.100204
-0.100204
-0.100204
-0.100204
-0.0993233
-0.0993233
-0.0993233
-0.111944
-0.111944
-0.0916018
-0.0990358
-0.0990358
-0.0999413
-0.204321
-0.204321
-0.0934932
-0.100487
-0.100416
-0.0960512
-0.0991023
-0.0997496
-0.100435
-0.140366
-0.894175
-0.121218
-0.0881777
-0.0923232
-0.0923232
-0.359993
-0.0910643
-0.0986974
-0.632212
-0.100501
-0.0993906
-0.0993906
-0.0913629
-0.0913629
-0.0913629
-0.678119
-0.110201
-0.10035
-0.0999784
-0.233431
-0.0971529
-0.10011
-0.0954991
-0.100179
-0.0993683
-0.0996992
-0.0964524
-0.0995172
-1.50283
-0.100312
-0.261108
-0.0960216
-0.0960943
-0.100258
-0.0997142
-0.100165
-0.0985834
-0.100193
-0.100193
-0.553445
-0.100423
-0.100176
-0.107774
-0.325933
-0.325933
-0.108662
-0.100384
-0.0991679
-0.225864
-0.100259
-0.0985328
-0.0985328
-0.0970277
-0.0968331
-0.0966796
-0.0942118
-0.0923188
-0.0996933
-0.0896001
-0.0982461
-0.0982461
-0.0961088
-0.0995687
-0.0903893
-0.0970662
-0.098274
-0.0909868
-0.0925856
-0.134668
-0.093641
-0.0951844
-0.0907068
-0.099798
-0.099177
-0.0910153
-0.0910153
-0.096444
-0.0985807
-0.0943317
-0.105122
-0.105122
-0.101042
-0.101042
-0.0903652
-0.0903652
-0.0958746
-0.0980801
-0.130104
-0.130104
-0.0917345
-0.0846435
-0.0950137
-0.0950137
-0.0971712
-0.100128
-0.187567
-0.0902385
-0.0965776
-0.10013
-0.10013
-0.128188
-0.0910031
-0.100484
-0.165454
-0.0904516
-0.0904516
-0.424169
-0.138833
-0.126338
-0.0984747
-0.0960261
-0.0978577
-0.0978577
-0.0903993
-0.0903993
-0.0991241
-0.0972396
-0.0999685
-0.100319
-0.0999169
-0.0961875
-0.196259
-0.196259
-0.0980157
-0.0980157
-0.0990325
-0.0990325
-0.0900243
-0.0900243
-0.100001
-0.100336
-0.0995106
-0.0980811
-0.0980811
-0.0961915
-0.163437
-0.260525
-0.0976233
-0.0936981
-0.0988786
-0.0988786
-0.0966059
-0.0966059
-0.0958091
-0.0984563
-0.0999809
-0.0910304
-0.094528
-0.094528
-0.0994256
-0.0991144
-0.090817
-0.090817
-0.0981378
-0.0981378
-0.0975063
-0.0975063
-0.0999169
-0.100225
-0.0901667
-0.0900671
-0.0940643
-0.100233
-0.0960116
-0.0925246
-0.0972258
-0.0988442
-0.0995459
-0.0976646
-0.099334
-0.0958329
-0.0960674
-0.0960674
-0.0988148
-0.0987698
-0.0901252
-0.0957677
-0.0995842
-0.100471
-0.23513
-0.23513
-0.23513
-0.0997995
-0.0903104
-0.0960509
-0.0999975
-0.100212
-0.100212
-0.0888847
-0.10004
-0.0970314
-0.100413
-0.0987057
-0.0987057
-0.0989822
-0.0989822
-0.100375
-0.0998581
-0.0998581
-0.0998581
-0.100423
-0.100147
-0.100138
-0.100426
-0.100426
-0.0957277
-0.0982824
-0.0965194
-0.0965194
-0.0965194
-0.100034
-0.100187
-0.2104
-0.093511
-0.096384
-0.0999479
-0.0989008
-0.0994353
-0.0909196
-0.320209
-0.320209
-0.190638
-0.110634
-0.0990113
-0.0966101
-0.0971221
-0.0911427
-0.0992243
-0.0992243
-0.100217
-0.100217
-0.0998938
-0.430125
-0.0896606
-0.0965014
-0.0906098
-0.0925309
-0.0917622
-0.427378
-0.0999971
-0.0941796
-0.099595
-0.0908657
-0.0980731
-0.0980731
-0.100355
-0.145913
-0.0986657
-0.0934703
-0.09028
-0.0990938
-0.0906727
-0.13499
-0.0942321
-0.0996601
-0.0923771
-0.0915083
-0.100244
-0.100244
-0.0999453
-0.0980722
-0.0980722
-0.0997459
-0.0910349
-0.100291
-0.100291
-0.0970158
-0.0932218
-0.0969269
-0.100102
-0.090886
-0.090886
-0.098504
-0.0962983
-0.10033
-0.0919135
-0.0960143
-0.0960143
-0.0964537
-0.0986634
-0.0999384
-0.0999384
-0.0954958
-0.409299
-0.0999611
-0.128021
-0.106531
-0.0999628
-0.100322
-0.11163
-0.0990363
-0.0944805
-0.136321
-0.0921188
-0.0990709
-0.100374
-0.100133
-0.0993916
-0.0923244
-0.166614
-0.0976979
-0.0976979
-0.308229
-0.100255
-0.100262
-0.0996194
-0.098818
-0.098818
-0.0999439
-0.0999439
-0.0999439
-0.0999439
-0.0899327
-0.0979801
-0.0979801
-0.0931463
-0.41887
-0.113263
-0.0967736
-0.09565
-0.09565
-0.09565
-0.0940004
-0.100003
-0.100211
-0.100211
-0.100056
-0.0908267
-0.0992492
-0.0970467
-0.0907834
-0.094013
-0.094013
-0.0996342
-0.0985675
-0.0995393
-0.0970553
-0.097447
-0.097447
-0.0899153
-0.0937461
-0.0999513
-0.0952239
-0.0900855
-0.0981567
-0.100097
-0.100318
-0.0907279
-0.0906221
-0.164446
-0.173628
-0.371401
-0.0977752
-0.099387
-0.100141
-0.100141
-0.0934341
-0.100288
-0.100367
-0.0936489
-0.0970515
-0.0970515
-0.0972493
-0.0991569
-0.0970638
-1.58819
-0.100385
-0.258168
-0.0982576
-0.100345
-0.355667
-0.355667
-0.0910719
-0.0910719
-0.0952411
-0.32147
-0.193189
-0.0976695
-0.0976695
-0.092231
-0.1005
-0.1005
-2.53767
-0.100397
-0.100155
-0.100255
-0.0988765
-0.0973916
-0.313096
-0.223993
-0.100343
-0.10037
-0.100445
-0.10031
-0.0959599
-0.0959599
-0.100025
-0.217177
-0.0897795
-0.092502
-0.100362
-0.100243
-0.100243
-0.100243
-0.0999137
-0.0990012
-0.0993674
-0.0993674
-0.0935354
-0.0971548
-0.0999274
-0.0999274
-0.0999274
-0.0948906
-0.0922313
-0.100013
-0.0930848
-0.0891774
-0.096355
-0.100271
-0.0999261
-0.107674
-0.100295
-0.0988778
-0.0988778
-0.100202
-0.089445
-0.089445
-0.100133
-0.100232
-0.0961027
-0.100151
-0.0906403
-0.099816
-0.0985579
-0.0980596
-0.0912111
-0.300398
-0.0972186
-0.0936414
-0.364193
-0.0931719
-0.0949519
-0.100465
-0.100185
-0.0958799
-0.160946
-0.0999661
-0.100414
-0.118686
-0.100384
-0.13964
-0.0998274
-0.0954007
-0.100323
-0.100206
-0.100206
-0.0940412
-0.0913692
-0.099923
-0.0989054
-0.792968
-0.0900532
-0.0980207
-0.099058
-0.0978261
-0.0978261
-0.150685
-0.139851
-0.0906733
-0.0906733
-0.0939551
-0.0987085
-0.0985623
-0.0999429
-0.0999429
-0.0999429
-0.0964895
-0.092192
-0.0937505
-0.100035
-0.100035
-0.0995121
-0.0998556
-0.0960818
-0.0940335
-0.0959483
-0.0938319
-0.10031
-0.100419
-0.0997643
-0.154594
-0.154594
-0.100272
-0.100272
-0.100239
-0.0886409
-0.0927617
-0.0927617
-0.0907129
-0.0986898
-0.0993493
-0.0888831
-0.0888831
-0.0997841
-0.0996806
-0.0886516
-0.100024
-0.0998708
-0.0990244
-0.100452
-0.100452
-0.0980651
-0.0996063
-0.0905523
-0.0998395
-0.100326
-0.0997527
-0.107883
-0.145911
-0.0995575
-0.0995575
-0.0987729
-0.332573
-0.332573
-0.332573
-0.10025
-0.10025
-0.10025
-0.100151
-0.150416
-0.133591
-0.0926381
-0.100173
-0.100173
-0.100173
-0.307271
-0.0966516
-1.0956
-0.0907356
-0.103211
-0.0998147
-0.0901509
-0.0901509
-0.0893224
-0.0987451
-0.100309
-0.10031
-0.100125
-0.100125
-0.100277
-0.100277
-0.13601
-0.0936588
-0.0936588
-0.0976814
-0.0955703
-0.501467
-0.100514
-0.0944652
-0.0929518
-0.0927614
-0.100288
-0.100288
-0.100288
-0.0922918
-0.0987208
-0.111228
-0.0995103
-0.0929355
-0.0999759
-0.0964536
-0.0933041
-0.0969221
-0.0969221
-0.0988391
-0.0995696
-0.0940732
-0.100206
-0.104371
-0.094692
-0.100211
-0.100429
-0.100429
-0.100243
-0.100468
-0.0945138
-0.0945138
-0.257423
-0.0897987
-0.0911104
-0.0911104
-0.0911104
-0.0986456
-0.0999665
-0.0900175
-0.0900175
-0.0988847
-0.0998403
-0.176832
-0.527468
-0.0927141
-0.0927141
-0.10899
-0.096953
-0.0998679
-0.0998679
-0.0998679
-0.0998679
-0.100092
-0.0997197
-0.100173
-0.098786
-0.0904397
-0.0904397
-0.0984553
-0.0990615
-0.0969251
-0.0971852
-0.0993354
-0.281257
-1.21492
-0.275402
-0.103903
-0.0998404
-0.099926
-0.134736
-0.0989915
-0.0989915
-0.0989915
-0.0996395
-0.100485
-0.0896874
-0.0969816
-0.099143
-0.107729
-0.109812
-0.109812
-0.0997312
-0.0997312
-0.100287
-0.0996992
-0.130352
-0.0970015
-0.100271
-0.100271
-0.100271
-0.100075
-0.094779
-0.0984595
-0.0984595
-0.100211
-0.0963419
-0.0963419
-0.0976296
-0.0983849
-0.36056
-0.36056
-0.0994617
-0.100446
-0.0946064
-0.0928911
-1.22227
-0.0903689
-0.0899959
-0.100432
-0.554079
-0.0853016
-0.0853016
-0.093904
-0.093904
-0.0918247
-0.0918247
-0.0909416
-0.0909416
-0.184268
-0.108048
-0.108048
-0.0927731
-0.0927731
-0.0997745
-0.207497
-0.0975595
-0.0904673
-0.205473
-0.100254
-0.0970924
-0.109379
-0.109379
-0.238791
-0.170647
-0.496886
-0.124364
-0.0903914
-0.0958653
-0.0958653
-0.0958653
-0.0979263
-0.0993352
-0.0993352
-0.0864176
-0.0987965
-0.100202
-0.0961963
-0.0974519
-0.091211
-0.0995735
-0.0895898
