ip_ml_26_rawChain_unified = zeros(1000,3);
ip_ml_26_rawChain_unified = [7.9864653951970699e-01 1.2162791212898411e-01 2.1083534204448551e-01 
7.9864653951970699e-01 1.2162791212898411e-01 2.1083534204448551e-01 
7.9864653951970699e-01 1.2162791212898411e-01 2.1083534204448551e-01 
7.9864653951970699e-01 1.2162791212898411e-01 2.1083534204448551e-01 
7.9864653951970699e-01 1.2162791212898411e-01 2.1083534204448551e-01 
8.4273436282356895e-01 1.4181630249073054e-01 2.0570606769280791e-01 
8.4273436282356895e-01 1.4181630249073054e-01 2.0570606769280791e-01 
8.2007463594643193e-01 1.1833129351860122e-01 2.2985615378922847e-01 
7.6529384103156084e-01 1.3744286703689818e-01 2.8712195191807627e-01 
7.7517731469041518e-01 1.3517441543909695e-01 3.7080680236480185e-01 
7.7998127391058747e-01 1.3042663371322932e-01 3.0714677314019589e-01 
7.9361173427229070e-01 1.3135989862226224e-01 2.3996528874807735e-01 
7.6703766931843209e-01 1.1974269306135051e-01 2.2703575725408903e-01 
7.6453625752507137e-01 1.1791202437298286e-01 2.0636511104162658e-01 
7.6453625752507137e-01 1.1791202437298286e-01 2.0636511104162658e-01 
8.0997603768952908e-01 1.1878126939527293e-01 2.1547861274720947e-01 
7.9620669741439476e-01 1.2593094239757063e-01 4.0701921306156152e-01 
7.7696723793485800e-01 1.1161985110918990e-01 4.2107314955373426e-01 
7.7696723793485800e-01 1.1161985110918990e-01 4.2107314955373426e-01 
8.2322941975972974e-01 1.5535574017341383e-01 3.7186700567422237e-01 
8.0958588028306666e-01 1.3824206170074063e-01 2.8128170168025157e-01 
8.0958588028306666e-01 1.3824206170074063e-01 2.8128170168025157e-01 
8.3166417752126442e-01 1.3227162002081630e-01 4.7488009947236343e-01 
8.0889184917065504e-01 1.6788221606675294e-01 5.5291955121091796e-01 
8.3072015386868070e-01 1.7023466213673358e-01 3.6057656451460862e-01 
7.9876331954435309e-01 1.5752689934714642e-01 5.6342235922526840e-01 
7.7290316171559981e-01 1.4823223599432225e-01 5.8834336012701149e-01 
7.7290316171559981e-01 1.4823223599432225e-01 5.8834336012701149e-01 
8.2162902584219377e-01 1.6494942928732242e-01 3.4059566967938693e-01 
8.2162902584219377e-01 1.6494942928732242e-01 3.4059566967938693e-01 
7.9381932250555520e-01 1.5663469297295290e-01 3.5964828872142512e-01 
7.8408131280992888e-01 1.3552740633889798e-01 4.0472202370542687e-01 
7.9675224631090646e-01 1.3924253959331798e-01 2.5818975397567984e-01 
7.8147696143505363e-01 1.4800196126183501e-01 4.8475161931488564e-01 
8.5918861094366172e-01 1.5863784675446232e-01 2.8951845283645539e-01 
8.5197633377368465e-01 1.3168020570925271e-01 2.1659600095160544e-01 
8.3320996601076647e-01 1.5721446438905229e-01 4.3459918403706921e-01 
7.9721689411814722e-01 1.4547889457714894e-01 6.4979127383628188e-01 
8.3940049869867916e-01 1.4636883041638241e-01 2.8075387640481780e-01 
8.4040036744839819e-01 1.3918946038321123e-01 2.3895001326777623e-01 
8.4040036744839819e-01 1.3918946038321123e-01 2.3895001326777623e-01 
8.2600786151108874e-01 1.3150683944144148e-01 3.4203323508829331e-01 
7.9949671004130529e-01 1.2079458536227440e-01 4.3155675525564235e-01 
8.0849761941084852e-01 1.5583688370575524e-01 5.1920825394646108e-01 
8.2095629888138888e-01 1.6401341045373619e-01 4.2267691580971101e-01 
8.2147862978990471e-01 1.3420095018816294e-01 2.4722511520685025e-01 
8.2147862978990471e-01 1.3420095018816294e-01 2.4722511520685025e-01 
8.0591990067287944e-01 1.5489589991860692e-01 3.6688548199536447e-01 
7.9382424923863626e-01 1.3865920263773474e-01 3.0656140935328946e-01 
7.8779779079910250e-01 1.4077657941502733e-01 4.4687909847096996e-01 
7.8963570337962463e-01 1.2900250409350567e-01 2.4026690934465023e-01 
7.8963570337962463e-01 1.2900250409350567e-01 2.4026690934465023e-01 
7.8963570337962463e-01 1.2900250409350567e-01 2.4026690934465023e-01 
7.8963570337962463e-01 1.2900250409350567e-01 2.4026690934465023e-01 
8.0749910918285250e-01 1.4751817304526552e-01 3.4879136503245656e-01 
8.2441628334386940e-01 1.5592438410111384e-01 3.1247141372576454e-01 
7.9085341154187994e-01 1.1572278012550088e-01 3.1548026291511988e-01 
8.4674214794535851e-01 1.4997107432445489e-01 3.3442658521917767e-01 
8.0571406408479418e-01 1.5738602941849414e-01 4.1571167242803170e-01 
7.7544932375746767e-01 1.4631611653122478e-01 3.0609334667100441e-01 
7.8649578649835084e-01 1.4073633058356577e-01 3.8706812536687435e-01 
8.4710064156702580e-01 1.3146605110086379e-01 2.0761557066672917e-01 
8.4710064156702580e-01 1.3146605110086379e-01 2.0761557066672917e-01 
7.8196229429820396e-01 1.2882636156551411e-01 4.8923248104638350e-01 
7.8196229429820396e-01 1.2882636156551411e-01 4.8923248104638350e-01 
8.4324829058011697e-01 1.3714329621040708e-01 2.2694288840237423e-01 
8.2756783783267096e-01 1.3251470535641791e-01 2.3798764365836550e-01 
8.2201770004982910e-01 1.3218946097517284e-01 2.5325097536181385e-01 
8.1105753724670315e-01 1.1766938166487138e-01 2.9945780128182742e-01 
8.3221892693649646e-01 1.4821524979762932e-01 2.4837670423970673e-01 
8.5163600379623483e-01 1.4421929326165348e-01 2.6103289302346239e-01 
8.0952671913672913e-01 1.4543128738334254e-01 2.2719202859845336e-01 
8.0952671913672913e-01 1.4543128738334254e-01 2.2719202859845336e-01 
8.4710064156702580e-01 1.3146605110086379e-01 2.0761557066672917e-01 
8.4710064156702580e-01 1.3146605110086379e-01 2.0761557066672917e-01 
8.4710064156702580e-01 1.3146605110086379e-01 2.0761557066672917e-01 
8.0237762446197347e-01 1.2053632747517928e-01 2.1132014963919357e-01 
8.0237762446197347e-01 1.2053632747517928e-01 2.1132014963919357e-01 
8.4797306088731195e-01 1.2010708319250321e-01 2.4451278549307010e-01 
7.6521330181058833e-01 1.2292157830399206e-01 2.4776062104871577e-01 
7.7462800386503472e-01 1.3289546133850225e-01 3.8367412290153136e-01 
7.6662741104588239e-01 1.0526536768925078e-01 2.0154124042774577e-01 
7.7500472900478379e-01 1.2226371948863968e-01 3.8800075793688182e-01 
7.6662741104588239e-01 1.0526536768925078e-01 2.0154124042774577e-01 
7.7747490816375386e-01 1.0284396871260811e-01 2.1157935344112877e-01 
7.7747490816375386e-01 1.0284396871260811e-01 2.1157935344112877e-01 
7.6662741104588239e-01 1.0526536768925078e-01 2.0154124042774577e-01 
7.6662741104588239e-01 1.0526536768925078e-01 2.0154124042774577e-01 
7.6662741104588239e-01 1.0526536768925078e-01 2.0154124042774577e-01 
7.6662741104588239e-01 1.0526536768925078e-01 2.0154124042774577e-01 
7.6662741104588239e-01 1.0526536768925078e-01 2.0154124042774577e-01 
7.9170951636260745e-01 1.2238754655186931e-01 2.1366131994520993e-01 
7.6662741104588239e-01 1.0526536768925078e-01 2.0154124042774577e-01 
8.0706870630840133e-01 1.5102602317251773e-01 2.8330587359559062e-01 
8.0706870630840133e-01 1.5102602317251773e-01 2.8330587359559062e-01 
8.0706870630840133e-01 1.5102602317251773e-01 2.8330587359559062e-01 
7.9084499018304322e-01 1.3950785236887325e-01 2.0686877628345407e-01 
7.8506695207251320e-01 1.2890121584566372e-01 2.4735899387827703e-01 
7.8506695207251320e-01 1.2890121584566372e-01 2.4735899387827703e-01 
7.9084499018304322e-01 1.3950785236887325e-01 2.0686877628345407e-01 
7.8778818496238856e-01 1.2041807099610986e-01 2.1227316110439051e-01 
8.4710064156702580e-01 1.3146605110086379e-01 2.0761557066672917e-01 
8.1540143633617990e-01 1.5126250443988501e-01 3.0606758308287596e-01 
7.7091191370105616e-01 1.3312874230831886e-01 4.6964603861423942e-01 
7.4534865587175336e-01 1.2572280142363690e-01 2.3006050124039568e-01 
7.3656841892529301e-01 1.2925731670346066e-01 3.1363300035427161e-01 
8.0830014410720197e-01 1.4067247740683711e-01 3.3905821832118255e-01 
8.0958548989328971e-01 1.3126292454606195e-01 3.2761251729825480e-01 
8.3284601953502069e-01 1.4321632134107076e-01 4.3207454864211492e-01 
8.0714015775237491e-01 1.2700756881005359e-01 2.0041429595760824e-01 
8.0220560435490595e-01 1.3318402424528719e-01 3.2581750010026489e-01 
8.0220560435490595e-01 1.3318402424528719e-01 3.2581750010026489e-01 
7.9444202456305724e-01 1.3870872159631903e-01 2.4463207839554946e-01 
