ip_ml_18_rawLogLikelihood_unified = zeros(1000,1);
ip_ml_18_rawLogLikelihood_unified = [-185.58
-185.58
-185.58
-185.58
-186.935
-186.326
-187.017
-187.402
-187.046
-188.428
-185.612
-185.612
-185.776
-185.371
-185.414
-188.174
-186.935
-186.572
-186.935
-186.935
-186.628
-186.248
-186.248
-185.794
-185.794
-185.783
-185.783
-185.783
-187.786
-187.786
-187.011
-186.88
-185.8
-188.158
-188.604
-188.604
-188.64
-185.531
-189.391
-189.975
-187.582
-187.582
-187.582
-186.107
-187.747
-186.905
-186.905
-185.738
-187.747
-186.627
-192.899
-189.767
-190.879
-187.417
-187.821
-187.251
-186.743
-186.743
-186.743
-186.149
-186.743
-187.603
-187.603
-186.764
-185.488
-186.976
-185.444
-185.444
-185.329
-185.329
-185.329
-185.329
-185.305
-185.329
-185.393
-185.393
-185.393
-185.393
-185.393
-185.393
-185.393
-185.393
-185.393
-185.393
-185.393
-185.393
-185.393
-185.393
-185.393
-186.348
-186.333
-185.548
-185.393
-185.393
-185.302
-185.302
-185.302
-185.721
-185.721
-185.414
-187.942
-187.942
-187.002
-188.924
-186.368
-191.326
-187.085
-185.706
-186.103
-189.152
-189.535
-189.535
-186.336
-186.336
-189.482
-186.262
-186.262
-187.017
-187.017
-188.504
-188.504
-191.281
-194.21
-188.693
-188.471
-189.923
-189.923
-192.386
-191.687
-190.835
-188.843
-191.293
-187.856
-190.613
-185.47
-185.47
-190.225
-187.571
-189.823
-189.741
-187.882
-189.665
-188.072
-188.072
-186.296
-187.646
-188.077
-190.056
-185.82
-187.57
-191.261
-188.364
-187.037
-187.011
-186.702
-186.702
-188.289
-188.289
-187.385
-187.215
-186.896
-186.312
-186.222
-185.883
-185.883
-185.583
-186.896
-188.128
-187.028
-192.588
-195.807
-189.887
-188.289
-189.656
-189.656
-191.056
-189.823
-189.823
-189.823
-186.376
-189.07
-190.621
-190.919
-190.919
-190.919
-188.815
-185.995
-189.201
-189.514
-189.201
-186.133
-186.133
-189.201
-189.201
-188.647
-191.03
-186.517
-186.362
-186.362
-186.051
-186.051
-187.684
-185.885
-185.885
-188.94
-187.404
-187.308
-188.94
-187.929
-186.408
-187.58
-188.315
-185.448
-185.448
-185.785
-185.785
-185.501
-185.796
-185.796
-188.135
-188.135
-189.664
-186.307
-186.307
-186.307
-186.307
-185.999
-188.703
-186.474
-186.474
-187.709
-187.638
-187.638
-189.604
-189.604
-188.095
-187.884
-186.224
-186.037
-186.037
-186.424
-186.941
-186.685
-185.62
-186.429
-186.583
-185.395
-186.262
-185.395
-185.395
-185.512
-185.958
-187.647
-187.647
-186.309
-186.309
-186.557
-186.557
-186.211
-186.211
-186.838
-187.856
-187.856
-191.966
-190.022
-187.154
-185.485
-186.424
-186.915
-186.909
-186.909
-186.863
-186.265
-187.635
-187.635
-186.001
-185.504
-185.504
-186.505
-185.504
-185.504
-187.634
-187.634
-187.634
-185.331
-185.331
-186.627
-186.627
-186.537
-186.124
-186.124
-186.466
-186.466
-186.466
-187.635
-188.982
-186.124
-186.721
-186.721
-190.528
-188.228
-187.349
-187.979
-187.201
-187.201
-188.368
-191.513
-191.513
-192.121
-189.409
-191.662
-188.38
-188.067
-188.067
-186.396
-188.067
-188.067
-188.067
-188.133
-188.133
-186.986
-186.986
-186.514
-187.262
-187.187
-186.141
-186.311
-186.532
-186.532
-185.951
-188.355
-187.643
-187.643
-187.643
-187.815
-187.815
-189.915
-186.527
-188.691
-188.691
-190.208
-190.208
-187.809
-190.347
-189.711
-186.378
-186.378
-190.56
-188.455
-186.296
-186.279
-185.477
-186.099
-186.39
-186.39
-186.39
-186.39
-186.39
-186.079
-185.33
-185.33
-185.33
-185.33
-185.401
-185.401
-185.4
-185.4
-185.4
-185.4
-186.39
-186.39
-185.964
-186.39
-187.515
-186.271
-188.326
-188.326
-186.804
-185.722
-186.433
-187.927
-188.025
-188.978
-185.666
-187.457
-185.741
-185.301
-185.301
-185.301
-185.553
-188.11
-188.11
-190.054
-187.248
-188.406
-188.406
-187.209
-190.084
-186.85
-186.849
-185.984
-186.85
-186.85
-186.85
-186.85
-186.85
-190.792
-189.479
-190.297
-190.297
-189.832
-190.034
-189.397
-189.647
-187.565
-187.565
-187.635
-189.472
-190.959
-189.472
-189.472
-186.269
-186.444
-185.757
-186.587
-186.269
-186.269
-186.491
-186.269
-185.474
-188.622
-188.622
-188.499
-189.823
-188.908
-187.917
-186.543
-186.543
-186.543
-186.543
-186.543
-186.544
-186.544
-186.544
-186.848
-186.848
-185.595
-185.595
-186.803
-187.906
-187.457
-187.457
-187.857
-188.299
-188.693
-189.289
-185.489
-185.489
-185.489
-185.489
-189.483
-186.268
-188.094
-185.658
-185.658
-185.348
-186.595
-186.475
-186.475
-186.475
-192.245
-189.943
-189.715
-189.754
-185.747
-186.331
-185.405
-185.405
-191.119
-192.245
-186.935
-186.702
-186.702
-186.935
-186.935
-186.705
-185.287
-185.287
-186.461
-186.935
-186.935
-186.282
-187.818
-187.818
-186.943
-186.943
-186.943
-187.992
-187.747
-187.747
-186.45
-186.45
-188.01
-188.493
-188.493
-188.493
-188.493
-186.982
-186.74
-186.74
-187.719
-187.719
-185.872
-185.872
-185.872
-186.943
-186.943
-186.943
-186.943
-185.642
-186.63
-186.63
-186.63
-186.63
-186.63
-185.73
-185.73
-185.56
-185.56
-185.832
-185.56
-185.56
-185.56
-185.56
-185.56
-186.443
-186.443
-187.532
-186.083
-188.955
-186.099
-186.099
-185.637
-185.75
-185.75
-188.306
-187.923
-185.684
-185.684
-185.54
-185.913
-188.36
-188.36
-189.007
-185.344
-185.344
-185.344
-185.344
-187.052
-187.052
-185.8
-187.896
-187.896
-187.896
-188.632
-187.627
-187.703
-188.045
-187.813
-187.813
-188.978
-188.978
-186.566
-186.039
-186.039
-189.011
-189.011
-188.071
-188.071
-188.665
-185.38
-185.38
-185.38
-185.38
-185.348
-188.817
-188.822
-187.433
-189.04
-189.585
-189.28
-186.784
-185.791
-187.455
-189.216
-187.568
-187.568
-186.861
-186.861
-185.87
-188.222
-189.495
-190.508
-190.508
-190.508
-188.999
-188.244
-188.244
-192.26
-185.958
-185.958
-186.91
-188.295
-190.148
-189.796
-189.108
-187.424
-188.285
-185.969
-187.969
-185.597
-185.597
-185.597
-185.68
-185.68
-187.328
-187.328
-187.328
-187.328
-187.328
-188.008
-188.008
-187.328
-185.329
-190.421
-190.421
-189.257
-186.335
-187.606
-188.23
-187.979
-189.682
-191.357
-188.379
-188.664
-188.087
-188.309
-189.005
-188.476
-188.469
-188.469
-189.306
-190.192
-190.192
-186.992
-187.785
-187.564
-186.98
-186.703
-187.067
-187.469
-187.469
-188.736
-187.659
-187.308
-187.659
-188.541
-186.697
-186.332
-186.332
-190.838
-190.838
-190.838
-190.086
-191.942
-190.19
-188.847
-190.06
-189.462
-190.675
-190.675
-187.268
-187.268
-187.268
-187.268
-187.268
-185.718
-185.718
-185.304
-185.304
-187.65
-185.718
-185.718
-185.718
-187.268
-187.268
-186.711
-186.711
-186.711
-187.268
-187.268
-187.268
-187.978
-186.31
-185.528
-188.915
-188.041
-187.315
-187.251
-186.509
-188.506
-188.514
-186.101
-186.101
-186.177
-185.851
-185.392
-189.352
-192.37
-187.136
-187.136
-189.395
-189.647
-186.686
-187.367
-190.432
-189.344
-189.969
-189.089
-185.931
-186.16
-186.16
-185.387
-186.905
-190.188
-190.188
-186.733
-186.546
-187.313
-186.365
-186.365
-187.844
-187.489
-187.489
-188.048
-185.263
-188.642
-188.642
-188.642
-186.33
-190.969
-190.969
-187.524
-187.525
-187.525
-185.673
-185.897
-187.681
-185.803
-185.803
-185.803
-186.961
-186.548
-186.11
-185.761
-185.761
-185.761
-185.577
-185.577
-185.465
-185.465
-185.317
-186.31
-186.31
-185.886
-185.462
-185.462
-186.31
-186.156
-186.156
-186.051
-186.393
-186.666
-187.081
-185.801
-185.801
-186.453
-187.208
-186.533
-186.597
-189.899
-188.363
-187.135
-185.575
-187.037
-185.366
-187.061
-187.061
-187.061
-187.061
-187.061
-189.823
-189.665
-189.823
-189.823
-186.93
-186.93
-186.93
-187.362
-186.93
-186.383
-187.288
-187.366
-185.934
-185.934
-189.178
-185.308
-188.718
-189.81
-185.992
-185.992
-185.992
-190.231
-191.736
-191.736
-186.697
-186.598
-186.62
-185.981
-185.981
-186.963
-187.578
-190.014
-188.329
-187.459
-186.749
-189.069
-189.671
-187.274
-187.274
-192.537
-188.215
-188.215
-190.592
-189.34
-188.664
-188.664
-187.153
-189.147
-191.718
-191.718
-187.18
-188.56
-189.824
-190.346
-187.388
-187.388
-185.879
-185.879
-185.879
-189.417
-185.361
-185.361
-188.399
-188.078
-191.333
-190.602
-189.576
-187.502
-186.55
-185.426
-185.414
-185.367
-185.367
-185.296
-185.296
-186.891
-185.637
-185.637
-185.296
-185.296
-186.585
-186.143
-186.143
-186.585
-185.376
-185.518
-187.252
-187.361
-187.361
-185.635
