ip_ml_27_rawLogTarget_unified = zeros(1000,1);
ip_ml_27_rawLogTarget_unified = [-4511.25
-4510.71
-4510.82
-4510.82
-4510.44
-4510.44
-4512.29
-4512.74
-4512.71
-4512.71
-4512.71
-4514.27
-4512.39
-4512.6
-4511.06
-4517.4
-4514.47
-4514.34
-4513.61
-4513.61
-4513.29
-4513.63
-4513.6
-4512.19
-4511.42
-4511.42
-4511.36
-4511.65
-4511.39
-4512.56
-4511.09
-4511.09
-4511.17
-4511.17
-4511.17
-4511.17
-4510.98
-4510.98
-4510.56
-4510.98
-4511.81
-4512.81
-4511.88
-4514.31
-4514.06
-4512.74
-4513.35
-4513.35
-4513.53
-4512.2
-4513.67
-4513.24
-4510.67
-4510.67
-4511.94
-4511.63
-4511.58
-4513.67
-4513.67
-4513.67
-4510.53
-4512.99
-4512.67
-4511.72
-4511.72
-4512.42
-4512.42
-4512.7
-4512.26
-4512.26
-4512.26
-4512.42
-4510.78
-4512.42
-4510.56
-4510.56
-4512.42
-4512.42
-4512.29
-4512.29
-4512.29
-4511.3
-4512.2
-4510.7
-4513.35
-4512.01
-4511.67
-4511.48
-4511.62
-4514.68
-4513.47
-4511.28
-4514.55
-4514.55
-4514.4
-4511.79
-4511.65
-4511.74
-4511.74
-4511.58
-4513.21
-4511.69
-4511.69
-4512.88
-4512.88
-4511.22
-4511.22
-4511.22
-4511.22
-4510.88
-4511.54
-4511.54
-4512.39
-4514.03
-4514.03
-4510.8
-4510.8
-4515.65
-4511.98
-4512.21
-4511.29
-4511.05
-4511.47
-4511.42
-4511.5
-4511.48
-4512.16
-4512.16
-4511.81
-4510.94
-4510.94
-4512.25
-4512.25
-4511.16
-4510.72
-4510.72
-4510.89
-4511.13
-4510.48
-4510.48
-4513.26
-4514.51
-4513.75
-4513.48
-4514.48
-4512.13
-4511.82
-4512.85
-4512.85
-4513.69
-4515.26
-4511.27
-4511.27
-4511.27
-4515.76
-4515.01
-4512.95
-4514.24
-4511.08
-4511.64
-4511.64
-4512.36
-4511.23
-4511.23
-4513.09
-4512.85
-4513.25
-4514.17
-4514.17
-4512.12
-4514.32
-4516.8
-4514.68
-4513.19
-4513.15
-4513.15
-4513.86
-4513.04
-4510.65
-4510.65
-4510.65
-4510.65
-4510.65
-4510.65
-4511.19
-4511.19
-4511.16
-4511.43
-4511.43
-4511.43
-4512.79
-4512.74
-4513.24
-4513.24
-4513.3
-4513.3
-4512.38
-4512.31
-4512.31
-4512.46
-4511.81
-4517.57
-4513.19
-4511.86
-4511.86
-4512.15
-4512.95
-4515.84
-4512.01
-4511.52
-4513.3
-4513.07
-4513.23
-4513.62
-4514.82
-4512.32
-4511.53
-4512.95
-4512.95
-4513.19
-4512.83
-4512.83
-4512.83
-4511.85
-4513.56
-4513.56
-4511.35
-4511.59
-4512.4
-4510.55
-4510.53
-4510.87
-4514.13
-4512.15
-4512.29
-4511.34
-4512.34
-4512.12
-4510.88
-4511.32
-4511.5
-4510.91
-4513.24
-4512.51
-4511.59
-4510.68
-4513.65
-4513.23
-4512.2
-4512.32
-4510.95
-4510.95
-4510.95
-4510.95
-4510.95
-4510.95
-4510.95
-4510.95
-4511.31
-4511.35
-4511.35
-4510.83
-4510.83
-4510.83
-4511.53
-4512.58
-4511.98
-4512.05
-4512.05
-4510.55
-4510.55
-4510.55
-4510.87
-4510.87
-4510.96
-4511.37
-4512.72
-4511.92
-4512.49
-4512.49
-4511.34
-4512.44
-4512.82
-4512.34
-4512.72
-4510.88
-4510.88
-4510.88
-4513.43
-4512.87
-4512.64
-4511.53
-4511.53
-4513.24
-4513.24
-4513.24
-4513.1
-4510.33
-4510.33
-4510.33
-4510.38
-4513.79
-4512.13
-4512.26
-4512.26
-4512.19
-4512.18
-4512.18
-4519.36
-4512.01
-4510.83
-4512.01
-4511.61
-4511.61
-4511.61
-4511.32
-4511.02
-4512.6
-4512.6
-4510.83
-4511.25
-4511.97
-4512.15
-4512.15
-4512.53
-4514.71
-4512.68
-4512.68
-4512.68
-4514.55
-4514.55
-4513.46
-4511.82
-4511.86
-4511.86
-4513
-4511.33
-4511.07
-4511.21
-4510.54
-4511.28
-4511.28
-4511.28
-4512.6
-4512.6
-4512.46
-4512.16
-4511.75
-4512.24
-4510.65
-4511.13
-4510.85
-4512.56
-4513.59
-4511.47
-4513.3
-4512.35
-4511.39
-4513.69
-4514.35
-4513.25
-4515
-4512.49
-4512.49
-4511.84
-4515.75
-4511.18
-4512
-4512.37
-4511.69
-4512.1
-4513.09
-4510.56
-4510.46
-4510.46
-4511.62
-4511.62
-4511.62
-4511.62
-4512.6
-4512.6
-4511.33
-4511.62
-4511.05
-4510.93
-4511.85
-4512.91
-4513.39
-4512.8
-4512.25
-4512.63
-4512.51
-4511.78
-4511.05
-4510.71
-4511.11
-4511.11
-4511.74
-4513.46
-4513.46
-4514.32
-4514.32
-4512
-4512
-4511.98
-4511.98
-4511.98
-4512
-4511.24
-4511.24
-4510.75
-4510.75
-4510.75
-4510.75
-4510.98
-4510.77
-4511.08
-4511.08
-4511.08
-4510.75
-4510.75
-4510.75
-4510.75
-4510.75
-4510.77
-4510.77
-4511.25
-4511.95
-4511.11
-4513.26
-4514.45
-4512.14
-4513.89
-4512.64
-4512.05
-4512.05
-4512.05
-4512.05
-4512.05
-4512.02
-4512.04
-4511.97
-4512.85
-4512.02
-4511.53
-4512.45
-4512.45
-4510.75
-4510.85
-4510.74
-4510.75
-4512.43
-4510.75
-4510.75
-4510.75
-4511.46
-4512.79
-4510.75
-4510.43
-4510.43
-4510.75
-4510.4
-4511.33
-4511.89
-4511.91
-4510.75
-4510.75
-4511.05
-4510.89
-4512.12
-4512.12
-4511.63
-4511.84
-4511.93
-4512.65
-4512.56
-4511.94
-4510.97
-4511.94
-4512.38
-4513.57
-4513.57
-4511.86
-4511.56
-4511.92
-4516.8
-4516.8
-4513.47
-4511.75
-4511.21
-4511.63
-4512.17
-4511.18
-4511.18
-4511.18
-4511.63
-4512.85
-4512.95
-4515.69
-4512.39
-4513.35
-4510.53
-4510.53
-4510.53
-4510.53
-4512.69
-4515.39
-4512.54
-4514.76
-4511.7
-4512.72
-4513.51
-4513.1
-4513.25
-4513.25
-4513.06
-4512.08
-4511.77
-4512.08
-4512.08
-4512.08
-4513.68
-4512.74
-4511.35
-4511.94
-4512.48
-4510.67
-4510.67
-4510.67
-4510.67
-4511.8
-4510.67
-4510.67
-4510.67
-4510.67
-4511.36
-4511.78
-4512.23
-4512.23
-4513.12
-4513.36
-4512.73
-4512.73
-4512.73
-4514.31
-4511.17
-4511.17
-4511.52
-4512.35
-4512.36
-4513.74
-4513.61
-4513.61
-4512.01
-4512.88
-4510.99
-4510.99
-4512.3
-4511.66
-4511.66
-4510.79
-4511.3
-4511.3
-4510.79
-4510.79
-4512.4
-4512.49
-4513.15
-4514.82
-4512.53
-4513.44
-4514.8
-4511.57
-4511.57
-4511.57
-4511.57
-4511.57
-4511.57
-4511.57
-4513.91
-4513.91
-4513.28
-4513.28
-4513.28
-4513.28
-4512.09
-4511.28
-4513.38
-4512.95
-4510.73
-4511.92
-4512.69
-4511.88
-4512.8
-4513.39
-4512.67
-4511.86
-4511.86
-4512.54
-4512.54
-4512.56
-4511.96
-4512.2
-4511.81
-4511.81
-4510.74
-4510.74
-4511.18
-4510.58
-4510.58
-4510.58
-4513.66
-4513.28
-4511.29
-4511.29
-4512.38
-4510.74
-4511.07
-4510.99
-4510.99
-4511.4
-4511.4
-4513.6
-4510.52
-4510.64
-4516.25
-4512.06
-4516.27
-4511.02
-4512.19
-4511.02
-4511.02
-4513.05
-4511.02
-4511.02
-4512.29
-4512.29
-4512.31
-4512.31
-4515.56
-4511.75
-4511.87
-4513.95
-4511.28
-4512.27
-4513.6
-4511.85
-4513.95
-4513.13
-4514.77
-4511.11
-4512.52
-4512.52
-4512.42
-4511.76
-4511.19
-4511.19
-4511.81
-4514.04
-4511.11
-4511.11
-4510.59
-4510.59
-4510.59
-4511.17
-4512.56
-4511.17
-4511.17
-4511.17
-4515.94
-4513.22
-4510.72
-4511.55
-4511.55
-4511.06
-4511.06
-4512.52
-4512.52
-4510.8
-4510.8
-4511.6
-4511.83
-4511.83
-4511.51
-4510.85
-4510.85
-4513.06
-4510.91
-4510.91
-4510.91
-4510.91
-4511.24
-4511.24
-4511.24
-4513.48
-4513.58
-4511.59
-4511.59
-4513.24
-4511.67
-4511.67
-4512.42
-4511.33
-4511.33
-4512.46
-4511.48
-4515.79
-4513.61
-4510.78
-4511.58
-4511.58
-4513.36
-4513.74
-4512.89
-4512.09
-4512.09
-4511.75
-4511.75
-4512.28
-4512.28
-4513.27
-4512.94
-4510.95
-4510.95
-4510.95
-4511.32
-4512.4
-4512.4
-4512.51
-4510.78
-4510.78
-4512.56
-4511.28
-4512.11
-4512.05
-4512.05
-4514.46
-4513.65
-4512.84
-4514.13
-4511.29
-4512.37
-4511.72
-4511.43
-4511.43
-4511.65
-4512
-4511.65
-4511.65
-4512.42
-4511.11
-4511.37
-4511.37
-4511.11
-4511.11
-4512.53
-4513.43
-4510.78
-4510.78
-4510.88
-4512.05
-4513.36
-4513.36
-4511.86
-4511.86
-4511.86
-4513.17
-4511.62
-4513.88
-4512.67
-4514.27
-4514.27
-4511.62
-4511.56
-4511.26
-4511.26
-4511.26
-4513.24
-4513.24
-4513.24
-4510.65
-4510.65
-4510.65
-4510.65
-4512.3
-4512.3
-4512.3
-4512.3
-4512.3
-4512.3
-4510.54
-4513.58
-4512.12
-4511.01
-4511.72
-4511.72
-4511.21
-4513
-4511.65
-4510.66
-4511.58
-4511.65
-4515.89
-4515.89
-4514.48
-4512.23
-4512.23
-4512.23
-4512.23
-4510.68
-4511.17
-4510.8
-4510.8
-4510.81
-4510.81
-4510.81
-4511.06
-4511.43
-4511.73
-4512.41
-4511.74
-4511.63
-4511.08
-4511.82
-4510.46
-4510.46
-4511.31
-4511.78
-4513
-4514.36
-4512.53
-4511.77
-4512.71
-4511.55
-4510.81
-4510.81
-4510.9
-4513.27
-4510.32
-4512.12
-4512.67
-4512.67
-4510.67
-4513.55
-4511.41
-4512.41
-4512.41
-4515.83
-4512.29
-4511.34
-4511.82
-4513.38
-4513.27
-4513.27
-4513.27
-4511.25
-4514.53
-4514.53
-4512.48
-4511.57
-4512.95
-4511.32
-4511.32
-4511.9
-4511.9
-4514.21
-4512.59
-4512.73
-4511.59
-4511.43
-4511.25
-4511.25
-4511.56
-4511.16
-4511.16
-4511.64
-4516.64
-4516.64
-4512.11
-4511.81
-4511.06
-4511.06
-4511.17
-4511.76
-4510.61
-4513.09
-4513.09
-4513.09
-4513.09
-4512.3
