ip_ml_19_rawLogTarget_unified = zeros(1000,1);
ip_ml_19_rawLogTarget_unified = [-225.564
-225.564
-225.602
-225.602
-225.413
-225.413
-225.603
-226.465
-225.302
-225.994
-225.994
-225.356
-225.356
-227.329
-227.329
-227.262
-227.262
-225.232
-225.232
-225.832
-229.282
-225.822
-225.626
-225.626
-225.626
-225.818
-225.794
-227.016
-227.016
-228.793
-227.336
-226.995
-226.995
-226.995
-230.337
-228.416
-228.072
-228.072
-228.072
-226.744
-227.552
-227.552
-227.223
-227.593
-228.372
-228.372
-226.51
-225.187
-225.187
-225.187
-226.781
-226.781
-228.098
-228.098
-226.649
-226.649
-225.249
-225.249
-225.249
-225.434
-225.22
-225.22
-225.661
-225.496
-225.496
-225.496
-225.329
-225.81
-225.81
-225.329
-225.329
-225.329
-225.329
-225.329
-225.329
-226.349
-225.329
-225.329
-225.329
-225.329
-225.329
-225.329
-225.329
-225.329
-225.329
-225.329
-225.329
-225.329
-225.578
-226.526
-226.507
-226.507
-225.553
-225.553
-225.553
-225.553
-225.329
-225.329
-225.329
-225.329
-225.329
-225.215
-225.215
-225.215
-225.215
-225.215
-225.215
-225.741
-225.356
-225.356
-225.356
-225.71
-225.71
-228.522
-226.738
-230.409
-226.551
-226.551
-225.721
-226.669
-226.669
-225.375
-230.023
-227.916
-227.916
-225.844
-226.511
-226.418
-226.418
-225.849
-227.364
-227.495
-228.049
-229.186
-229.529
-231.005
-231.005
-232.1
-229.385
-227.635
-229.231
-228.835
-228.835
-228.835
-228.835
-230.879
-230.777
-229.059
-230.681
-228.336
-228.685
-228.685
-228.692
-230.931
-230.931
-230.931
-225.196
-225.516
-225.416
-226.968
-226.126
-227.725
-227.725
-226.969
-228.957
-227.825
-227.212
-225.943
-225.904
-225.568
-227.212
-225.652
-227.378
-234.016
-228.964
-226.561
-226.561
-228.47
-228.47
-230.099
-230.099
-231.346
-228.61
-226.256
-226.256
-226.495
-226.495
-225.442
-229.406
-232.094
-227.088
-225.748
-226.154
-226.615
-227.336
-229.843
-227.729
-227.674
-225.855
-229.172
-226.013
-225.821
-225.821
-225.821
-225.465
-226.157
-226.653
-226.653
-225.29
-225.956
-225.943
-225.943
-225.588
-225.588
-228.765
-229.981
-226.475
-226.475
-226.475
-226.475
-226.475
-226.475
-225.362
-226.417
-226.684
-228.231
-228.231
-225.52
-225.52
-228.142
-228.451
-226.371
-226.371
-227.288
-225.694
-225.694
-226.136
-225.735
-226.641
-226.948
-227.524
-226.46
-226.46
-226.418
-226.117
-225.332
-225.332
-225.332
-225.332
-225.332
-225.479
-225.479
-225.179
-226.037
-225.735
-225.609
-228.153
-228.788
-228.788
-226.477
-226.723
-226.787
-226.718
-226.718
-226.787
-226.355
-228.019
-227.139
-228.416
-227.22
-229.942
-231.128
-227.601
-228.866
-228.866
-225.445
-225.895
-225.395
-226.161
-227.237
-227.237
-227.172
-226.7
-226.7
-225.777
-225.777
-225.23
-225.31
-226.634
-226.723
-225.469
-228.136
-228.136
-228.136
-228.136
-226.875
-226.875
-226.619
-225.855
-226.762
-226.674
-226.674
-226.674
-226.674
-229.373
-226.245
-226.311
-226.396
-230.061
-229.056
-232.996
-230.578
-229.376
-228.79
-228.847
-228.847
-230.018
-226.586
-228.169
-228.679
-228.763
-227.125
-226.384
-226.384
-226.479
-226.479
-226.757
-228.148
-228.148
-228.148
-228.148
-230.296
-226.75
-229.461
-229.461
-229.461
-229.461
-231.251
-230.672
-229.644
-226.563
-225.344
-227.659
-227.078
-225.405
-225.584
-225.312
-225.312
-226.214
-226.014
-226.969
-226.579
-226.579
-226.644
-225.353
-225.353
-225.353
-226.449
-226.189
-225.251
-225.251
-225.251
-225.251
-225.588
-225.251
-225.34
-225.34
-225.34
-225.34
-225.34
-225.443
-225.443
-225.443
-225.443
-225.338
-225.338
-226.579
-226.579
-226.579
-227.465
-226.435
-228.282
-226.667
-226.356
-226.356
-226.356
-228.059
-225.893
-228.503
-229.589
-229.908
-225.766
-225.766
-225.842
-225.842
-225.215
-225.215
-225.215
-229.378
-229.104
-229.104
-231.205
-227.153
-225.225
-226.07
-227.155
-227.155
-227.155
-226.471
-226.471
-229.688
-231.641
-231.639
-229.432
-228.308
-229.577
-228.548
-230.659
-228.328
-228.345
-228.138
-227.683
-228.046
-230.439
-229.042
-226.427
-226.647
-226.892
-226.892
-226.379
-226.379
-225.754
-225.754
-226.656
-225.26
-226.259
-226.259
-227.185
-229.941
-226.77
-226.77
-226.77
-226.771
-226.771
-227.152
-225.594
-226.524
-225.434
-225.434
-225.434
-227.692
-227.692
-229.873
-228.969
-228.597
-225.451
-225.451
-225.483
-225.483
-230.117
-230.117
-226.426
-228.714
-225.769
-225.769
-225.769
-225.273
-226.353
-226.353
-226.685
-226.685
-226.685
-226.685
-226.685
-230.993
-230.993
-225.368
-225.345
-225.345
-233.912
-226.969
-227.269
-227.139
-227.262
-227.893
-226.973
-225.179
-225.179
-226.668
-227.262
-228.367
-228.367
-227.271
-226.901
-228.586
-228.586
-228.359
-228.359
-230.5
-225.991
-226.654
-226.654
-226.654
-226.654
-228.716
-227.682
-227.017
-227.017
-228.346
-228.346
-228.243
-228.243
-225.93
-225.93
-225.93
-227.272
-226.835
-226.835
-226.074
-228.551
-227.272
-225.646
-225.646
-226.886
-226.886
-226.586
-226.968
-225.751
-225.751
-225.539
-225.539
-225.539
-225.539
-225.539
-226.205
-225.213
-225.539
-225.539
-225.321
-225.321
-226.645
-226.645
-226.645
-225.44
-227.761
-226.194
-225.282
-225.282
-229.792
-229.792
-229.792
-226.214
-226.214
-226.001
-225.776
-225.776
-225.776
-229.648
-228.498
-225.694
-225.365
-229.857
-225.269
-225.269
-225.269
-225.269
-225.269
-225.269
-225.751
-226.261
-228.297
-225.84
-225.84
-225.84
-228.465
-227.89
-228.223
-228.651
-228.26
-226.139
-226.139
-226.139
-226.139
-226.139
-227.062
-230.209
-231.077
-225.314
-225.314
-225.314
-225.57
-225.251
-225.251
-225.314
-225.314
-225.274
-225.655
-225.418
-225.418
-227.207
-225.363
-227.072
-225.724
-227.913
-228.054
-227.169
-226.951
-227.169
-225.927
-230.469
-231.736
-230.013
-228.901
-226.037
-227.617
-228.965
-231.286
-229.983
-226.347
-225.497
-225.497
-225.586
-225.966
-225.966
-225.966
-227.754
-227.754
-228.239
-230.092
-227.754
-227.754
-226.005
-225.25
-225.538
-229.427
-228.704
-228.299
-229.183
-229.183
-229.183
-230.231
-230.231
-227.238
-228.325
-227.96
-227.305
-228.049
-228.049
-226.139
-226.139
-227.641
-227.427
-227.427
-228.142
-226.975
-228.168
-226.706
-226.506
-232.151
-231.645
-234.421
-234.421
-229.213
-229.656
-231.176
-230.02
-230.426
-230.426
-231.946
-230.067
-227.679
-227.679
-227.679
-225.737
-225.737
-225.218
-225.94
-226.613
-225.737
-225.737
-225.737
-227.679
-227.679
-226.171
-226.289
-226.289
-226.98
-226.98
-226.98
-226.632
-226.632
-226.632
-226.98
-226.98
-227.679
-227.679
-228.567
-228.567
-225.498
-228.923
-228.647
-227.737
-227.657
-229.229
-229.016
-227.465
-226.216
-225.904
-225.672
-225.672
-225.672
-230.289
-227.514
-226.754
-227.802
-227.802
-230.279
-230.279
-230.091
-229.23
-229.23
-226.781
-226.351
-226.369
-226.369
-227.735
-227.095
-227.095
-226.389
-226.389
-226.389
-227
-227
-226.369
-226.76
-228.4
-227.955
-227.955
-230.21
-230.21
-226.81
-229.399
-225.621
-229.399
-227.356
-225.975
-229.352
-227.223
-226.276
-225.249
-232.314
-228.001
-226.668
-226.668
-225.681
-226.096
-227.335
-225.844
-226.035
-226.035
-225.86
-226.777
-225.42
-225.7
-225.7
-226.478
-225.727
-226.296
-227.314
-227.314
-227.314
-225.417
-225.428
-225.428
-226.478
-226.478
-226.286
-226.043
-226.286
-226.153
-226.326
-227.444
-225.841
-225.841
-227.604
-225.524
-225.524
-226.837
-229.05
-227.694
-227.636
-226.066
-225.558
-227.419
-227.419
-227.419
-225.432
-228.036
-227.255
-227.255
-227.255
-227.255
-227.255
-227.796
-227.796
-227.703
-227.703
-227.703
-226.008
-225.392
-225.966
-227.64
-225.224
-225.224
-225.224
-229.061
-226.08
-226.08
-225.462
-231.391
-232.404
-232.404
-226.411
-226.195
-226.866
-227.155
-227.381
-226.294
-225.719
-226.066
-227.085
-225.779
-227.184
-227.64
-228.067
-231.732
-226.861
-226.861
-227.028
-230.689
-230.689
-230.689
-227.686
-226.454
-226.454
-226.454
-228.865
-226.065
-229.427
-227.534
-230.032
-233.252
-227.615
-229.115
-225.938
-230.37
-226.13
-227.46
-227.46
-225.434
-225.67
-225.855
-229.981
-226.855
-226.779
-226.903
-225.356
-225.479
-225.479
-225.544
-225.544
-225.208
-225.208
-227.207
-227.207
-227.207
-225.636
-225.869
-226.105
-227.085
-226.27
-226.922
-226.791
-226.823
-225.309
-225.309
-225.309
-226.761
-228.213
-226.799
