ip_ml_1_rawLogTarget_unified = zeros(1000,1);
ip_ml_1_rawLogTarget_unified = [6.80158
6.80158
6.79606
6.79606
6.79724
6.79848
6.77209
6.77209
6.26224
6.26224
6.26224
6.79948
6.80818
6.80261
6.80261
6.78371
6.8079
6.79723
6.79723
6.16137
5.68252
5.68252
6.7965
6.7965
6.7965
6.7965
6.79738
6.79738
6.79738
6.78476
6.78476
6.8051
6.79767
6.79767
6.79676
6.69238
6.69238
6.80321
6.79622
6.79629
6.80065
6.7976
6.79695
6.79627
6.75634
6.00253
6.77549
6.80853
6.80438
6.80438
6.53671
6.80564
6.79801
6.26449
6.7962
6.79731
6.79731
6.80534
6.80534
6.80534
6.21859
6.7865
6.79635
6.79673
6.66327
6.79955
6.79659
6.80121
6.79653
6.79734
6.79701
6.80025
6.79719
5.39388
6.79639
6.6356
6.80068
6.80061
6.79645
6.79699
6.79654
6.79812
6.79651
6.79651
6.34326
6.79628
6.79653
6.78893
6.57077
6.57077
6.78804
6.79632
6.79754
6.67084
6.79645
6.79817
6.79817
6.79968
6.79987
6.80002
6.80249
6.80439
6.79701
6.8071
6.79846
6.79846
6.8006
6.79714
6.80632
6.79964
6.79843
6.80572
6.80412
6.76204
6.80306
6.80152
6.806
6.79691
6.79753
6.80569
6.80569
6.80026
6.79812
6.80237
6.79158
6.79158
6.79566
6.79566
6.80634
6.80634
6.80083
6.79862
6.7666
6.7666
6.80497
6.81206
6.80169
6.80169
6.79953
6.79658
6.70914
6.80647
6.80013
6.79657
6.79657
6.76852
6.8057
6.79622
6.73125
6.80625
6.80625
6.47254
6.75787
6.77037
6.79823
6.80068
6.79885
6.79885
6.80631
6.80631
6.79758
6.79946
6.79674
6.79639
6.79679
6.80052
6.70045
6.70045
6.79869
6.79869
6.79767
6.79767
6.80668
6.80668
6.7967
6.79637
6.79719
6.79862
6.79862
6.80051
6.73327
6.63618
6.79908
6.80301
6.79783
6.79783
6.8001
6.8001
6.8009
6.79825
6.79672
6.80567
6.80218
6.80218
6.79728
6.79759
6.80589
6.80589
6.79857
6.79857
6.7992
6.7992
6.79679
6.79648
6.80654
6.80664
6.80264
6.79647
6.80069
6.80418
6.79948
6.79786
6.79716
6.79904
6.79737
6.80087
6.80064
6.80064
6.79789
6.79793
6.80658
6.80094
6.79712
6.79623
6.66157
6.66157
6.66157
6.7969
6.80639
6.80065
6.79671
6.79649
6.79649
6.80782
6.79666
6.79967
6.79629
6.798
6.798
6.79772
6.79772
6.79633
6.79685
6.79685
6.79685
6.79628
6.79656
6.79657
6.79628
6.79628
6.80098
6.79842
6.80019
6.80019
6.80019
6.79667
6.79652
6.6863
6.80319
6.80032
6.79676
6.7978
6.79727
6.80578
6.57649
6.57649
6.70607
6.78607
6.79769
6.80009
6.79958
6.80556
6.79748
6.79748
6.79649
6.79649
6.79681
6.46658
6.80704
6.8002
6.80609
6.80417
6.80494
6.46933
6.79671
6.80252
6.79711
6.80584
6.79863
6.79863
6.79635
6.75079
6.79804
6.80323
6.80642
6.79761
6.80603
6.76171
6.80247
6.79704
6.80433
6.8052
6.79646
6.79646
6.79676
6.79863
6.79863
6.79696
6.80567
6.79641
6.79641
6.79969
6.80348
6.79978
6.7966
6.80582
6.80582
6.7982
6.80041
6.79637
6.80479
6.80069
6.80069
6.80025
6.79804
6.79677
6.79677
6.80121
6.4874
6.79674
6.76868
6.79017
6.79674
6.79638
6.78507
6.79767
6.80222
6.76038
6.80459
6.79763
6.79633
6.79657
6.79731
6.80438
6.73009
6.79901
6.79901
6.58848
6.79645
6.79644
6.79709
6.79789
6.79789
6.79676
6.79676
6.79676
6.79676
6.80677
6.79872
6.79872
6.80356
6.47783
6.78344
6.79993
6.80105
6.80105
6.80105
6.8027
6.7967
6.79649
6.79649
6.79665
6.80588
6.79746
6.79966
6.80592
6.80269
6.80269
6.79707
6.79814
6.79717
6.79965
6.79926
6.79926
6.80679
6.80296
6.79675
6.80148
6.80662
6.79855
6.79661
6.79639
6.80598
6.80608
6.73226
6.72308
6.5253
6.79893
6.79732
6.79656
6.79656
6.80327
6.79642
6.79634
6.80306
6.79965
6.79965
6.79946
6.79755
6.79964
5.30851
6.79632
6.63854
6.79845
6.79636
6.54104
6.54104
6.80563
6.80563
6.80146
6.57523
6.70352
6.79903
6.79903
6.80447
6.7962
6.7962
4.35903
6.79631
6.79655
6.79645
6.79783
6.79931
6.58361
6.67271
6.79636
6.79633
6.79626
6.79639
6.80074
6.80074
6.79668
6.67953
6.80692
6.8042
6.79634
6.79646
6.79646
6.79646
6.79679
6.7977
6.79734
6.79734
6.80317
6.79955
6.79678
6.79678
6.79678
6.80181
6.80447
6.79669
6.80362
6.80753
6.80035
6.79643
6.79678
6.78903
6.79641
6.79783
6.79783
6.7965
6.80726
6.80726
6.79657
6.79647
6.8006
6.79655
6.80606
6.79689
6.79815
6.79864
6.80549
6.59631
6.79949
6.80306
6.53251
6.80353
6.80175
6.79624
6.79652
6.80082
6.73576
6.79674
6.79629
6.77802
6.79632
6.75706
6.79688
6.8013
6.79638
6.7965
6.7965
6.80266
6.80534
6.79678
6.7978
6.10374
6.80665
6.79868
6.79765
6.79888
6.79888
6.74602
6.75685
6.80603
6.80603
6.80275
6.798
6.79814
6.79676
6.79676
6.79676
6.80021
6.80451
6.80295
6.79667
6.79667
6.79719
6.79685
6.80062
6.80267
6.80076
6.80287
6.79639
6.79629
6.79694
6.74211
6.74211
6.79643
6.79643
6.79646
6.80806
6.80394
6.80394
6.80599
6.79801
6.79736
6.80782
6.80782
6.79692
6.79702
6.80805
6.79668
6.79683
6.79768
6.79625
6.79625
6.79864
6.7971
6.80615
6.79686
6.79638
6.79695
6.78882
6.75079
6.79715
6.79715
6.79793
6.56413
6.56413
6.56413
6.79645
6.79645
6.79645
6.79655
6.74629
6.76311
6.80407
6.79653
6.79653
6.79653
6.58943
6.80005
5.8011
6.80597
6.79349
6.79689
6.80655
6.80655
6.80738
6.79796
6.7964
6.79639
6.79658
6.79658
6.79643
6.79643
6.76069
6.80305
6.80305
6.79902
6.80113
6.39524
6.79619
6.80224
6.80375
6.80394
6.79642
6.79642
6.79642
6.80441
6.79798
6.78548
6.79719
6.80377
6.79673
6.80025
6.8034
6.79978
6.79978
6.79787
6.79713
6.80263
6.7965
6.79233
6.80201
6.79649
6.79628
6.79628
6.79646
6.79624
6.80219
6.80219
6.63928
6.80691
6.80559
6.80559
6.80559
6.79806
6.79674
6.80669
6.80669
6.79782
6.79686
6.71987
6.36924
6.80399
6.80399
6.78771
6.79975
6.79684
6.79684
6.79684
6.79684
6.79661
6.79698
6.79653
6.79792
6.80626
6.80626
6.79825
6.79764
6.79978
6.79952
6.79737
6.61545
5.68179
6.6213
6.7928
6.79686
6.79678
6.76197
6.79771
6.79771
6.79771
6.79706
6.79622
6.80702
6.79972
6.79756
6.78898
6.78689
6.78689
6.79697
6.79697
6.79642
6.79701
6.76635
6.7997
6.79643
6.79643
6.79643
6.79663
6.80193
6.79824
6.79824
6.79649
6.80036
6.80036
6.79907
6.79832
6.53614
6.53614
6.79724
6.79626
6.8021
6.80381
5.67443
6.80634
6.80671
6.79627
6.34263
6.8114
6.8114
6.8028
6.8028
6.80488
6.80488
6.80576
6.80576
6.71244
6.78866
6.78866
6.80393
6.80393
6.79693
6.68921
6.79914
6.80624
6.69123
6.79645
6.79961
6.78733
6.78733
6.65791
6.72606
6.39982
6.77234
6.80631
6.80084
6.80084
6.80084
6.79878
6.79737
6.79737
6.81029
6.79791
6.7965
6.80051
6.79925
6.80549
6.79713
6.80711
6.80265
6.79855
6.79907
6.17423
6.76704
6.76704
6.80258
6.8051
6.80658
6.80049
6.79842
6.79737
6.80196
6.80196
6.80248
6.79863
6.79838
6.80034
6.80034
6.79995
6.78838
6.80074
6.79791
6.79791
6.80181
6.80532
6.80241
6.80568
6.80514
6.80514
6.14312
6.80774
6.80774
6.80058
6.79718
6.79668
6.79744
6.80601
6.79637
6.79647
6.79647
6.79647
6.79927
6.63401
6.63401
6.79704
6.71566
6.80493
6.80493
6.80493
6.80514
6.70325
6.70325
6.69931
6.79632
6.79626
6.8007
6.80131
6.80131
6.80131
6.78471
6.80922
6.79812
6.79812
6.80028
6.80028
6.79979
6.79672
6.79672
6.79662
5.48305
6.75714
6.79663
6.79633
5.68718
5.68718
6.79644
6.80665
6.80665
6.79786
6.79786
6.79837
6.80209
6.80541
6.80561
6.80026
6.5134
6.5134
6.80588
6.79711
6.79729
6.79729
6.56651
6.49671
6.67976
6.67976
6.77098
6.74503
6.79939
6.79672
6.6335
6.80444
6.79635
6.80204
6.79749
6.67822
6.803
6.79967
6.31829
6.79932
6.79717
6.79717
6.80564
6.17386
6.76876
6.79824
6.80056
6.79381
6.80599
6.80599
6.7973
6.7967
6.49774
6.49774
6.79673
6.79673
6.79296
6.71711
6.80544
6.80544
6.8004
6.79852
6.79833
6.80651
6.80349
6.80627
6.80124
6.80124
6.80664
6.79923
6.80278
6.80208
6.80208
6.79798
6.79798
6.79648
6.78733
6.79686
6.80107
6.80526
6.7993
6.7993
6.80247
6.51065
6.79928
6.74041
6.74041
6.73761
6.80153
6.80153
6.79629
6.79629
6.79629
6.52651
6.80274
6.79713
6.80087
6.33215
6.79648
6.79696
6.79696
6.80342
6.79629
6.79629
6.80183
6.80692
6.80421
6.80605
6.81073
6.80393
6.79705
6.80568
6.80568
6.7962
6.55146
5.77744
6.79685
6.79685
6.77168
6.79693
6.79715
5.89265
5.89265
6.75663
6.75663
5.71814
6.27835
6.79699
6.79128
6.79737
6.79834
6.79834
6.79629
6.79721
6.80389
6.79698
6.79623
6.79623
6.79635
6.79973
6.79696
6.79788
6.79788
6.79788
6.63037
6.80637
6.80082
6.7966
6.79621
6.79691
6.80563
4.97951
4.97951
6.79811
6.78581
6.75591
6.79893
6.79786
6.79674
6.79668
6.79697
6.79697
6.79635
6.7967
6.7967
6.7967
6.79696
6.7964
6.79635
6.79645
6.79641
6.80926
6.78716
6.79804
6.80018
6.79416
6.80123
];
