ip_ml_13_rawLogLikelihood_unified = zeros(1000,1);
ip_ml_13_rawLogLikelihood_unified = [-83.7303
-83.5591
-85.5989
-84.5314
-83.8696
-82.7135
-83.6655
-83.416
-85.2445
-83.2354
-83.4206
-84.4485
-85.0811
-83.3353
-82.8905
-83.0841
-83.0841
-83.4523
-83.3548
-82.6751
-82.6751
-85.1811
-83.6362
-83.6362
-83.7255
-83.7255
-84.2444
-83.6834
-83.1688
-83.1688
-83.4292
-83.5754
-83.9485
-84.3266
-85.7566
-85.2184
-86.5536
-86.5536
-86.275
-84.787
-84.9492
-84.8084
-84.5994
-84.4702
-84.179
-84.7351
-84.8084
-84.4133
-84.2254
-83.8947
-83.9164
-83.9164
-89.6468
-89.7974
-90.4085
-88.9979
-88.9979
-90.0598
-82.3849
-82.3849
-82.098
-81.8645
-81.9847
-82.3827
-82.3827
-83.0397
-82.7877
-82.6991
-82.3849
-82.3849
-81.9494
-81.9494
-82.5199
-82.5199
-82.3573
-81.567
-81.567
-81.567
-81.7374
-81.7374
-81.8363
-82.7063
-82.4336
-82.4336
-82.4336
-81.8446
-81.329
-82.432
-85.5811
-85.5811
-82.5565
-82.5565
-83.2499
-81.7327
-81.7327
-81.7327
-86.2841
-85.5783
-83.1889
-83.1889
-83.5239
-82.8021
-82.7627
-82.7627
-80.1579
-80.3364
-79.4352
-79.4352
-76.7878
-76.7878
-76.7878
-77.754
-81.9648
-83.7742
-82.2705
-81.912
-81.912
-81.912
-81.2381
-81.2381
-81.434
-83.4643
-83.5426
-84.7958
-77.9741
-77.9741
-77.1213
-77.1213
-79.7642
-80.2803
-79.3077
-78.7206
-78.7206
-78.7206
-78.6487
-78.6487
-78.6487
-82.4435
-82.4435
-81.6711
-81.9572
-82.62
-82.4874
-76.7086
-76.7086
-76.8912
-76.8912
-76.8912
-78.9071
-81.3453
-81.3453
-80.4329
-79.3679
-79.3679
-79.3679
-82.3568
-82.3568
-79.5167
-79.5167
-79.5446
-79.5446
-82.9918
-87.3119
-87.7874
-80.5321
-77.9741
-77.9741
-77.6985
-78.7797
-77.8213
-77.8213
-77.8213
-78.7049
-78.7049
-77.9741
-77.9741
-77.9741
-77.8943
-77.9741
-77.9063
-77.9063
-81.7445
-81.5649
-81.4136
-80.039
-79.6548
-79.1581
-79.1581
-79.1581
-79.1581
-79.1581
-79.1581
-80.4767
-84.8239
-77.9741
-78.6302
-78.6302
-77.9741
-77.9741
-77.9741
-77.9741
-77.9741
-77.9741
-77.1284
-79.9437
-79.9437
-77.9035
-78.7862
-77.1703
-77.2061
-77.9741
-82.5957
-82.5957
-76.7602
-84.998
-83.3109
-79.5446
-79.3387
-79.3387
-79.3387
-90.4022
-89.6101
-83.2707
-80.1579
-80.1579
-79.1156
-81.3044
-79.0246
-78.0696
-77.9741
-78.0921
-78.9529
-77.9741
-77.9741
-77.9741
-77.9741
-77.9131
-77.7183
-81.2755
-77.9741
-77.678
-77.9741
-78.1462
-78.1462
-77.9741
-83.1026
-78.862
-78.6368
-79.5908
-76.9682
-91.3715
-91.6495
-83.717
-83.717
-83.2707
-83.061
-83.6148
-83.9411
-83.5537
-90.47
-89.6502
-89.6502
-87.2476
-81.977
-81.977
-82.1337
-83.4984
-83.3302
-82.2633
-82.3849
-82.7126
-81.6632
-81.764
-82.9415
-81.1454
-92.6206
-90.4619
-83.4654
-90.1852
-84.209
-84.6683
-89.3202
-82.8264
-82.6191
-82.3465
-82.2022
-81.7068
-82.3465
-82.6156
-82.5726
-82.3849
-82.3849
-83.2342
-81.2893
-81.2893
-81.2893
-81.2893
-81.2893
-81.2893
-81.2893
-82.3804
-81.0078
-85.1635
-77.9741
-77.9741
-77.1859
-77.9741
-77.9741
-77.9741
-78.1575
-77.2051
-78.3165
-78.3165
-78.4993
-78.4993
-78.4993
-77.9741
-77.9048
-77.9741
-77.9741
-77.9741
-82.4283
-82.7905
-83.2171
-83.3003
-84.918
-81.4501
-82.2292
-82.506
-79.7662
-78.9031
-78.9031
-78.9031
-78.6507
-78.6507
-80.5913
-78.118
-78.118
-78.118
-78.5316
-78.5316
-78.5316
-78.5316
-78.5316
-78.501
-79.9494
-80.1008
-80.23
-80.23
-80.23
-81.3633
-81.3633
-84.6259
-82.8828
-82.8828
-82.452
-78.6464
-78.6464
-78.6464
-79.0501
-79.0501
-87.6427
-78.3747
-78.52
-81.012
-78.3276
-77.0112
-77.0112
-78.7292
-78.7292
-77.5125
-78.7292
-76.8218
-82.3769
-82.3849
-83.019
-82.3849
-82.3849
-77.3708
-77.3708
-79.0376
-79.0376
-78.6783
-78.6783
-78.6783
-77.4632
-77.4632
-77.073
-77.0943
-77.0943
-77.0609
-77.9741
-78.102
-78.102
-79.0029
-80.3394
-80.3394
-81.6708
-81.6708
-79.6128
-79.6128
-79.6128
-79.6128
-79.0967
-78.3693
-78.8176
-78.8176
-78.491
-78.829
-78.6182
-78.6182
-78.829
-78.491
-77.7889
-77.7889
-77.5433
-77.5433
-78.491
-80.3746
-80.3746
-82.3831
-82.2392
-81.8315
-82.6411
-81.8227
-81.3657
-82.1678
-82.1678
-82.1678
-81.0977
-80.9348
-81.8466
-81.8466
-81.8466
-81.8466
-81.6659
-79.3342
-79.3342
-79.6835
-79.6835
-80.883
-80.883
-80.0351
-80.0351
-80.0351
-80.0351
-80.0351
-78.7926
-78.0767
-78.0767
-78.5327
-78.9608
-77.9741
-77.9741
-78.342
-78.342
-78.5605
-77.4808
-77.9741
-77.9741
-77.9741
-77.4863
-77.4863
-77.4863
-77.4863
-77.4863
-76.6266
-80.2236
-79.8086
-79.875
-79.6479
-80.9655
-82.2461
-79.9496
-79.9496
-82.5463
-82.5463
-79.3679
-79.3679
-79.3679
-79.3679
-79.3679
-79.3679
-76.8821
-76.8821
-79.4852
-79.4852
-78.5059
-78.5059
-79.6082
-85.3797
-77.2639
-77.2639
-82.3849
-82.34
-82.0289
-79.7319
-78.6566
-78.8629
-78.9687
-80.2349
-80.2349
-79.4541
-79.4541
-79.4541
-79.4541
-79.1156
-79.1156
-79.1156
-79.1156
-79.1156
-81.3044
-81.3044
-82.4877
-82.4877
-78.9591
-78.6105
-77.9741
-77.9741
-77.7693
-77.7693
-79.3449
-79.3449
-79.0824
-78.2951
-77.9741
-77.9741
-77.9741
-77.9741
-79.5032
-77.5729
-77.5729
-80.5751
-80.5751
-78.2755
-78.249
-78.1458
-78.1458
-78.8359
-78.8359
-77.6769
-77.6769
-77.6769
-77.8396
-77.8396
-77.8396
-77.8396
-76.3511
-76.3511
-76.8806
-76.8806
-77.9741
-77.9741
-77.9741
-77.9741
-77.9741
-77.9741
-77.9741
-77.9741
-78.6336
-79.2675
-79.352
-81.7742
-78.7452
-78.7452
-77.9741
-77.9924
-77.9741
-77.9741
-77.5887
-77.5887
-77.9741
-77.9741
-77.9741
-77.7651
-77.7651
-77.7651
-79.0838
-77.6357
-77.6357
-77.8414
-77.8414
-77.3936
-77.3936
-77.3936
-79.1271
-79.1271
-81.9001
-81.9001
-81.9001
-77.5512
-77.5512
-77.9741
-77.9741
-77.6356
-77.6356
-77.6356
-77.6356
-77.3464
-77.3464
-77.3464
-78.8802
-78.8515
-77.9741
-79.7429
-79.7429
-77.9741
-77.9741
-78.8863
-78.8863
-78.0683
-78.0683
-78.5013
-78.5013
-77.9741
-77.342
-77.342
-77.342
-77.9741
-77.9741
-77.5502
-77.5502
-77.9741
-77.9741
-77.2609
-78.1256
-77.2609
-77.2609
-78.4296
-78.4296
-78.4296
-77.9741
-77.9741
-77.7359
-77.7359
-77.7359
-78.1462
-78.4213
-76.9245
-76.9245
-76.9245
-76.9245
-76.9245
-78.4578
-76.9245
-76.9245
-77.9741
-78.1725
-81.7651
-81.7651
-80.23
-80.23
-80.23
-82.1722
-82.1722
-79.9211
-79.2318
-78.9394
-78.7995
-78.7995
-76.9648
-76.9648
-78.6368
-78.6368
-81.8576
-81.8576
-81.8576
-78.2383
-79.0683
-79.0683
-79.5446
-78.7353
-78.7353
-78.4019
-77.8816
-79.5908
-80.0218
-79.1253
-80.4982
-80.6721
-81.7309
-81.7309
-82.083
-81.9706
-79.5446
-79.5446
-79.5446
-78.6125
-79.722
-79.5446
-79.5446
-79.5446
-79.5446
-79.5446
-79.5446
-79.5446
-79.5446
-79.5446
-80.8973
-79.5446
-79.5446
-77.7192
-77.7192
-78.5515
-78.5515
-78.4888
-79.5521
-79.4379
-78.4807
-77.8062
-79.5446
-78.4403
-78.4403
-78.2831
-78.2831
-79.292
-79.292
-79.5446
-79.5446
-78.7523
-78.7523
-77.4888
-77.4888
-82.7566
-85.9671
-86.5419
-86.3968
-86.5758
-84.9586
-85.1913
-84.7865
-85.7153
-85.0481
-84.7483
-84.9123
-84.2711
-86.2421
-86.4572
-85.5964
-85.3553
-89.2476
-89.323
-89.4224
-88.9178
-88.2848
-88.2848
-91.6278
-92.4169
-88.2888
-87.3124
-91.1411
-90.3611
-88.5988
-88.6417
-89.9187
-86.1903
-84.9409
-84.9171
-83.6737
-83.6737
-83.9027
-83.5237
-83.5237
-84.4048
-84.3251
-84.3251
-84.5418
-84.4895
-85.7286
-86.1802
-85.7286
-84.6923
-84.6923
-84.7274
-84.6689
-86.9325
-86.2063
-85.7919
-85.9319
-86.2161
-86.3375
-86.0674
-86.6025
-86.4518
-85.2087
-85.714
-86.7396
-82.7672
-82.7672
-84.5197
-82.6168
-82.6168
-82.6168
-81.6753
-83.5173
-84.6741
-83.6237
-83.6249
-83.8556
-83.9816
-84.8104
-84.3828
-85.9873
-85.441
-83.8635
-84.3098
-84.8541
-85.1364
-85.1023
-83.4458
-83.8732
-83.8732
-84.0299
-88.1061
-88.0853
-90.3972
-85.3405
-84.9704
-85.9285
-88.7851
-87.9603
-88.2864
-88.1801
-91.0088
-80.23
-80.23
-78.303
-78.5773
-84.8953
-81.0961
-80.1374
-80.1374
-82.3849
-82.3849
-82.2447
-83.9226
-82.4662
-81.5793
-79.5446
-79.4141
-80.6141
-80.196
-78.8209
-79.1761
-78.4446
-78.4446
-79.9598
-79.9598
-78.9979
-77.8397
-78.7689
-78.7689
-76.3727
-76.7904
-76.7904
-76.7904
-76.7904
-76.7904
-76.6773
-76.6773
-76.6773
-76.6773
-77.3913
-76.3495
-76.3495
-76.6773
-84.0984
-79.5663
-76.8296
-82.827
-78.7233
-83.0113
-83.5524
-83.5524
-82.242
-82.242
-81.2975
-81.7369
-77.9741
-78.0974
-77.9741
-77.9741
-77.9741
-77.9741
-77.9741
-77.9741
-77.9741
-77.9741
-79.3637
