ip_ml_13_rawChain_unified = zeros(1000,3);
ip_ml_13_rawChain_unified = [2.3325363596765754e+00 1.3353743752359386e+00 5.8433476323885192e-01 
2.6579652122329835e+00 1.1227967964868375e+00 3.8484774059817145e-01 
3.1372793324451154e+00 1.0620718838118510e+00 3.6067726220326901e-01 
1.5715999416717357e+00 1.1737365365732806e+00 4.9472856698749756e-01 
2.6336429495513412e+00 1.3364977444818111e+00 5.5285781162561187e-01 
1.4570539583720374e+00 1.0071538787641403e+00 5.4138595641303666e-01 
1.2213966788499080e+00 9.7723940453434099e-01 5.1896519210075664e-01 
2.0858393380916516e+00 1.2581005769748839e+00 5.8238347275681523e-01 
1.1205470365624579e+00 1.0383375398592944e+00 5.1095801823689446e-01 
2.1748817268416984e+00 1.1830883483285606e+00 4.9438828894374998e-01 
2.4951969962725635e+00 1.1777679585925578e+00 4.4594899249479175e-01 
3.0313854607270736e+00 1.2789981601549476e+00 4.9428005879495041e-01 
3.4997007079315972e+00 1.4170485263441617e+00 4.9818050053135665e-01 
1.8436696604762994e+00 1.1472051663604697e+00 4.9977646519803637e-01 
2.2447946740011129e+00 1.1026168199221966e+00 5.2326726378335608e-01 
1.7661184746888441e+00 1.0546260122065843e+00 4.2317761762996020e-01 
1.7661184746888441e+00 1.0546260122065843e+00 4.2317761762996020e-01 
2.1116124036022419e+00 1.2129215376337967e+00 5.0260792525265485e-01 
2.4232700330195613e+00 1.1924324789648493e+00 4.8754000016595767e-01 
1.9517534360111617e+00 1.0832678816473686e+00 4.9739315493817721e-01 
1.9517534360111617e+00 1.0832678816473686e+00 4.9739315493817721e-01 
3.2353251604681308e+00 1.2889250780398349e+00 5.1637702020880905e-01 
2.1058426471566469e+00 1.5664332773139127e+00 9.5943026506538309e-01 
2.1058426471566469e+00 1.5664332773139127e+00 9.5943026506538309e-01 
2.3241063727675750e+00 1.5478891831809214e+00 9.4787993214189181e-01 
2.3241063727675750e+00 1.5478891831809214e+00 9.4787993214189181e-01 
2.5781657131424121e+00 1.5072932030216815e+00 9.1591605222737627e-01 
2.3438569816666570e+00 1.4859898245140259e+00 9.3195235914393515e-01 
2.2188340554809769e+00 1.2802921262878595e+00 7.9223516765151403e-01 
2.2188340554809769e+00 1.2802921262878595e+00 7.9223516765151403e-01 
2.3204165110374566e+00 1.3352990132327671e+00 7.9535438972370209e-01 
2.3282532382245744e+00 1.4157742623161347e+00 8.8608193888615683e-01 
2.3056687338291990e+00 1.6723292568335810e+00 1.0030244085318250e+00 
1.5505398414482567e+00 1.5388386986231457e+00 9.9241216665733689e-01 
3.2171524219564063e+00 1.8028098059840045e+00 9.9914810720199221e-01 
2.8364050380718551e+00 2.0015908328736995e+00 9.6009294547339519e-01 
4.1127235880091693e+00 2.1153027792712624e+00 9.6473896474446730e-01 
4.1127235880091693e+00 2.1153027792712624e+00 9.6473896474446730e-01 
3.8703221089869206e+00 1.8978191297252545e+00 8.7362069965535694e-01 
2.0277892186054625e+00 1.8072713172809518e+00 1.0160029853451762e+00 
2.1814751123955074e+00 1.8895631079805033e+00 1.0261329543436606e+00 
2.8515439175217123e+00 1.7737362197674149e+00 9.9872711501966971e-01 
2.7039708915988903e+00 1.8283445653324881e+00 1.0180671306939324e+00 
2.5958134703327191e+00 1.8133337986036093e+00 1.0184238061156299e+00 
2.5364255421011412e+00 1.6552994142088850e+00 9.2938106657861641e-01 
2.3518703392817679e+00 1.9025228844595525e+00 1.0396750721520420e+00 
2.8515439175217123e+00 1.7737362197674149e+00 9.9872711501966971e-01 
2.5551406943063224e+00 1.8022116479632690e+00 1.0206469598487726e+00 
2.2732135125268278e+00 1.7580734760404442e+00 1.0164894957287485e+00 
2.3394100888052440e+00 1.6167726282071071e+00 9.5216462797223900e-01 
1.9030840906687203e+00 1.5370416766397441e+00 9.0430663821861546e-01 
1.9030840906687203e+00 1.5370416766397441e+00 9.0430663821861546e-01 
1.9524941614226144e+01 3.7790246161524514e+00 7.2498895776418759e-01 
8.4884298560559746e+00 3.6216436666816376e+00 8.8409775351762643e-01 
3.5919615255257192e+01 4.9818750400661358e+00 1.0213921687382821e+00 
2.7426973335699628e+01 2.6244449497841327e+00 2.1054576082855284e-01 
2.7426973335699628e+01 2.6244449497841327e+00 2.1054576082855284e-01 
3.6503553060624604e+01 3.2577417012646439e+00 4.8481920429209702e-01 
2.0928352951125930e+00 9.8083649939700646e-01 4.4794197946771885e-01 
2.0928352951125930e+00 9.8083649939700646e-01 4.4794197946771885e-01 
2.0104655316902167e+00 9.2102147101442766e-01 4.1532978346218413e-01 
1.9200295537362915e+00 8.9049756372061140e-01 3.9061711059476451e-01 
1.7341233143219239e+00 9.3663781706735638e-01 4.3291629463621595e-01 
1.5270169922715113e+00 9.3404927029533724e-01 4.2868772856065013e-01 
1.5270169922715113e+00 9.3404927029533724e-01 4.2868772856065013e-01 
1.7005167019712093e+00 1.0902710352836260e+00 5.1197453519488401e-01 
2.2641088633053608e+00 1.0132045230458755e+00 4.3724378466517405e-01 
1.6381186080242234e+00 1.0049056604805202e+00 4.5233074740650281e-01 
2.0928352951125930e+00 9.8083649939700646e-01 4.4794197946771885e-01 
2.0928352951125930e+00 9.8083649939700646e-01 4.4794197946771885e-01 
1.7647058945559766e+00 9.2232366280123868e-01 4.0727274287025156e-01 
1.7647058945559766e+00 9.2232366280123868e-01 4.0727274287025156e-01 
2.1377921950449417e+00 1.0054283139608811e+00 4.6678788803702465e-01 
2.1377921950449417e+00 1.0054283139608811e+00 4.6678788803702465e-01 
2.0723672876788717e+00 9.8274040260560303e-01 4.3982745684980179e-01 
1.6610274067444268e+00 8.7396668252334286e-01 4.2367756839194243e-01 
1.6610274067444268e+00 8.7396668252334286e-01 4.2367756839194243e-01 
1.6610274067444268e+00 8.7396668252334286e-01 4.2367756839194243e-01 
1.6336450369653888e+00 8.4852603077661970e-01 3.3607004911609473e-01 
1.6336450369653888e+00 8.4852603077661970e-01 3.3607004911609473e-01 
1.6915824981564185e+00 9.0976123294621347e-01 4.2411055748801468e-01 
2.2172749401805238e+00 9.5448393834957035e-01 4.3842734779726483e-01 
2.1183964485413229e+00 9.4781020773204216e-01 4.5973647864760736e-01 
2.1183964485413229e+00 9.4781020773204216e-01 4.5973647864760736e-01 
2.1183964485413229e+00 9.4781020773204216e-01 4.5973647864760736e-01 
1.9044853195940563e+00 8.9953752177780499e-01 4.1991044171507630e-01 
1.7215230548143492e+00 8.3156189401925984e-01 4.0699959498880345e-01 
2.1052777421540108e+00 9.9229493094334820e-01 4.5149830098122445e-01 
2.8700047302389811e+00 1.0060952179162426e+00 4.1887270962394529e-01 
2.8700047302389811e+00 1.0060952179162426e+00 4.1887270962394529e-01 
2.1353516822180221e+00 1.0275094531550781e+00 4.8350999131180544e-01 
2.1353516822180221e+00 1.0275094531550781e+00 4.8350999131180544e-01 
2.3892318838421129e+00 1.1760112601081203e+00 5.3090945095948305e-01 
1.8806522155864220e+00 8.5740346673141898e-01 3.4563720958300792e-01 
1.8806522155864220e+00 8.5740346673141898e-01 3.4563720958300792e-01 
1.8806522155864220e+00 8.5740346673141898e-01 3.4563720958300792e-01 
5.4915718849206083e+00 1.4793153322298158e+00 2.0896717117954997e-01 
4.6785848342321801e+00 1.4660073491893324e+00 2.3970769032805730e-01 
1.3515997151822119e+00 1.4438138556501010e+00 1.1722940673203948e+00 
1.3515997151822119e+00 1.4438138556501010e+00 1.1722940673203948e+00 
1.2563459349629735e+00 1.4271235345705635e+00 1.1662422721950580e+00 
1.6245033792535382e+00 1.4901845979652213e+00 1.1697495671508138e+00 
1.8214804956425041e+00 1.4907777199167631e+00 1.1655888916579804e+00 
1.8214804956425041e+00 1.4907777199167631e+00 1.1655888916579804e+00 
1.5353646491559463e+00 6.3540199402950548e-01 4.1269420489779046e-01 
1.4844289128141210e+00 7.1333532881093542e-01 4.3853918276239356e-01 
1.1332439135540877e+00 5.8524030016334994e-01 4.3744553882159321e-01 
1.1332439135540877e+00 5.8524030016334994e-01 4.3744553882159321e-01 
9.1600059469012229e-01 2.6666806617534766e-01 2.4050752393635752e-01 
9.1600059469012229e-01 2.6666806617534766e-01 2.4050752393635752e-01 
9.1600059469012229e-01 2.6666806617534766e-01 2.4050752393635752e-01 
1.1104039025913177e+00 2.1693442744953004e-01 2.1822379688587779e-01 
1.8772270516606557e+00 9.5076896865950433e-01 4.6743303716934248e-01 
