ip_ml_24_rawChain_unified = zeros(1000,3);
ip_ml_24_rawChain_unified = [7.4225580687194637e-01 1.2091028767896631e-01 2.7384490303516451e-01 
7.4225580687194637e-01 1.2091028767896631e-01 2.7384490303516451e-01 
7.8867723576922277e-01 1.3223147987089501e-01 2.1382951881369586e-01 
7.9864653951970699e-01 1.2162791212898411e-01 2.1083534204448551e-01 
8.4273436282356895e-01 1.4181630249073054e-01 2.0570606769280791e-01 
8.4273436282356895e-01 1.4181630249073054e-01 2.0570606769280791e-01 
7.6214408691019542e-01 1.2602545646871979e-01 3.3452738820215422e-01 
7.7092272992942457e-01 1.3111791369232950e-01 2.6903916475365985e-01 
7.7517731469041518e-01 1.3517441543909695e-01 3.7080680236480185e-01 
7.7517731469041518e-01 1.3517441543909695e-01 3.7080680236480185e-01 
7.7517731469041518e-01 1.3517441543909695e-01 3.7080680236480185e-01 
7.9361173427229070e-01 1.3135989862226224e-01 2.3996528874807735e-01 
7.9361173427229070e-01 1.3135989862226224e-01 2.3996528874807735e-01 
7.6703766931843209e-01 1.1974269306135051e-01 2.2703575725408903e-01 
7.8767196934939165e-01 1.1225852805417914e-01 2.2970049219985228e-01 
8.1429053657903450e-01 1.2669181562887699e-01 3.5149975944240808e-01 
8.1429053657903450e-01 1.2669181562887699e-01 3.5149975944240808e-01 
8.1429053657903450e-01 1.2669181562887699e-01 3.5149975944240808e-01 
8.2803591700568879e-01 1.4085458259860903e-01 2.2067097630701879e-01 
8.2803591700568879e-01 1.4085458259860903e-01 2.2067097630701879e-01 
8.2803591700568879e-01 1.4085458259860903e-01 2.2067097630701879e-01 
8.1139754456908242e-01 1.2694317857662754e-01 3.3467743023609325e-01 
8.1139754456908242e-01 1.2694317857662754e-01 3.3467743023609325e-01 
8.2162902584219377e-01 1.6494942928732242e-01 3.4059566967938693e-01 
8.2162902584219377e-01 1.6494942928732242e-01 3.4059566967938693e-01 
8.2162902584219377e-01 1.6494942928732242e-01 3.4059566967938693e-01 
7.9675224631090646e-01 1.3924253959331798e-01 2.5818975397567984e-01 
7.9675224631090646e-01 1.3924253959331798e-01 2.5818975397567984e-01 
7.9675224631090646e-01 1.3924253959331798e-01 2.5818975397567984e-01 
8.7440556027530147e-01 1.7897275647515482e-01 2.6308681479538515e-01 
7.8277583697309105e-01 1.5294593480910873e-01 6.2605117875959004e-01 
8.0552643863642692e-01 1.0990332409698997e-01 3.5434174569160354e-01 
8.3149747273851737e-01 1.8459365895151780e-01 2.3934093915538943e-01 
8.3149747273851737e-01 1.8459365895151780e-01 2.3934093915538943e-01 
8.3907333834327813e-01 1.7214737813135791e-01 2.4223197825636775e-01 
8.5679992687023487e-01 2.1157373325539830e-01 2.1578307414531478e-01 
8.3813396282531516e-01 1.8621110753408457e-01 3.1325415663975253e-01 
7.8313059426750720e-01 1.3042447110246835e-01 3.9704953849085423e-01 
8.4710064156702580e-01 1.3146605110086379e-01 2.0761557066672917e-01 
8.4710064156702580e-01 1.3146605110086379e-01 2.0761557066672917e-01 
8.5197633377368465e-01 1.3168020570925271e-01 2.1659600095160544e-01 
8.5197633377368465e-01 1.3168020570925271e-01 2.1659600095160544e-01 
8.2645288962369445e-01 1.3108730106719330e-01 2.9813705255112755e-01 
8.5197633377368465e-01 1.3168020570925271e-01 2.1659600095160544e-01 
8.4040036744839819e-01 1.3918946038321123e-01 2.3895001326777623e-01 
8.5389659316911659e-01 1.2076848204071604e-01 2.1368218335665468e-01 
8.2552070142245526e-01 1.0911143353041507e-01 2.3404229318054268e-01 
8.2552070142245526e-01 1.0911143353041507e-01 2.3404229318054268e-01 
7.9799971159647298e-01 1.2465169284157671e-01 3.2836960784381286e-01 
8.0731984146187985e-01 1.2113785157816938e-01 3.4380744258149964e-01 
7.7643548808034168e-01 1.0291736211971572e-01 2.8347111479338560e-01 
7.7643548808034168e-01 1.0291736211971572e-01 2.8347111479338560e-01 
7.6464605406118769e-01 1.0121359537356681e-01 2.3251401928705795e-01 
7.6464605406118769e-01 1.0121359537356681e-01 2.3251401928705795e-01 
7.6464605406118769e-01 1.0121359537356681e-01 2.3251401928705795e-01 
7.5986486688198462e-01 1.0994780916538999e-01 2.5458895459099101e-01 
7.8963570337962463e-01 1.2900250409350567e-01 2.4026690934465023e-01 
7.8963570337962463e-01 1.2900250409350567e-01 2.4026690934465023e-01 
7.8963570337962463e-01 1.2900250409350567e-01 2.4026690934465023e-01 
7.8963570337962463e-01 1.2900250409350567e-01 2.4026690934465023e-01 
7.8963570337962463e-01 1.2900250409350567e-01 2.4026690934465023e-01 
7.8963570337962463e-01 1.2900250409350567e-01 2.4026690934465023e-01 
8.3399015882221428e-01 1.6636179157329500e-01 4.1882771279679254e-01 
8.1627818158338517e-01 1.1468149342021278e-01 3.5025425265402776e-01 
7.5313770032368832e-01 1.0189622066138260e-01 4.5185767197521676e-01 
7.5313770032368832e-01 1.0189622066138260e-01 4.5185767197521676e-01 
7.7592945905276489e-01 1.5051558370957080e-01 5.2914134961250225e-01 
7.7592945905276489e-01 1.5051558370957080e-01 5.2914134961250225e-01 
8.0006295230145130e-01 1.6671886554107523e-01 3.2399245720420045e-01 
8.2375006271348128e-01 1.5040714168682712e-01 2.1270247977444284e-01 
8.2092608856581062e-01 1.3927898428026206e-01 2.5627326087122348e-01 
7.8490549140984989e-01 1.0831710414107396e-01 3.7200865054742938e-01 
8.5005603575278244e-01 1.2397673591386274e-01 4.1020193403221689e-01 
8.6867994180758679e-01 1.5536379169193881e-01 3.3832492121790736e-01 
8.5532345269682042e-01 1.2443280566946319e-01 2.9716989941084193e-01 
8.2479404245830357e-01 1.2223543937691536e-01 4.4840801788223394e-01 
7.8127826454639726e-01 1.4028059795667586e-01 5.5338331682472830e-01 
7.8453054468665129e-01 1.2195306491204068e-01 3.2682000022548818e-01 
8.0028911872990294e-01 1.2417658449470714e-01 3.4583383329202766e-01 
7.8256370415386045e-01 1.2542509134927401e-01 2.0739668199916900e-01 
7.8256370415386045e-01 1.2542509134927401e-01 2.0739668199916900e-01 
8.4710064156702580e-01 1.3146605110086379e-01 2.0761557066672917e-01 
8.4710064156702580e-01 1.3146605110086379e-01 2.0761557066672917e-01 
8.4710064156702580e-01 1.3146605110086379e-01 2.0761557066672917e-01 
8.6225674365522686e-01 1.5315088354079623e-01 2.9900018102859205e-01 
8.4710064156702580e-01 1.3146605110086379e-01 2.0761557066672917e-01 
8.3221892693649646e-01 1.4821524979762932e-01 2.4837670423970673e-01 
8.3221892693649646e-01 1.4821524979762932e-01 2.4837670423970673e-01 
8.4710064156702580e-01 1.3146605110086379e-01 2.0761557066672917e-01 
8.4710064156702580e-01 1.3146605110086379e-01 2.0761557066672917e-01 
8.4710064156702580e-01 1.3146605110086379e-01 2.0761557066672917e-01 
7.8587065161049297e-01 1.1709800520570035e-01 2.0643232755618660e-01 
8.4710064156702580e-01 1.3146605110086379e-01 2.0761557066672917e-01 
8.4710064156702580e-01 1.3146605110086379e-01 2.0761557066672917e-01 
8.4710064156702580e-01 1.3146605110086379e-01 2.0761557066672917e-01 
8.4710064156702580e-01 1.3146605110086379e-01 2.0761557066672917e-01 
7.6662741104588239e-01 1.0526536768925078e-01 2.0154124042774577e-01 
7.6662741104588239e-01 1.0526536768925078e-01 2.0154124042774577e-01 
7.6662741104588239e-01 1.0526536768925078e-01 2.0154124042774577e-01 
7.6662741104588239e-01 1.0526536768925078e-01 2.0154124042774577e-01 
7.6662741104588239e-01 1.0526536768925078e-01 2.0154124042774577e-01 
7.6896222877736853e-01 1.1916313059895571e-01 2.5231998817395163e-01 
8.5138110219454521e-01 1.6515500186951729e-01 3.2267444984545840e-01 
8.5138110219454521e-01 1.6515500186951729e-01 3.2267444984545840e-01 
8.0706870630840133e-01 1.5102602317251773e-01 2.8330587359559062e-01 
8.0706870630840133e-01 1.5102602317251773e-01 2.8330587359559062e-01 
7.9084499018304322e-01 1.3950785236887325e-01 2.0686877628345407e-01 
7.9084499018304322e-01 1.3950785236887325e-01 2.0686877628345407e-01 
8.4710064156702580e-01 1.3146605110086379e-01 2.0761557066672917e-01 
8.8379102633519113e-01 1.5537648970378956e-01 2.2061861374373309e-01 
7.3003175370386131e-01 1.1348775501624138e-01 3.2353150731359098e-01 
7.8227136361122662e-01 1.4393701177994322e-01 2.4022109425078908e-01 
7.5977301796156682e-01 1.2615072962853896e-01 3.2906268891976298e-01 
