ip_ml_12_rawLogLikelihood_unified = zeros(1000,1);
ip_ml_12_rawLogLikelihood_unified = [-79.5277
-79.4735
-73.1766
-73.6591
-73.6591
-72.7441
-73.027
-72.7441
-72.7441
-73.287
-73.2983
-72.2879
-71.9953
-72.9437
-74.4999
-72.7441
-73.3959
-73.3959
-72.7441
-72.7441
-72.7441
-74.006
-75.5785
-73.6468
-72.6482
-72.6482
-72.7441
-72.466
-72.7441
-73.0608
-73.0608
-73.0608
-73.0608
-73.3461
-73.3631
-79.229
-76.2877
-72.8485
-72.8485
-72.2544
-73.0269
-74.1726
-79.1293
-82.4983
-80.4105
-73.5476
-74.2858
-74.6671
-73.1724
-73.1724
-73.0365
-72.6859
-72.6859
-72.6859
-73.7769
-73.0412
-74.2547
-74.7049
-73.5954
-73.6485
-73.4841
-73.4841
-74.1188
-75.6756
-75.3661
-75.4005
-75.4005
-74.653
-74.3305
-74.2547
-74.2547
-74.1188
-75.2598
-73.6897
-74.1188
-74.1188
-73.7735
-73.7735
-73.4552
-73.4552
-73.3392
-73.4552
-73.1225
-78.5215
-78.4731
-78.5261
-78.9659
-79.6152
-77.7802
-77.7802
-78.4793
-78.474
-78.6588
-78.2878
-78.4083
-79.2943
-79.5303
-72.0008
-71.651
-71.651
-71.651
-72.3528
-72.0008
-72.0008
-72.0008
-72.1064
-72.1064
-72.1064
-72.1064
-73.4724
-73.4724
-71.286
-71.286
-73.3523
-72.4073
-72.2507
-72.2507
-72.2507
-71.5213
-72.2817
-71.5286
-72.0008
-72.1507
-72.1507
-72.7334
-72.9312
-71.4308
-71.4308
-71.1768
-76.2343
-75.4085
-72.7034
-72.7034
-72.3309
-72.3309
-72.3309
-72.3309
-70.0544
-70.0544
-70.6556
-70.0337
-67.2464
-67.2464
-71.6336
-71.6336
-70.9985
-70.9985
-70.9985
-70.9985
-73.646
-73.646
-73.6338
-73.6338
-74.6926
-74.6926
-68.1459
-68.1459
-68.4039
-67.7263
-69.7104
-69.7104
-70.1614
-70.1614
-70.1614
-69.3114
-69.3114
-69.3114
-69.3114
-68.7983
-68.7983
-68.7355
-68.7355
-68.7355
-68.7355
-72.0008
-72.0008
-72.417
-72.052
-72.052
-71.2144
-71.6269
-71.6269
-67.0399
-67.0399
-67.0399
-67.0399
-70.4589
-70.4589
-71.2334
-71.2334
-71.0922
-70.2948
-69.8065
-69.364
-69.364
-69.364
-69.399
-69.399
-69.5185
-72.2446
-72.2446
-76.0998
-74.4211
-77.0326
-68.1459
-68.1459
-67.9051
-67.9051
-67.9051
-68.1459
-68.1459
-68.85
-68.85
-68.0124
-68.1459
-68.1459
-68.1459
-68.1459
-71.4411
-72.0008
-71.1547
-71.4083
-71.1519
-71.1519
-69.9506
-70.2587
-69.1807
-69.1807
-72.349
-72.58
-70.3331
-73.0908
-74.113
-68.1459
-68.1459
-68.1459
-68.1459
-68.9874
-68.1459
-67.9884
-68.8557
-67.8368
-68.2967
-68.1459
-72.0008
-67.0851
-74.2845
-69.5185
-69.1294
-69.0093
-79.3065
-78.6665
-78.5521
-80.5794
-79.2955
-79.512
-79.4757
-78.9565
-78.3858
-79.6944
-72.9884
-72.5845
-77.0807
-72.7749
-72.7749
-71.8487
-73.2548
-73.3608
-73.3608
-74.949
-79.4394
-78.6388
-78.7703
-78.2091
-78.363
-76.3396
-78.6822
-71.9315
-71.9315
-71.6443
-71.6443
-72.9739
-75.6383
-71.4354
-71.8945
-71.8945
-72.363
-72.363
-71.8059
-72.0008
-71.3701
-71.4581
-73.2306
-70.9175
-72.2773
-73.1939
-81.0291
-78.873
-79.0597
-72.7392
-72.5163
-78.8179
-73.2624
-73.5949
-72.9163
-72.9163
-77.8952
-78.0244
-77.989
-72.3866
-73.7911
-74.503
-72.2055
-72.2055
-71.9672
-71.9672
-71.9672
-72.0008
-72.0008
-72.0008
-72.0008
-73.7492
-72.0008
-71.0433
-71.0433
-71.0433
-70.7973
-70.7973
-74.4291
-68.1459
-68.1459
-68.1459
-68.1459
-68.1459
-68.1459
-68.4452
-68.4452
-68.4452
-68.6049
-68.6049
-68.1459
-68.1459
-68.1459
-68.1459
-72.0008
-72.0008
-71.8493
-72.3797
-71.1838
-71.1838
-71.1838
-71.8647
-71.5844
-72.1066
-69.7121
-69.7612
-69.7612
-69.7612
-69.7612
-69.7612
-69.6691
-68.6331
-68.6331
-72.0092
-72.0092
-70.9526
-68.0693
-69.1568
-70.1175
-70.1175
-68.9325
-71.6751
-73.9593
-73.9593
-72.4359
-68.7334
-69.0863
-69.0863
-73.0426
-69.4473
-76.9915
-76.8851
-74.8924
-75.2624
-76.2261
-76.5292
-68.4961
-68.926
-71.4217
-71.4217
-67.8853
-68.8058
-68.8058
-69.6694
-72.0008
-72.0008
-72.0008
-72.0008
-72.0008
-71.7896
-72.0008
-72.0008
-74.828
-74.6438
-74.6438
-68.1459
-69.0754
-69.0754
-68.7614
-68.7614
-68.1459
-67.8874
-68.1459
-68.2577
-69.0451
-69.0451
-73.1606
-70.3541
-69.5781
-69.5781
-68.8831
-68.8831
-68.8831
-68.5976
-68.893
-68.893
-68.5976
-68.5976
-68.5976
-71.9992
-71.7846
-71.8734
-71.5094
-71.811
-71.811
-70.8758
-70.5918
-70.8758
-71.5303
-71.5303
-71.5303
-71.5303
-71.5303
-69.6793
-69.5185
-69.5185
-70.6882
-70.6882
-69.9471
-69.9471
-69.5428
-68.9857
-68.2356
-68.2356
-73.4272
-68.6341
-68.6341
-68.1459
-68.1459
-68.4674
-68.4674
-68.1459
-68.1459
-67.7196
-67.7196
-67.7196
-66.9683
-69.6088
-69.6088
-69.6088
-69.6088
-71.5268
-71.5268
-71.8794
-71.6006
-71.6006
-72.4299
-69.8724
-69.8724
-69.8724
-69.1129
-72.1418
-69.364
-69.364
-67.0885
-69.5185
-69.5185
-76.1615
-79.185
-74.6181
-76.5921
-76.4685
-67.5252
-68.1459
-72.0008
-72.0008
-69.7481
-68.7424
-68.9227
-68.826
-70.0544
-70.0544
-70.0544
-70.0544
-70.0544
-70.7496
-70.7496
-69.4394
-69.1435
-69.1435
-69.1435
-69.1435
-71.0564
-71.0564
-72.0906
-72.0906
-68.1459
-68.1459
-68.1459
-68.1459
-69.1145
-69.1145
-69.1145
-69.1145
-68.1459
-68.1459
-68.0236
-68.0236
-69.1066
-69.1066
-68.1459
-68.1459
-70.4191
-70.4191
-70.4191
-70.4191
-68.8646
-68.8646
-68.8646
-68.8991
-68.249
-67.8862
-67.8862
-67.8862
-69.1354
-69.1354
-69.1354
-68.1459
-68.1459
-67.1903
-67.1903
-68.1459
-68.1459
-68.1459
-69.2763
-68.1459
-68.1459
-68.1459
-68.1459
-68.1459
-68.1459
-68.1459
-68.1459
-67.8501
-68.1459
-68.03
-67.6386
-67.6386
-68.1459
-68.1459
-68.1459
-68.1459
-68.1459
-67.5707
-68.1459
-68.1459
-68.1459
-68.1459
-68.9874
-68.9874
-68.9874
-68.9874
-68.9874
-68.9874
-68.1459
-68.1459
-68.4088
-68.1459
-68.1459
-71.6766
-71.6766
-68.1459
-68.1459
-67.8651
-67.8651
-68.1459
-68.1459
-67.5252
-67.5252
-67.5252
-67.5226
-67.5226
-68.1459
-68.544
-68.1459
-68.1459
-67.9377
-67.8872
-67.8872
-68.1459
-68.1459
-68.2963
-68.2963
-68.2963
-68.2963
-68.1459
-68.1459
-67.2286
-67.2286
-67.2286
-67.2286
-67.2286
-68.1459
-68.1459
-68.1459
-71.5136
-71.5136
-70.1175
-70.1175
-68.9219
-68.9219
-68.9219
-68.9219
-68.9219
-68.8672
-68.8672
-68.8672
-68.7251
-68.7251
-71.54
-71.54
-72.0008
-72.0008
-69.5185
-69.5185
-68.5198
-69.5588
-69.5588
-69.5588
-69.7479
-69.7479
-71.2298
-71.2298
-71.2853
-71.2853
-69.364
-69.364
-69.5185
-69.5185
-69.5185
-69.5185
-69.5185
-69.5185
-69.6735
-69.6735
-69.6735
-69.5185
-69.5185
-69.5185
-69.5185
-69.5185
-69.5185
-67.9232
-67.9232
-68.6505
-68.6505
-68.5957
-68.5957
-68.5957
-69.525
-69.525
-69.4252
-68.6388
-68.7401
-69.0712
-69.5185
-69.5185
-68.5533
-68.4159
-68.2163
-69.2977
-69.2977
-69.5185
-69.5185
-68.826
-68.826
-72.3309
-72.3309
-71.5016
-74.7175
-72.3256
-75.5295
-75.5949
-75.7977
-75.7198
-75.7198
-74.25
-74.4534
-75.7781
-75.3659
-75.4848
-74.6887
-75.8105
-74.0997
-74.5134
-75.3318
-75.3438
-75.3438
-75.3438
-78.8635
-74.2981
-74.2981
-73.9932
-75.4117
-75.9335
-75.3193
-75.614
-75.5598
-74.8075
-75.0321
-77.9004
-77.4906
-78.0076
-78.158
-78.1513
-77.8479
-78.6839
-79.2835
-76.4721
-76.4721
-75.2603
-76.4863
-76.2708
-76.5158
-80.2335
-80.7683
-76.7795
-76.7795
-76.4944
-77.9799
-79.8096
-80.5693
-79.0368
-80.4813
-79.1146
-78.6503
-77.4979
-77.2324
-78.617
-79.1179
-79.5873
-79.6066
-78.5707
-73.9648
-72.773
-73.1168
-72.996
-72.996
-75.6664
-75.6664
-73.7661
-73.6082
-73.6815
-74.3553
-74.923
-74.923
-74.923
-74.923
-74.923
-74.0173
-75.7914
-74.048
-75.5502
-76.1366
-76.2937
-76.8794
-76.0952
-75.1007
-76.7285
-75.3318
-75.1592
-74.7846
-74.7846
-74.9069
-76.3677
-74.6218
-74.524
-75.2585
-75.8165
-75.8165
-74.5803
-74.9103
-75.8066
-72.3348
-75.9925
-73.6891
-73.2767
-72.2034
-72.2034
-73.3795
-71.3752
-71.3752
-73.9206
-72.9457
-74.0014
-73.0834
-73.787
-74.1788
-72.88
-73.2233
-74.5389
-73.3617
-73.3617
-72.9457
-72.9102
-72.9457
-72.9656
-72.9656
-72.9457
-72.9457
-73.1426
-73.683
-74.5772
-73.4788
-74.3049
-72.4389
-72.4389
-74.1587
-74.1587
-74.5523
-74.5906
-74.5621
-74.1587
-72.9457
-72.9457
-72.9457
-73.0174
-73.0174
-72.9279
-73.3014
-73.3014
-77.1397
-77.4284
-76.6443
-76.4996
-77.3327
-79.1972
-74.8678
-74.418
-74.6866
-75.1224
-77.8914
-77.4603
-77.649
-76.6467
-77.1914
-77.7886
-76.0841
-76.4169
-78.274
-78.2849
-79.5376
-79.5376
-70.1175
-70.1175
-73.2455
-73.7461
-73.7461
-71.856
-70.0366
-70.0366
-72.0008
-72.0008
-72.0008
-72.0008
-71.2967
-71.2967
-71.2967
