ip_ml_20_rawLogLikelihood_unified = zeros(1000,1);
ip_ml_20_rawLogLikelihood_unified = [-306.327
-306.48
-306.48
-306.48
-306.539
-306.615
-307.393
-307.393
-311.113
-312.883
-307.279
-306.857
-306.857
-306.463
-306.903
-308.307
-308.003
-306.3
-306.3
-306.819
-306.635
-306.819
-306.819
-309.066
-309.066
-308.927
-309.415
-310.442
-306.991
-306.24
-306.24
-308.343
-310.843
-308.169
-306.773
-307.917
-308.169
-308.169
-308.169
-308.169
-306.255
-306.265
-308.31
-308.31
-306.322
-306.322
-306.322
-306.565
-306.565
-306.244
-306.283
-306.394
-306.242
-306.242
-306.866
-306.57
-306.57
-306.648
-306.956
-306.887
-306.428
-307.115
-306.853
-307.061
-306.428
-306.428
-306.428
-306.428
-307.131
-306.51
-306.51
-306.406
-306.428
-307.773
-306.911
-306.911
-307.08
-306.428
-306.428
-306.428
-306.456
-306.428
-306.428
-306.428
-306.428
-306.428
-306.428
-306.34
-306.34
-306.428
-306.428
-306.428
-306.756
-308.006
-307.486
-307.336
-306.723
-306.723
-306.723
-306.428
-306.428
-306.428
-306.428
-306.428
-306.428
-306.428
-306.428
-306.277
-306.277
-306.599
-306.277
-306.277
-306.277
-307.01
-307.212
-307.212
-306.463
-306.463
-306.516
-306.516
-306.516
-306.516
-306.463
-306.255
-306.255
-306.943
-307.057
-306.96
-306.96
-308.287
-313.13
-308.04
-308.133
-308.195
-306.516
-306.516
-312.621
-306.758
-306.255
-309.33
-306.837
-308.699
-307.225
-307.225
-310.016
-310.016
-309.052
-308.523
-307.912
-309.568
-312.913
-310.394
-310.856
-314.383
-306.251
-306.674
-306.674
-306.674
-306.293
-306.766
-307.31
-306.43
-309.589
-308.592
-309.333
-307.238
-307.238
-306.742
-306.742
-307.828
-308.095
-307.975
-306.949
-311.87
-311.87
-310.756
-307.651
-307.651
-307.966
-307.126
-307.126
-306.576
-306.576
-306.576
-308.862
-309.292
-306.98
-306.98
-308.124
-308.124
-308.835
-308.835
-309.521
-307.122
-307.122
-311.499
-307.33
-307.076
-307.076
-307.076
-306.324
-308.118
-306.606
-306.606
-306.606
-306.606
-307.662
-308.454
-308.175
-306.376
-306.376
-307.255
-307.237
-306.769
-312.575
-309.283
-307.939
-307.227
-307.227
-307.939
-307.939
-307.939
-306.47
-306.47
-306.47
-308.153
-307.426
-310.139
-310.546
-307.573
-309.805
-309.805
-307.492
-307.035
-307.113
-307.113
-309.324
-309.275
-309.275
-307.766
-306.416
-306.416
-307.468
-306.431
-306.431
-306.431
-306.431
-306.431
-306.431
-307.118
-306.625
-306.625
-306.625
-307.362
-306.797
-311.28
-307.751
-308.267
-307.218
-308.632
-308.351
-306.555
-306.555
-306.555
-306.555
-306.555
-307.781
-308.816
-308.837
-310.5
-308.922
-308.922
-312.45
-314.079
-309.748
-309.748
-308.265
-306.58
-306.58
-306.58
-306.58
-306.58
-307.131
-307.131
-306.413
-306.667
-306.667
-306.667
-306.667
-306.305
-306.52
-307.857
-308.944
-309.125
-308.525
-306.78
-307.018
-307.018
-306.296
-306.878
-306.878
-306.458
-307.298
-307.41
-306.82
-306.772
-306.772
-308.705
-308.705
-310.132
-310.439
-309.785
-308.468
-308.13
-306.939
-307.121
-308.318
-308.202
-306.4
-307.636
-307.723
-307.241
-307.436
-312.671
-308.905
-309.198
-311.234
-308.364
-309.32
-310.798
-310.798
-310.848
-311.595
-307.736
-307.819
-307.819
-307.531
-308.312
-308.312
-306.568
-308.926
-307.628
-310.147
-308.056
-309.502
-307.318
-307.318
-306.528
-307.595
-307.676
-307.676
-307.676
-308.116
-309.15
-307.167
-307.549
-306.459
-306.459
-306.459
-306.459
-307.333
-307.333
-307.563
-307.929
-306.325
-306.325
-306.325
-306.322
-306.322
-306.325
-306.325
-306.325
-306.325
-306.442
-306.442
-306.442
-306.442
-306.442
-306.442
-306.428
-306.442
-306.442
-306.442
-306.442
-306.577
-307.071
-307.071
-307.071
-307.071
-307.071
-306.577
-306.577
-307.193
-307.388
-306.439
-308.077
-309.063
-307.887
-306.625
-307.656
-307.656
-307.656
-308.891
-306.468
-312.049
-307.376
-306.565
-306.565
-306.942
-306.942
-307.104
-306.86
-307.104
-307.104
-306.277
-307.07
-306.277
-308.834
-306.29
-306.259
-307.405
-308.836
-308.836
-308.836
-306.271
-307.934
-310.385
-311.327
-311.278
-307.876
-308.166
-308.166
-311.513
-309.464
-307.813
-307.813
-306.988
-306.988
-306.831
-306.831
-307.655
-307.655
-308.329
-306.847
-306.847
-306.847
-308.33
-308.833
-306.777
-306.529
-309.654
-311.231
-311.231
-311.085
-309.027
-306.588
-306.588
-307.875
-307.008
-306.506
-306.506
-307.008
-307.779
-307.779
-307.779
-307.779
-307.779
-308.216
-310.226
-306.479
-306.449
-308.815
-308.978
-306.229
-306.229
-306.229
-306.229
-307.136
-309.328
-310.725
-310.725
-309.385
-310.277
-309.912
-307.301
-306.396
-306.737
-306.787
-306.787
-306.392
-306.741
-307.092
-310.928
-307.077
-306.819
-307.072
-307.04
-308.994
-308.195
-306.891
-308.176
-306.932
-308.176
-308.84
-310.408
-309.949
-307.22
-307.22
-309.004
-308.991
-308.309
-308.414
-307.411
-307.411
-310.679
-307.605
-308.482
-308.482
-308.482
-308.074
-306.86
-306.86
-306.86
-307.05
-306.985
-306.63
-306.704
-306.704
-306.704
-307.449
-306.275
-306.275
-306.704
-306.704
-306.417
-306.417
-309.557
-308.164
-308.164
-308.164
-307.382
-306.574
-307.218
-306.365
-306.365
-312.03
-307.595
-306.345
-306.712
-306.374
-308.51
-308.51
-308.51
-308.51
-308.51
-307.41
-307.018
-307.018
-306.909
-306.474
-306.315
-306.224
-306.224
-306.303
-309.15
-307.598
-306.575
-307.206
-307.671
-307.671
-306.348
-306.693
-306.476
-306.348
-306.348
-307.223
-308
-306.634
-310.344
-307.101
-307.101
-310.36
-310.246
-307.496
-307.496
-307.496
-307.851
-307.496
-307.496
-307.496
-308.149
-307.496
-307.496
-307.496
-307.657
-306.407
-306.407
-307.599
-306.407
-306.407
-306.324
-306.289
-306.407
-306.407
-306.407
-307.3
-308.557
-306.857
-306.626
-307.625
-306.545
-306.472
-306.949
-306.949
-310.023
-308.855
-308.759
-306.324
-306.324
-311.741
-311.741
-306.641
-306.641
-311.225
-311.225
-306.649
-306.649
-306.649
-306.649
-306.649
-307.267
-307.267
-307.689
-307.267
-307.267
-307.267
-307.267
-309.627
-310.341
-308.974
-308.476
-309.627
-307.32
-307.062
-312.369
-310.881
-310.138
-311.513
-311.513
-308.946
-308.946
-309.182
-310.016
-310.016
-307.496
-307.496
-307.496
-309.478
-309.196
-307.817
-310.88
-310.88
-307.98
-312.077
-312.077
-312.077
-315.158
-309.528
-309.528
-310.376
-310.376
-310.376
-309.528
-306.966
-306.966
-306.281
-306.281
-309.152
-309.152
-306.735
-306.735
-306.735
-306.966
-308.971
-308.971
-311.352
-311.352
-310.61
-309.427
-307.694
-307.694
-307.342
-308.606
-309.709
-308.146
-309.033
-310.712
-310.712
-308.606
-309.528
-309.528
-306.482
-306.846
-306.846
-311.536
-311.313
-311.313
-308.112
-307.636
-306.552
-306.88
-306.88
-306.88
-306.88
-308.894
-309.69
-312.959
-310.328
-313.854
-308.343
-308.113
-308.758
-307.826
-307.234
-306.477
-307.8
-308.316
-308.316
-309.892
-309.892
-306.813
-306.813
-306.813
-307.119
-309.102
-309.102
-308.337
-307.279
-307.279
-308.071
-308.071
-307.359
-306.446
-309.046
-306.543
-307.944
-307.742
-307.103
-307.103
-306.407
-309.236
-309.236
-308.582
-308.582
-307.987
-307.106
-307.106
-307.359
-306.509
-306.509
-307.403
-306.767
-306.767
-308.338
-308.342
-306.493
-306.493
-308.058
-308.058
-307.054
-306.325
-307.944
-306.655
-306.558
-306.558
-306.558
-306.558
-306.558
-306.558
-306.468
-306.468
-307.766
-307.662
-307.662
-306.685
-308.417
-309.548
-306.364
-307.176
-309.062
-306.563
-308.968
-308.968
-310.891
-310.407
-309.56
-307.323
-307.406
-307.755
-306.51
-308.824
-308.824
-306.289
-306.289
-306.289
-306.289
-306.492
-311.376
-307.418
-306.602
-306.602
-306.602
-306.602
-306.282
-315.229
-307.569
-307.264
-308.456
-308.837
-308.628
-308.628
-307.7
-306.609
-306.629
-308.744
-307.465
-308.202
-310.22
-308.546
-308.546
-310.04
-308.61
-308.61
-314.877
-308.449
-308.593
-307.458
-307.458
-308.224
-308.224
-307.585
-307.006
-306.437
-307.912
-311.093
-308.503
-311.834
-309.337
-307.527
-307.231
-307.485
-309.24
-309.24
-306.736
-306.736
-306.736
-307.121
-307.121
-306.577
-306.301
-307.981
-306.463
-306.625
-306.775
-306.625
-307.116
-306.408
-306.711
-306.711
-306.711
-306.267
-306.267
-306.348
-306.45
-307.785
-308.905
-307.709
-308.963
-306.499
-306.407
-307.14
-307.14
-307.451
-306.64
-307.552
-306.948
-308.356
-309.258
-309.258
-309.258
-306.24
