ip_ml_23_rawLogLikelihood_unified = zeros(1000,1);
ip_ml_23_rawLogLikelihood_unified = [-835.661
-834.629
-834.623
-834.623
-834.801
-834.711
-835.351
-835.049
-834.546
-834.546
-834.546
-834.546
-835.157
-835.157
-835.999
-836.031
-834.613
-834.613
-834.618
-834.846
-835.202
-835.508
-835.508
-835.496
-834.97
-834.792
-835.04
-835.04
-835.156
-835.156
-835.443
-835.24
-836.61
-836.61
-835.731
-835.731
-836.679
-836.679
-835.312
-835.498
-835.441
-834.971
-835.423
-835.057
-839.12
-836.202
-836.202
-836.202
-836.596
-835.428
-835.428
-835.057
-835.519
-835.519
-835.251
-835.251
-835.331
-837.252
-834.847
-835.382
-835.382
-834.987
-834.987
-834.987
-834.56
-834.56
-835.369
-835.119
-836.129
-835.415
-835.057
-835.392
-835.073
-835.42
-834.752
-835.888
-835.888
-836.655
-836.655
-835.057
-835.057
-834.678
-834.83
-834.83
-834.83
-835.057
-835.057
-835.057
-835.057
-835.057
-835.057
-835.057
-835.057
-835.057
-834.825
-834.825
-834.825
-834.825
-834.803
-834.816
-835.265
-835.103
-835.103
-835.498
-835.057
-835.057
-834.801
-834.966
-835.057
-835.057
-835.057
-835.952
-836.033
-836.033
-836.033
-835.083
-835.083
-835.083
-835.12
-835.274
-835.057
-835.057
-834.918
-834.889
-834.889
-834.889
-834.927
-835.057
-836.582
-836
-835.991
-837.008
-837.008
-837.008
-835.669
-836.093
-835.383
-835.138
-835.138
-836.046
-835.038
-835.038
-835.038
-835.525
-834.848
-834.903
-835.078
-834.815
-834.815
-835.758
-835.368
-837.972
-835.285
-835.285
-834.826
-834.826
-834.826
-834.826
-834.575
-835.296
-835.008
-834.803
-834.952
-834.952
-834.952
-837.018
-835.344
-838.286
-835.626
-835.532
-836.034
-834.639
-836.111
-835.42
-835.101
-835.956
-835.956
-834.587
-834.587
-834.716
-836.298
-836.298
-835.236
-836.015
-835.341
-834.789
-836.108
-836.108
-837.359
-837.397
-837.397
-835.913
-835.913
-835.913
-837.333
-835.83
-835.435
-835.435
-835.435
-837.556
-835.007
-835.007
-835.514
-835.514
-835.613
-835.613
-835.613
-835.613
-840.18
-835.161
-835.161
-835.128
-834.981
-835.483
-834.739
-834.631
-836.179
-836.541
-836.541
-835.808
-835.718
-835.151
-837.61
-839.668
-838.149
-834.97
-836.205
-836.205
-835.025
-835.596
-835.29
-835.416
-834.867
-834.867
-834.867
-835.248
-834.958
-835.977
-835.257
-835.257
-834.883
-835.456
-836.017
-836.017
-834.592
-835.052
-835.052
-835.04
-836
-834.765
-835.594
-835.594
-835.404
-834.945
-834.945
-835.063
-835.063
-835.063
-835.693
-835.256
-835.256
-835.256
-835.256
-834.809
-834.858
-835.708
-835.509
-835.708
-835.708
-835.708
-835.761
-836.136
-835.472
-835.472
-835.472
-836.872
-836.872
-838.062
-834.778
-834.778
-834.832
-834.672
-834.672
-834.672
-837.482
-837.482
-836.18
-836.235
-836.137
-836.137
-836.137
-835.491
-835.491
-835.491
-835.292
-836.027
-834.871
-834.758
-834.758
-834.758
-835.934
-835.889
-835.889
-838.835
-838.835
-834.776
-834.776
-835.077
-834.49
-834.776
-834.776
-834.776
-834.776
-834.532
-838.252
-835.148
-835.148
-835.148
-835.148
-835.54
-835.54
-835.6
-835.6
-835.6
-835.033
-835.033
-835.033
-835.096
-835.302
-834.623
-834.9
-834.9
-834.729
-834.729
-835.723
-835.723
-835.371
-835.017
-834.812
-834.954
-835.035
-835.035
-835.035
-834.877
-835.085
-835.085
-835.085
-834.73
-834.912
-835.21
-835.295
-837.085
-834.804
-838.018
-834.807
-834.807
-835.096
-835.096
-835.758
-835.096
-835.096
-835.464
-836.138
-836.138
-836.138
-834.557
-836.436
-834.714
-834.714
-834.972
-835.157
-835.205
-835.155
-835.958
-836.245
-834.936
-835.068
-835.541
-835.541
-835.54
-835.54
-835.321
-836.241
-835.936
-837.196
-837.196
-841.278
-838.782
-836.811
-835.758
-836.997
-836.997
-836.997
-834.822
-835.016
-834.683
-835.002
-834.842
-836.166
-836.166
-834.757
-836.58
-836.58
-836.294
-835.732
-835.732
-834.683
-834.597
-834.597
-834.597
-834.597
-834.775
-834.775
-834.775
-835.645
-835.854
-835.854
-836.017
-835.85
-837.712
-835.363
-835.286
-836.389
-837.251
-834.726
-834.726
-834.615
-834.615
-835.672
-835.256
-835.426
-835.426
-835.215
-834.65
-834.65
-835.461
-837.008
-836.248
-836.2
-835.01
-834.764
-835.214
-835.214
-834.718
-834.718
-834.718
-834.781
-834.966
-835.259
-835.259
-836.836
-836.836
-835.114
-835.707
-835.933
-836.157
-834.678
-834.678
-834.516
-834.764
-835.258
-835.008
-835.054
-836.48
-835.89
-834.516
-835.176
-834.745
-834.745
-834.516
-834.516
-834.516
-835.009
-834.942
-834.961
-834.919
-834.919
-834.516
-834.516
-834.516
-834.76
-835.735
-834.516
-834.516
-834.516
-834.777
-834.777
-834.777
-835.705
-835.705
-836.658
-835.528
-834.975
-834.975
-834.76
-834.991
-834.991
-834.991
-835.53
-835.508
-839.557
-834.935
-834.748
-834.748
-834.748
-835.369
-835.369
-836.013
-836.013
-836.013
-835.809
-835.809
-835.809
-835.809
-835.809
-835.137
-835.562
-835.111
-835.506
-836.185
-835.445
-835.445
-835.055
-835.021
-835.041
-835.904
-835.027
-835.027
-836.486
-834.953
-835.146
-835.146
-835.121
-835.121
-835.121
-835.121
-835.179
-835.179
-835.064
-835.456
-835.175
-835.175
-835.134
-837.246
-837.246
-837.649
-839.389
-835.137
-835.137
-835.434
-835.434
-834.762
-834.914
-834.9
-834.736
-834.736
-834.736
-834.736
-836.165
-834.81
-836.664
-835.727
-835.727
-834.882
-834.882
-836.093
-835.343
-834.851
-834.8
-834.95
-835.34
-834.502
-834.502
-834.502
-836.116
-836.116
-836.116
-836.739
-836.739
-836.739
-834.983
-834.983
-835.583
-835.443
-835.321
-834.839
-834.839
-834.839
-838.473
-836.244
-836.915
-836.915
-835.748
-835.606
-835.722
-835.619
-834.857
-834.596
-834.698
-835.141
-837.033
-836.094
-836.569
-835.265
-835.265
-834.99
-834.575
-835.235
-835.62
-835.62
-834.839
-834.839
-834.773
-837.011
-835.863
-836.141
-835.863
-835.001
-835.001
-835.001
-835.001
-835.83
-835.83
-834.723
-834.723
-834.723
-835.206
-836.526
-835.892
-835.441
-835.435
-834.725
-835.516
-835.516
-835.989
-838.209
-838.976
-838.164
-840.268
-836.636
-837.39
-836.636
-835.66
-835.7
-836.229
-837.669
-835.592
-835.547
-835.456
-837.161
-839.317
-834.658
-834.753
-834.658
-834.658
-834.66
-836.613
-836.602
-835.305
-834.801
-835.456
-835.537
-835.621
-836.097
-836.09
-834.951
-835.363
-835.711
-835.711
-835.125
-835.823
-836.02
-838.844
-835.211
-835.918
-837.878
-834.934
-834.669
-834.669
-835.543
-834.892
-836.64
-835.579
-835.579
-839.065
-836.053
-836.933
-835.432
-835.432
-835.18
-835.18
-834.552
-834.552
-835.18
-837.4
-836.106
-836.485
-835.362
-835.362
-835.386
-840.707
-835.844
-835.844
-836.286
-834.885
-835.107
-835.107
-835.107
-835.107
-835.107
-835.107
-834.861
-834.861
-836.259
-837.22
-835.366
-836.713
-835.676
-834.921
-834.921
-836.088
-834.811
-835.655
-835.643
-834.708
-835.102
-834.711
-835.421
-835.421
-834.708
-836.21
-835.322
-835.581
-835.581
-836.623
-835.091
-835.091
-836.468
-834.687
-837.84
-835.52
-836.817
-837.511
-834.526
-836.6
-835.859
-834.919
-836.196
-835.295
-835.471
-838.825
-836.906
-836.906
-836.906
-836.551
-836.352
-836.525
-835.144
-835.107
-834.97
-834.97
-834.97
-834.97
-835.144
-836.668
-837.14
-834.522
-834.522
-834.522
-836.259
-834.86
-835.513
-835.909
-834.671
-836.41
-834.91
-835.364
-834.904
-835.411
-835.411
-835.583
-834.775
-834.775
-835.038
-835.082
-836.395
-835.31
-835.31
-838.421
-834.997
-835.029
-834.702
-834.702
-834.955
-834.955
-834.721
-834.877
-834.877
-834.877
-834.677
-834.677
-834.677
-834.976
-835.533
-835.533
-834.802
-836.197
-836.233
-842.278
-835.61
-840.4
-835.49
-834.777
-835.011
-834.59
-836.678
-836.676
-836.676
-835.096
-835.096
-836.258
-836.075
-837.246
-839.788
-834.795
-834.795
-835.052
-835.294
-835.034
-835.034
-836.573
-835.52
-834.71
-835.086
-835.161
-834.894
-835.032
-836.133
-835.247
-834.581
-834.889
-837.733
-834.62
-834.62
-834.62
-834.941
-834.62
-834.62
-835.059
-835.346
-834.819
-835.172
-835.057
-839.321
-834.978
-834.929
-835.593
-834.983
-834.983
-834.983
-834.983
-834.643
-834.643
-834.983
-834.983
-834.983
-834.817
-835.158
-834.778
-834.527
-834.909
-834.92
-835.376
-834.789
-834.789
-835.436
-835.216
-835.216
-836.193
-835.205
-835.22
-835.22
-836.87
-835.108
-835.22
-834.773
-836.163
-835.201
-835.201
-834.99
-834.689
-834.724
