ip_ml_3_rawLogLikelihood_unified = zeros(1000,1);
ip_ml_3_rawLogLikelihood_unified = [-10.7448
-11.098
-11.3689
-10.727
-10.3562
-10.3562
-10.284
-11.0305
-10.5533
-10.6283
-10.6283
-9.38393
-11.2484
-11.3182
-11.1357
-11.2222
-10.3203
-10.3203
-11.2866
-11.2006
-10.9743
-10.9743
-10.2928
-11.0881
-11.0363
-10.8162
-11.3299
-11.3299
-10.8547
-10.8547
-10.7273
-10.99
-10.0892
-11.3145
-11.3306
-11.2995
-11.189
-11.189
-11.34
-10.8806
-10.8806
-10.8987
-10.3356
-10.3807
-11.0213
-11.0213
-11.1391
-10.1212
-10.1212
-10.1212
-10.1212
-10.1212
-10.1212
-10.8902
-10.3238
-10.3238
-10.3238
-11.2472
-10.6048
-11.4279
-10.7343
-11.0558
-11.0558
-10.2778
-10.4942
-10.4942
-10.4584
-10.5523
-11.3032
-10.2462
-10.2462
-10.2462
-10.7314
-10.7314
-10.4642
-10.65
-10.3021
-10.3021
-10.3021
-10.9637
-10.625
-11.1356
-10.2435
-10.2026
-10.2026
-10.2026
-11.1344
-10.2076
-10.2076
-10.2076
-10.2076
-10.2076
-10.2076
-10.2076
-10.1591
-10.1591
-10.3623
-10.3623
-10.3623
-10.3205
-10.3623
-9.56126
-10.5684
-10.5684
-10.7327
-10.7327
-10.1869
-10.56
-11.2621
-11.2621
-11.2621
-11.3104
-11.3104
-11.189
-10.1964
-10.9093
-10.9093
-11.3106
-11.3106
-11.3506
-10.2173
-10.304
-10.2173
-10.4148
-10.8484
-10.1241
-10.2406
-11.1877
-11.3318
-11.3255
-10.5276
-10.911
-10.911
-10.911
-10.2662
-10.4268
-11.1375
-11.2975
-11.333
-11.3436
-11.2871
-11.2093
-11.313
-11.313
-10.5472
-10.5472
-10.5472
-11.0312
-11.0312
-11.0312
-10.9201
-11.1866
-11.1866
-11.0832
-11.2484
-11.2484
-10.7934
-11.1693
-11.2613
-11.2613
-10.8225
-10.8225
-10.0176
-10.0176
-10.0176
-10.966
-11.2701
-11.2701
-10.5828
-11.2595
-11.2974
-10.221
-10.221
-10.221
-11.2298
-11.3235
-11.3235
-10.914
-10.914
-11.2665
-11.2665
-11.1956
-10.1852
-10.2029
-10.8424
-11.1759
-10.1739
-10.1739
-10.1019
-10.1019
-10.9825
-10.9825
-11.2074
-10.5247
-10.0264
-10.0264
-10.0264
-10.4147
-10.4147
-10.0264
-11.2947
-11.2947
-11.2207
-10.6851
-10.215
-10.866
-10.4944
-10.643
-10.643
-10.9271
-10.9271
-10.8755
-10.8755
-10.8178
-10.8178
-11.2883
-11.2883
-10.2014
-10.2014
-10.7283
-11.3042
-11.3042
-10.2861
-11.2449
-10.4822
-11.0847
-11.2142
-11.0168
-11.1728
-11.1392
-11.1392
-11.1392
-11.1392
-11.1497
-11.1809
-11.3436
-11.2786
-11.3072
-11.3072
-10.8438
-11.3441
-10.7615
-10.7615
-11.2868
-11.0547
-10.2815
-10.6393
-10.2576
-10.2576
-10.2576
-10.9669
-11.1019
-10.9028
-10.9028
-10.7325
-11.2877
-10.8012
-10.8848
-11.2327
-11.257
-11.257
-11.2761
-10.1884
-10.1884
-11.311
-11.311
-10.5629
-10.5629
-10.5629
-11.311
-11.0191
-10.8875
-10.8875
-11.3204
-11.3204
-11.2372
-11.3061
-11.2667
-11.3061
-10.2702
-10.2702
-11.141
-11.1842
-10.4781
-11.0669
-11.0669
-10.3107
-10.2492
-10.2492
-11.3064
-10.128
-11.2929
-11.2929
-11.2583
-10.7727
-11.2462
-11.2827
-10.4522
-10.4522
-11.2267
-10.2666
-10.2666
-11.0021
-11.0021
-10.6385
-10.6385
-10.797
-10.2641
-10.2641
-11.0783
-10.5894
-10.8772
-10.8772
-10.6261
-10.198
-10.198
-10.198
-10.198
-10.9348
-11.1187
-11.1187
-11.1917
-11.1917
-10.6444
-11.1884
-10.2752
-10.2752
-11.2231
-11.1023
-11.3243
-11.0782
-11.0782
-11.3553
-10.8716
-11.0661
-10.6162
-10.9645
-10.2664
-10.7945
-11.0483
-10.9457
-11.2683
-10.8778
-11.159
-11.3332
-11.3212
-11.3212
-10.7212
-10.7212
-11.3026
-11.289
-11.2915
-10.9889
-10.4379
-11.2021
-10.6724
-11.3109
-11.2272
-11.2529
-11.2529
-10.7702
-10.1587
-10.8854
-10.1587
-10.1587
-11.24
-11.2402
-10.8045
-10.5253
-10.4647
-10.4844
-10.9013
-11.3278
-10.4947
-10.4947
-10.4947
-11.1648
-10.7203
-10.4093
-10.4093
-11.3608
-11.2546
-10.8907
-11.2489
-10.8774
-10.4468
-10.4468
-12.3386
-12.3386
-11.3142
-10.1861
-11.3069
-11.3355
-11.3292
-10.5542
-10.1307
-10.6647
-10.8987
-11.3138
-11.3138
-11.3138
-11.3276
-10.9629
-10.9048
-11.3179
-11.3431
-11.3002
-10.2321
-10.2321
-10.2321
-10.2321
-10.6794
-10.0747
-10.3428
-11.311
-10.31
-10.4183
-11.3525
-11.3525
-11.3319
-11.3247
-11.2427
-11.2382
-10.8396
-10.8396
-10.9758
-10.9758
-11.1819
-11.2515
-11.2889
-11.2515
-10.449
-10.449
-11.3234
-11.2596
-11.3071
-11.3071
-11.3234
-11.3234
-11.1831
-11.1372
-11.2245
-11.2245
-11.2245
-10.7056
-11.3261
-11.2974
-10.5148
-10.5148
-11.1212
-11.2455
-11.3381
-11.3381
-11.3381
-10.1036
-10.1036
-10.1036
-10.1036
-10.1036
-10.1036
-10.1036
-10.1036
-10.3751
-10.3189
-10.3189
-11.311
-10.7019
-10.2542
-10.2542
-10.2387
-10.2387
-10.2387
-10.9977
-11.2751
-10.2313
-10.9475
-10.548
-10.4745
-10.7257
-10.7257
-11.3169
-11.3235
-11.3235
-11.3393
-11.3393
-11.305
-11.3324
-10.8141
-10.0921
-10.0921
-9.96394
-10.4139
-10.4028
-11.2715
-10.9828
-11.2195
-11.328
-10.9893
-11.34
-10.097
-10.1723
-10.8446
-10.8446
-10.8446
-11.3182
-11.1895
-11.236
-10.6131
-11.268
-11.2999
-11.2999
-11.2999
-10.2695
-10.8381
-10.8381
-10.8381
-10.8381
-10.7365
-10.7365
-10.9955
-11.3267
-10.0128
-10.0128
-10.0128
-10.0128
-10.0128
-10.063
-10.3829
-10.0402
-10.1889
-11.1857
-11.1908
-11.3377
-11.3377
-11.225
-11.225
-11.3312
-11.3474
-11.1461
-11.1461
-11.3242
-11.3242
-11.3242
-11.3242
-11.2794
-11.2794
-11.3078
-11.3078
-10.4643
-10.4643
-10.64
-10.64
-10.2494
-10.4173
-11.1064
-10.9409
-11.1469
-11.0954
-11.2849
-10.607
-11.2188
-10.5844
-10.1663
-11.3088
-11.2894
-11.2894
-10.4572
-10.1515
-10.6457
-10.6457
-11.3309
-10.8318
-10.7058
-10.7058
-11.3424
-11.3424
-11.3003
-11.2209
-11.2958
-11.318
-10.5796
-10.5796
-11.2793
-10.7739
-10.5141
-13.6706
-11.3536
-10.5356
-10.8736
-10.343
-10.343
-10.5484
-10.5484
-10.861
-11.3222
-10.4701
-10.4701
-10.3766
-10.3766
-10.824
-11.3285
-10.5896
-11.1514
-10.2188
-10.2079
-10.2079
-10.2546
-10.2546
-10.2546
-11.2985
-10.5396
-10.5396
-11.0525
-11.3285
-11.3285
-10.8884
-10.2208
-11.1886
-11.3258
-11.3258
-11.3258
-11.2155
-11.2155
-11.3207
-11.3262
-11.3333
-11.3333
-9.28804
-9.28804
-9.28804
-9.28804
-9.28804
-10.3
-10.2918
-10.9385
-10.5687
-10.2514
-10.2932
-10.2932
-10.253
-10.253
-11.0807
-10.9517
-10.5159
-11.2844
-11.0869
-11.1657
-10.7895
-10.0637
-11.2512
-10.9323
-10.7451
-10.7476
-10.7476
-10.7476
-10.7476
-10.2412
-11.2165
-10.945
-11.3349
-11.2954
-11.3001
-10.131
-10.131
-10.131
-10.131
-10.131
-10.131
-10.131
-10.955
-11.28
-10.5356
-10.2349
-11.2031
-10.7012
-10.0655
-10.0655
-10.0655
-11.3044
-10.7062
-11.32
-11.32
-11.32
-11.0282
-11.1596
-11.0837
-11.0321
-11.1596
-11.1596
-10.414
-11.2771
-11.2771
-10.6867
-11.3039
-11.4031
-11.4031
-11.4031
-11.3447
-9.6356
-9.6356
-9.6356
-9.6356
-10.6073
-11.3315
-11.3206
-10.6073
-10.6368
-10.0388
-10.0388
-10.0388
-10.4796
-11.0061
-10.2203
-10.2203
-10.3259
-11.3356
-10.6152
-10.6152
-10.6063
-10.248
-10.4428
-10.4428
-10.4428
-10.8806
-10.8806
-10.8806
-11.0537
-11.0537
-10.1571
-10.5751
-10.8289
-9.76166
-9.76166
-9.76166
-9.76166
-10.2129
-10.2129
-11.2785
-11.3053
-11.0081
-10.1715
-11.2986
-11.2986
-11.2068
-10.6283
-10.1594
-10.5609
-10.6702
-10.3203
-12.4482
-10.5039
-10.1975
-10.1975
-10.2044
-11.2796
-11.2796
-11.3335
-11.3335
-11.2785
-11.2785
-11.2785
-10.3643
-10.6319
-10.6319
-10.3359
-11.1027
-10.1711
-10.1711
-10.1711
-11.2341
-11.1417
-10.5896
-10.7111
-10.8857
-10.8207
-11.0262
-10.4333
-10.4333
-11.2007
-11.1944
-10.4929
-10.4929
-10.3428
-10.1013
-10.1013
-11.3149
-10.8891
-10.0491
-10.0491
-10.8586
-10.2882
-11.2431
-11.0502
-10.2442
-10.2442
-11.0046
-11.0046
-11.3342
-11.3342
-11.3223
-11.0569
-11.1348
-10.8218
-10.3666
-10.3666
-10.3666
-11.2176
-11.2883
-10.4277
-11.2691
-11.2691
-10.7753
-10.6816
-10.7753
-10.7753
-10.7753
-12.6503
-12.6503
-12.6503
-10.3583
-10.3583
-10.3583
-11.239
-10.2555
-10.2555
-10.2555
-11.1036
-10.9555
-10.9555
-10.6503
-10.314
-10.314
-10.1909
-10.314
-11.1458
-11.3018
-11.3061
-11.3061
-10.9849
-11.1958
-10.9409
-11.2399
-10.9638
-10.8995
-11.2649
-11.0055
-10.9824
-11.2298
-11.2942
-11.2792
-11.3317
-11.2942
-10.4311
-11.2348
-10.707
-10.8601
-11.1697
-11.1697
-10.7003
-11.3006
-10.707
-11.0518
-11.2695
-11.3123
-11.4147
-10.49
-10.7218
-10.2927
-10.3813
-11.1744
-11.0853
-10.7832
-10.2527
-10.3917
-11.1164
-10.1754
-10.0584
-10.0584
-10.0574
-10.0574
-10.0574
-10.1754
-10.1578
-10.1578
-10.1578
-10.1578
-10.1578
-10.1578
-10.7289
-11.3313
-10.8843
