ip_ml_23_rawChain_unified = zeros(1000,3);
ip_ml_23_rawChain_unified = [7.4225580687194637e-01 1.2091028767896631e-01 2.7384490303516451e-01 
7.8261350213098591e-01 1.1613559686808848e-01 2.5401758775983896e-01 
7.8867723576922277e-01 1.3223147987089501e-01 2.1382951881369586e-01 
7.8867723576922277e-01 1.3223147987089501e-01 2.1382951881369586e-01 
8.4273436282356895e-01 1.4181630249073054e-01 2.0570606769280791e-01 
8.0965077349782888e-01 1.2033881418962494e-01 2.7127129898065477e-01 
7.5741162097235826e-01 1.3841340699335133e-01 4.4698001139630450e-01 
7.6214408691019542e-01 1.2602545646871979e-01 3.3452738820215422e-01 
7.9361173427229070e-01 1.3135989862226224e-01 2.3996528874807735e-01 
7.9361173427229070e-01 1.3135989862226224e-01 2.3996528874807735e-01 
7.9361173427229070e-01 1.3135989862226224e-01 2.3996528874807735e-01 
7.9361173427229070e-01 1.3135989862226224e-01 2.3996528874807735e-01 
7.9230101723549651e-01 1.6263748843289341e-01 4.2880999178197227e-01 
7.9230101723549651e-01 1.6263748843289341e-01 4.2880999178197227e-01 
7.8913205552577914e-01 1.7002925947180286e-01 3.0172959613329553e-01 
8.2933359100771475e-01 1.8940314625146779e-01 3.3765702211901177e-01 
7.8767196934939165e-01 1.1225852805417914e-01 2.2970049219985228e-01 
7.8767196934939165e-01 1.1225852805417914e-01 2.2970049219985228e-01 
8.2803591700568879e-01 1.4085458259860903e-01 2.2067097630701879e-01 
7.9458149630744568e-01 1.4600416807431352e-01 2.6030350401950514e-01 
8.0681935397541127e-01 1.5903325149904005e-01 2.3566812980410853e-01 
8.3751220903684387e-01 1.7448903521708833e-01 2.5350390207096246e-01 
8.3751220903684387e-01 1.7448903521708833e-01 2.5350390207096246e-01 
7.6402512713311654e-01 1.4294225315333567e-01 2.9296409420062175e-01 
7.7841191335711268e-01 1.4146164286656862e-01 3.1241000837754690e-01 
8.1139754456908242e-01 1.2694317857662754e-01 3.3467743023609325e-01 
8.0524116178325211e-01 1.5385426676224637e-01 2.1977449976644803e-01 
8.0524116178325211e-01 1.5385426676224637e-01 2.1977449976644803e-01 
8.4605500701761216e-01 1.5295026844664103e-01 3.4228406172185261e-01 
8.4605500701761216e-01 1.5295026844664103e-01 3.4228406172185261e-01 
8.3496967727402516e-01 1.1784168017428250e-01 2.6814545394737183e-01 
8.0301347477497698e-01 1.1818632655513146e-01 4.2357819066334212e-01 
8.9523603292762255e-01 1.4738860901351031e-01 2.0514810132118039e-01 
8.9523603292762255e-01 1.4738860901351031e-01 2.0514810132118039e-01 
8.7889579928643524e-01 1.6496506629601940e-01 2.0888568571771746e-01 
8.7889579928643524e-01 1.6496506629601940e-01 2.0888568571771746e-01 
8.4086349038884201e-01 1.9640490172348946e-01 2.6719720851654366e-01 
8.4086349038884201e-01 1.9640490172348946e-01 2.6719720851654366e-01 
7.6130971354711341e-01 1.4377138175914944e-01 5.0497561808132962e-01 
7.6114739335446469e-01 1.5434974349346872e-01 5.5733619469236406e-01 
7.9999135740940674e-01 1.2362388377742212e-01 5.3597280484728860e-01 
8.0463386149783056e-01 1.6102442403076059e-01 4.1330408522802664e-01 
8.4497972755165707e-01 1.4240381972552019e-01 3.7906455581938975e-01 
8.4710064156702580e-01 1.3146605110086379e-01 2.0761557066672917e-01 
9.5073507551974534e-01 2.1804297844858761e-01 2.0425981382604039e-01 
8.3149747273851737e-01 1.8459365895151780e-01 2.3934093915538943e-01 
8.3149747273851737e-01 1.8459365895151780e-01 2.3934093915538943e-01 
8.3149747273851737e-01 1.8459365895151780e-01 2.3934093915538943e-01 
8.7415549952377913e-01 1.9366722363915051e-01 2.0972173617805359e-01 
8.3907333834327813e-01 1.7214737813135791e-01 2.4223197825636775e-01 
8.3907333834327813e-01 1.7214737813135791e-01 2.4223197825636775e-01 
8.4710064156702580e-01 1.3146605110086379e-01 2.0761557066672917e-01 
8.2949253944550239e-01 1.0654849740074690e-01 2.0542107461956863e-01 
8.2949253944550239e-01 1.0654849740074690e-01 2.0542107461956863e-01 
8.5197633377368465e-01 1.3168020570925271e-01 2.1659600095160544e-01 
8.5197633377368465e-01 1.3168020570925271e-01 2.1659600095160544e-01 
8.5813425473510785e-01 1.4078964579843861e-01 2.4036380832495907e-01 
8.8787090261346790e-01 1.2734492566239819e-01 2.0811330151051829e-01 
8.1416121776064265e-01 1.2032204359498805e-01 2.8819075864621729e-01 
8.2552070142245526e-01 1.0911143353041507e-01 2.3404229318054268e-01 
8.2552070142245526e-01 1.0911143353041507e-01 2.3404229318054268e-01 
7.6464605406118769e-01 1.0121359537356681e-01 2.3251401928705795e-01 
7.6464605406118769e-01 1.0121359537356681e-01 2.3251401928705795e-01 
7.6464605406118769e-01 1.0121359537356681e-01 2.3251401928705795e-01 
7.8963570337962463e-01 1.2900250409350567e-01 2.4026690934465023e-01 
7.8963570337962463e-01 1.2900250409350567e-01 2.4026690934465023e-01 
8.0846140367318020e-01 1.7375548753210568e-01 3.9502644352272759e-01 
8.3399015882221428e-01 1.6636179157329500e-01 4.1882771279679254e-01 
8.6459159907456185e-01 1.8972820288187270e-01 2.7866354923346209e-01 
8.6203225340145018e-01 1.3969144666198344e-01 2.2131081319381732e-01 
8.4710064156702580e-01 1.3146605110086379e-01 2.0761557066672917e-01 
8.1627818158338517e-01 1.1468149342021278e-01 3.5025425265402776e-01 
7.7102850764477904e-01 1.4192437442656602e-01 5.0697904731698429e-01 
8.0006295230145130e-01 1.6671886554107523e-01 3.2399245720420045e-01 
8.2375006271348128e-01 1.5040714168682712e-01 2.1270247977444284e-01 
8.4615367737919811e-01 1.2288271105475204e-01 3.1088927658742360e-01 
8.4615367737919811e-01 1.2288271105475204e-01 3.1088927658742360e-01 
8.5005603575278244e-01 1.2397673591386274e-01 4.1020193403221689e-01 
8.5005603575278244e-01 1.2397673591386274e-01 4.1020193403221689e-01 
8.4710064156702580e-01 1.3146605110086379e-01 2.0761557066672917e-01 
8.4710064156702580e-01 1.3146605110086379e-01 2.0761557066672917e-01 
7.9642040790056934e-01 1.1952803895333088e-01 2.9862369343547540e-01 
8.3273834694430982e-01 1.2856501347975607e-01 2.3300621470480243e-01 
8.3273834694430982e-01 1.2856501347975607e-01 2.3300621470480243e-01 
8.3273834694430982e-01 1.2856501347975607e-01 2.3300621470480243e-01 
8.4710064156702580e-01 1.3146605110086379e-01 2.0761557066672917e-01 
8.4710064156702580e-01 1.3146605110086379e-01 2.0761557066672917e-01 
8.4710064156702580e-01 1.3146605110086379e-01 2.0761557066672917e-01 
8.4710064156702580e-01 1.3146605110086379e-01 2.0761557066672917e-01 
8.4710064156702580e-01 1.3146605110086379e-01 2.0761557066672917e-01 
8.4710064156702580e-01 1.3146605110086379e-01 2.0761557066672917e-01 
8.4710064156702580e-01 1.3146605110086379e-01 2.0761557066672917e-01 
8.4710064156702580e-01 1.3146605110086379e-01 2.0761557066672917e-01 
8.4710064156702580e-01 1.3146605110086379e-01 2.0761557066672917e-01 
7.6662741104588239e-01 1.0526536768925078e-01 2.0154124042774577e-01 
7.6662741104588239e-01 1.0526536768925078e-01 2.0154124042774577e-01 
7.6662741104588239e-01 1.0526536768925078e-01 2.0154124042774577e-01 
7.6662741104588239e-01 1.0526536768925078e-01 2.0154124042774577e-01 
7.6896222877736853e-01 1.1916313059895571e-01 2.5231998817395163e-01 
8.3308758208645328e-01 1.3165167409189329e-01 2.4520711659908520e-01 
8.5138110219454521e-01 1.6515500186951729e-01 3.2267444984545840e-01 
7.9721443304014994e-01 1.6551663777171463e-01 6.2558249351557316e-01 
7.9721443304014994e-01 1.6551663777171463e-01 6.2558249351557316e-01 
8.1572557058602746e-01 1.8345777318115031e-01 4.6251573055042899e-01 
8.4710064156702580e-01 1.3146605110086379e-01 2.0761557066672917e-01 
8.4710064156702580e-01 1.3146605110086379e-01 2.0761557066672917e-01 
8.0706870630840133e-01 1.5102602317251773e-01 2.8330587359559062e-01 
7.9195172894944366e-01 1.4891505268133964e-01 2.7680539507450758e-01 
8.4710064156702580e-01 1.3146605110086379e-01 2.0761557066672917e-01 
8.4710064156702580e-01 1.3146605110086379e-01 2.0761557066672917e-01 
8.4710064156702580e-01 1.3146605110086379e-01 2.0761557066672917e-01 
8.8379102633519113e-01 1.5537648970378956e-01 2.2061861374373309e-01 
7.3003175370386131e-01 1.1348775501624138e-01 3.2353150731359098e-01 
