ip_ml_20_rawChain_unified = zeros(1000,3);
ip_ml_20_rawChain_unified = [7.8951427115588013e-01 1.4179026305353526e-01 4.1755510552923664e-01 
7.6505758535566826e-01 1.3729255287928607e-01 3.2415149828091588e-01 
7.6505758535566826e-01 1.3729255287928607e-01 3.2415149828091588e-01 
7.6505758535566826e-01 1.3729255287928607e-01 3.2415149828091588e-01 
8.2980426425480880e-01 1.7896988137909767e-01 4.1779156347307433e-01 
7.4586722882729428e-01 1.2485138507720266e-01 4.9604503075582357e-01 
9.0055296466705337e-01 1.6850407483989055e-01 4.4617935567646366e-01 
9.0055296466705337e-01 1.6850407483989055e-01 4.4617935567646366e-01 
9.7730121035090800e-01 1.4239537696360455e-01 4.3248734777810544e-01 
1.0917497233215361e+00 2.4544389412944664e-01 4.7380000920617699e-01 
8.5719508280966350e-01 1.3840781393756713e-01 5.8316474780414995e-01 
7.3448189458642643e-01 1.3023608831919417e-01 3.2602543315856691e-01 
7.3448189458642643e-01 1.3023608831919417e-01 3.2602543315856691e-01 
7.5903856604963238e-01 1.2215706144632635e-01 4.1288018456288078e-01 
8.7366973096284894e-01 1.7260980228562378e-01 4.8266865105259726e-01 
9.3140190500354481e-01 2.5630432249082702e-01 3.2807246526988498e-01 
9.4887179410195710e-01 2.0096771608403824e-01 3.6223597246341399e-01 
7.8844004931863421e-01 1.3564161349597195e-01 2.1393619887302825e-01 
7.8844004931863421e-01 1.3564161349597195e-01 2.1393619887302825e-01 
8.6722169874782451e-01 1.2838888731399109e-01 2.3021374583392892e-01 
8.3702785935034818e-01 1.1587633589827971e-01 2.6729132676723943e-01 
8.6722169874782451e-01 1.2838888731399109e-01 2.3021374583392892e-01 
8.6722169874782451e-01 1.2838888731399109e-01 2.3021374583392892e-01 
7.3492759371376215e-01 1.9476542068368297e-01 2.4790170958797436e-01 
7.3492759371376215e-01 1.9476542068368297e-01 2.4790170958797436e-01 
9.0748225192307630e-01 2.6045272907172790e-01 2.1431842214287794e-01 
9.9345621130287998e-01 2.7632978251597085e-01 2.2778190004991158e-01 
8.9598615572169571e-01 3.2243361195910070e-01 4.0019032888057010e-01 
8.7351702957570820e-01 1.9668527730081570e-01 2.5141225281346480e-01 
7.9361173427229070e-01 1.3135989862226224e-01 2.3996528874807735e-01 
7.9361173427229070e-01 1.3135989862226224e-01 2.3996528874807735e-01 
9.6915652223003845e-01 1.8386330315681548e-01 2.2856227531768719e-01 
1.0189198566740501e+00 1.7547080710722646e-01 3.1050352762145256e-01 
7.8687010071301167e-01 2.0182703340841873e-01 2.1057053938493309e-01 
7.8913205552577914e-01 1.7002925947180286e-01 3.0172959613329553e-01 
7.8898398378455625e-01 2.1463615107067902e-01 3.6661620742277257e-01 
7.8687010071301167e-01 2.0182703340841873e-01 2.1057053938493309e-01 
7.8687010071301167e-01 2.0182703340841873e-01 2.1057053938493309e-01 
7.8687010071301167e-01 2.0182703340841873e-01 2.1057053938493309e-01 
7.8687010071301167e-01 2.0182703340841873e-01 2.1057053938493309e-01 
8.1901169624773440e-01 1.4174972034882466e-01 2.3676256799781661e-01 
7.8767196934939165e-01 1.1225852805417914e-01 2.2970049219985228e-01 
8.2414151933064306e-01 2.3553037208647642e-01 3.1935783112472038e-01 
8.2414151933064306e-01 2.3553037208647642e-01 3.1935783112472038e-01 
8.3349321522815245e-01 1.4892383579927645e-01 2.4968403908682146e-01 
8.3349321522815245e-01 1.4892383579927645e-01 2.4968403908682146e-01 
8.3349321522815245e-01 1.4892383579927645e-01 2.4968403908682146e-01 
7.5184409443206524e-01 1.2979937308656436e-01 3.3886354986705358e-01 
7.5184409443206524e-01 1.2979937308656436e-01 3.3886354986705358e-01 
7.9648485311424189e-01 1.3311776870987960e-01 2.6779099265240958e-01 
8.3058316036917301e-01 1.3260593697203965e-01 2.1564379275708606e-01 
8.3690316111975105e-01 1.5770930005124259e-01 3.2008543315930793e-01 
8.0703717695365729e-01 1.3662789836165390e-01 2.7061215759236001e-01 
8.0703717695365729e-01 1.3662789836165390e-01 2.7061215759236001e-01 
8.8893011144962686e-01 1.6508692897675692e-01 2.7394516035732253e-01 
8.3496967727402516e-01 1.1784168017428250e-01 2.6814545394737183e-01 
8.3496967727402516e-01 1.1784168017428250e-01 2.6814545394737183e-01 
8.3041116589841790e-01 1.0708024151540381e-01 2.2862689171589712e-01 
8.8916149156370983e-01 1.8444707459142892e-01 3.6647387672454740e-01 
8.8194051881677071e-01 1.8651066900067720e-01 3.8334536489044174e-01 
8.4710064156702580e-01 1.3146605110086379e-01 2.0761557066672917e-01 
8.5404220377819662e-01 1.9790120642868292e-01 2.1646317863450623e-01 
8.4172922795895644e-01 1.0678548093636778e-01 2.3301598905545795e-01 
9.0153809960779019e-01 1.8947467438117738e-01 2.1728309953195588e-01 
8.4710064156702580e-01 1.3146605110086379e-01 2.0761557066672917e-01 
8.4710064156702580e-01 1.3146605110086379e-01 2.0761557066672917e-01 
8.4710064156702580e-01 1.3146605110086379e-01 2.0761557066672917e-01 
8.4710064156702580e-01 1.3146605110086379e-01 2.0761557066672917e-01 
7.2302934176247735e-01 1.3064363191355666e-01 2.9843816584977506e-01 
7.5213997133504673e-01 1.2069250620817933e-01 2.6671293919752259e-01 
7.5213997133504673e-01 1.2069250620817933e-01 2.6671293919752259e-01 
8.1848324364725589e-01 1.2056435055603953e-01 3.0449375787574162e-01 
8.4710064156702580e-01 1.3146605110086379e-01 2.0761557066672917e-01 
7.3452163232573475e-01 1.6366225172266191e-01 2.5950687630396635e-01 
8.8314005602669821e-01 1.9030508756290426e-01 2.7603164756548365e-01 
8.8314005602669821e-01 1.9030508756290426e-01 2.7603164756548365e-01 
8.6742441634697898e-01 1.9773455300649495e-01 2.1185417216756117e-01 
8.4710064156702580e-01 1.3146605110086379e-01 2.0761557066672917e-01 
8.4710064156702580e-01 1.3146605110086379e-01 2.0761557066672917e-01 
8.4710064156702580e-01 1.3146605110086379e-01 2.0761557066672917e-01 
8.3422576803757609e-01 1.2432232418865725e-01 2.6671333057163948e-01 
8.4710064156702580e-01 1.3146605110086379e-01 2.0761557066672917e-01 
8.4710064156702580e-01 1.3146605110086379e-01 2.0761557066672917e-01 
8.4710064156702580e-01 1.3146605110086379e-01 2.0761557066672917e-01 
8.4710064156702580e-01 1.3146605110086379e-01 2.0761557066672917e-01 
8.4710064156702580e-01 1.3146605110086379e-01 2.0761557066672917e-01 
8.4710064156702580e-01 1.3146605110086379e-01 2.0761557066672917e-01 
8.3308758208645328e-01 1.3165167409189329e-01 2.4520711659908520e-01 
8.3308758208645328e-01 1.3165167409189329e-01 2.4520711659908520e-01 
8.4710064156702580e-01 1.3146605110086379e-01 2.0761557066672917e-01 
8.4710064156702580e-01 1.3146605110086379e-01 2.0761557066672917e-01 
8.4710064156702580e-01 1.3146605110086379e-01 2.0761557066672917e-01 
8.8379102633519113e-01 1.5537648970378956e-01 2.2061861374373309e-01 
9.3580619326839709e-01 2.3426416685161403e-01 2.4668247732582971e-01 
9.0158548023934071e-01 2.2466171196425511e-01 3.3591085183279040e-01 
8.8999090193840802e-01 2.1514856738149898e-01 2.8637108943492795e-01 
7.4419780191220064e-01 1.2782963283576013e-01 2.3415512781584782e-01 
7.4419780191220064e-01 1.2782963283576013e-01 2.3415512781584782e-01 
7.4419780191220064e-01 1.2782963283576013e-01 2.3415512781584782e-01 
8.4710064156702580e-01 1.3146605110086379e-01 2.0761557066672917e-01 
8.4710064156702580e-01 1.3146605110086379e-01 2.0761557066672917e-01 
8.4710064156702580e-01 1.3146605110086379e-01 2.0761557066672917e-01 
8.4710064156702580e-01 1.3146605110086379e-01 2.0761557066672917e-01 
8.4710064156702580e-01 1.3146605110086379e-01 2.0761557066672917e-01 
8.4710064156702580e-01 1.3146605110086379e-01 2.0761557066672917e-01 
8.4710064156702580e-01 1.3146605110086379e-01 2.0761557066672917e-01 
8.4710064156702580e-01 1.3146605110086379e-01 2.0761557066672917e-01 
8.2337657317968638e-01 1.4051017334858967e-01 2.7119057651528677e-01 
8.2337657317968638e-01 1.4051017334858967e-01 2.7119057651528677e-01 
7.4148943798519340e-01 1.0826123155118661e-01 2.7611211947981701e-01 
8.2337657317968638e-01 1.4051017334858967e-01 2.7119057651528677e-01 
8.2337657317968638e-01 1.4051017334858967e-01 2.7119057651528677e-01 
8.2337657317968638e-01 1.4051017334858967e-01 2.7119057651528677e-01 
