ip_ml_22_rawLogTarget_unified = zeros(1000,1);
ip_ml_22_rawLogTarget_unified = [-552.159
-552.159
-551.465
-551.584
-552.036
-552.856
-552.414
-552.856
-552.538
-553.213
-552.932
-553.397
-556.326
-551.413
-551.556
-551.413
-551.745
-551.745
-552.262
-552.385
-552.859
-551.458
-551.458
-552.292
-551.466
-551.499
-551.499
-551.827
-551.827
-553.019
-552.417
-551.694
-551.773
-551.744
-551.744
-551.705
-551.822
-552.014
-552.014
-552.717
-552.503
-552.841
-552.628
-551.926
-551.89
-551.755
-553.835
-554.473
-552.521
-552.521
-552.521
-552.91
-551.755
-551.755
-551.755
-552.691
-552.76
-551.615
-551.615
-551.423
-552.478
-551.905
-551.715
-551.715
-552.472
-551.755
-551.755
-551.755
-551.806
-551.77
-552.361
-552.311
-552.311
-552.311
-551.755
-551.755
-551.755
-551.755
-551.755
-551.755
-551.755
-551.6
-551.6
-551.594
-552.026
-551.835
-552.051
-552.051
-551.615
-551.755
-551.755
-551.755
-551.755
-551.755
-552.354
-555.07
-552.408
-551.518
-551.9
-551.9
-551.9
-553.267
-551.755
-551.755
-551.755
-551.755
-551.755
-552.775
-552.775
-553.925
-552.657
-552.192
-552.192
-553.06
-553.06
-553.06
-552.165
-551.973
-552.067
-551.743
-551.743
-552.384
-551.615
-551.652
-551.769
-551.836
-552.224
-552.224
-554.176
-551.698
-551.541
-553.847
-553.847
-553.185
-551.595
-551.595
-551.601
-551.601
-551.601
-551.915
-551.722
-551.915
-551.685
-551.685
-552.117
-552.117
-554.892
-552.726
-551.947
-553.915
-553.915
-553.915
-553.915
-553.915
-551.687
-551.687
-551.944
-554.764
-552.902
-552.902
-552.902
-551.922
-551.59
-552.357
-551.441
-551.441
-551.441
-552.585
-552.585
-552.585
-551.875
-552.79
-553.126
-554.153
-554.248
-552.904
-551.697
-552.458
-551.758
-554.19
-553.295
-555.176
-552.328
-552.328
-552.328
-552.328
-554.06
-553.746
-553.746
-553.236
-553.236
-552.008
-552.008
-552.008
-553.027
-551.722
-554.501
-552.682
-552.087
-555.032
-552.061
-552.127
-552.127
-552.691
-552.551
-555.182
-555.182
-552.242
-551.814
-555.45
-552.921
-551.543
-551.705
-551.66
-553.078
-552.165
-552.485
-553.244
-553.244
-555.996
-552.258
-552.258
-552.258
-552.258
-551.964
-553.463
-554.84
-552.899
-551.734
-552.523
-552.523
-552.243
-551.734
-552.534
-551.995
-551.643
-552.561
-552.409
-551.761
-553.654
-553.263
-552.248
-552.022
-552.398
-551.444
-551.752
-554.811
-551.744
-552.552
-551.56
-552.115
-552.115
-551.988
-551.988
-555.746
-555.417
-551.856
-551.856
-552.032
-552.032
-553.294
-553.802
-551.774
-551.856
-551.888
-552.291
-551.888
-552.032
-552.032
-551.911
-551.911
-553.966
-552.157
-555.532
-555.532
-555.439
-552.191
-551.906
-552.191
-552.191
-552.191
-552.191
-551.552
-552.075
-551.994
-551.994
-552.383
-552.383
-552.383
-552.108
-552.78
-552.78
-554.991
-551.704
-554.005
-552.969
-555.423
-556.951
-554.991
-553.766
-554.014
-551.497
-551.497
-552.242
-551.605
-553.053
-553.377
-553.377
-553.377
-554.445
-552.122
-552.909
-556.768
-554.753
-554.753
-553.231
-553.231
-551.811
-551.913
-552.21
-551.552
-552.342
-552.342
-551.617
-551.567
-551.567
-551.567
-551.567
-551.567
-552.444
-551.816
-551.816
-552.118
-552.118
-552.118
-551.739
-551.739
-551.781
-551.919
-551.47
-551.781
-552.201
-552.201
-551.965
-551.539
-551.539
-551.774
-551.774
-551.586
-551.586
-553.736
-552.041
-551.588
-551.588
-551.781
-551.781
-551.781
-552.027
-552.928
-551.421
-552.678
-552.678
-552.027
-551.689
-553.322
-553.151
-551.737
-551.729
-551.82
-552.358
-552.55
-554.605
-554.714
-551.462
-552.49
-551.674
-552.079
-552.079
-552.079
-551.807
-552.005
-551.856
-551.795
-552.547
-552.547
-552.036
-553.255
-554.248
-554.248
-552.929
-552.224
-552.367
-552.988
-552.988
-552.988
-552.542
-551.598
-551.719
-552.497
-552.497
-552.84
-552.252
-552.252
-552.927
-552.263
-552.583
-553.276
-552.612
-551.479
-551.479
-551.813
-551.505
-551.904
-551.93
-551.447
-551.447
-551.447
-552.289
-553.196
-552.289
-552.289
-552.397
-552.397
-553.531
-554.484
-551.96
-554.281
-554.298
-552.646
-552.646
-553.762
-553.223
-552.167
-552.167
-551.534
-552.457
-551.785
-552.167
-552.167
-552.025
-552.025
-552.52
-551.723
-551.94
-551.85
-551.85
-551.529
-551.529
-551.49
-551.49
-552.813
-552.813
-552.188
-552.188
-554.747
-554.747
-552.945
-552.119
-551.842
-553.088
-551.793
-551.394
-551.502
-551.394
-551.394
-552.707
-552.872
-551.394
-551.394
-551.394
-551.394
-551.394
-551.394
-551.394
-551.466
-551.941
-552.607
-551.394
-551.394
-551.394
-560.04
-559.312
-552.33
-553.325
-551.568
-551.568
-551.697
-551.697
-552.189
-552.189
-552.07
-551.646
-551.588
-551.51
-551.51
-551.62
-552.062
-552.057
-552.052
-552.285
-554.766
-554.766
-555.934
-555.934
-553.457
-553.457
-555.5
-555.5
-551.549
-551.549
-551.964
-551.964
-552.395
-552.395
-552.395
-552.395
-552.258
-552.258
-551.476
-551.476
-553.814
-555.751
-555.751
-555.751
-552.258
-552.055
-552.015
-551.735
-551.735
-551.735
-551.735
-551.952
-551.798
-551.798
-552.05
-551.688
-552.022
-552.022
-553.219
-553.743
-553.625
-552.201
-554.653
-551.414
-551.414
-551.558
-551.65
-553.883
-551.605
-551.54
-553.496
-552.83
-552.83
-553.734
-552.83
-552.83
-552.83
-552.203
-552.632
-551.898
-551.613
-553.361
-552.13
-551.874
-551.874
-551.667
-552.039
-553.097
-551.384
-551.75
-551.791
-551.791
-552.006
-552.006
-553.156
-552.33
-554.022
-553.839
-551.932
-551.932
-551.681
-551.609
-551.609
-554.04
-551.599
-552.549
-552.549
-552.549
-553.268
-552.746
-552.578
-552.131
-552.131
-557.488
-551.517
-551.446
-552.449
-552.767
-552.105
-554.048
-551.895
-553.703
-553.703
-551.71
-551.777
-552.17
-552.925
-553.362
-552.399
-552.399
-551.511
-551.511
-551.565
-552.066
-552.294
-552.294
-552.294
-551.868
-552.168
-551.718
-551.718
-552.272
-552.28
-551.532
-551.532
-552.122
-552.738
-552.792
-552.792
-551.533
-551.88
-553.599
-553.25
-554.358
-552.794
-552.062
-551.762
-554.904
-554.377
-555.241
-555.241
-555.241
-552.812
-552.812
-552.812
-554.566
-552.144
-552.158
-552.158
-553.487
-551.635
-552.243
-558.89
-553.665
-552.113
-552.435
-552.435
-554.756
-554.756
-554.756
-553.165
-552.641
-554.561
-551.488
-551.488
-552.536
-551.488
-551.49
-552.796
-552.315
-552.315
-552.195
-552.138
-551.689
-552.193
-552.193
-552.193
-555.577
-551.855
-552.389
-551.855
-551.855
-552.267
-551.702
-551.702
-551.702
-556.533
-554.417
-553.642
-551.673
-551.495
-551.645
-552.054
-552.814
-552.105
-552.105
-556.251
-556.251
-559.889
-555.247
-552.804
-551.764
-552.422
-552.006
-551.838
-551.838
-551.838
-553.323
-552.446
-552.457
-552.457
-552.457
-551.959
-552.468
-553.969
-553.307
-553.794
-553.411
-553.453
-553.409
-551.906
-551.906
-551.789
-551.789
-551.624
-551.624
-552.56
-552.56
-551.962
-551.957
-551.957
-551.664
-554.166
-554.166
-552.445
-551.499
-551.499
-553.081
-551.521
-551.786
-551.521
-551.521
-552.628
-552.31
-552.803
-551.44
-555.187
-552.115
-551.508
-553.617
-554.276
-554.276
-552.992
-552.992
-553.237
-552.755
-552.738
-551.814
-551.814
-551.814
-551.903
-552.077
-552.556
-551.401
-551.401
-552.097
-552.56
-552.267
-552.797
-551.624
-552.06
-551.497
-552.524
-552.185
-552.496
-551.657
-553.708
-552.449
-552.474
-552.107
-552.107
-551.992
-551.992
-551.992
-551.992
-551.829
-554.679
-551.925
-551.925
-554.005
-552.937
-552.937
-556.387
-556.387
-553.538
-552.318
-553.527
-552.373
-551.531
-551.531
-551.531
-551.531
-551.531
-551.671
-551.501
-551.501
-553.56
-552.073
-552.073
-552.073
-552.073
-552.518
-552.791
-552.791
-556.529
-552.161
-552.431
-552.125
-551.996
-556.35
-555.614
-555.33
-553.302
-553.764
-553.764
-553.38
-551.898
-557.725
-551.724
-551.724
-551.781
-552.436
-553.22
-551.69
-553.22
-553.22
-553.22
-553.22
-555.532
-554.92
-552.223
-553.518
-551.908
-552.563
-552.77
-552.77
-551.523
-556.43
-553.425
-553.014
-551.819
-551.825
-552.093
-552.006
-551.658
-551.719
-551.925
-552.271
-551.85
-551.436
-552.482
-551.463
-551.463
-551.463
-551.463
-551.47
-551.47
-551.47
-551.755
-554.079
-554.147
-552.207
-551.702
-553.37
-551.852
-552.114
-551.705
-551.705
-551.705
-551.705
-551.705
-551.823
-551.823
-551.823
-552.349
-551.989
-553.87
-551.768
-551.656
-552.648
