ip_ml_18_rawChain_unified = zeros(1000,3);
ip_ml_18_rawChain_unified = [8.7414636742298779e-01 1.7900441839513848e-01 2.8505110971620068e-01 
8.7414636742298779e-01 1.7900441839513848e-01 2.8505110971620068e-01 
8.7414636742298779e-01 1.7900441839513848e-01 2.8505110971620068e-01 
8.7414636742298779e-01 1.7900441839513848e-01 2.8505110971620068e-01 
9.1600059469012229e-01 2.6666806617534766e-01 2.4050752393635752e-01 
9.0648936019911330e-01 2.4125087084152991e-01 2.9165871026354301e-01 
8.2663239654515774e-01 2.4326588046127756e-01 2.3286008557658608e-01 
9.2161642634477270e-01 2.8232130985835246e-01 2.1220405431139830e-01 
8.6979634935349970e-01 2.6820750780630309e-01 2.9277089691635905e-01 
9.9487541452278794e-01 3.3763935464598749e-01 2.4591497420813091e-01 
8.5528893402658346e-01 1.9483931034884031e-01 3.7974418123151893e-01 
8.5528893402658346e-01 1.9483931034884031e-01 3.7974418123151893e-01 
8.8587667278489235e-01 2.0110471504108055e-01 2.9328417854946731e-01 
8.2465741585797070e-01 1.4051075381482714e-01 3.9228150937758893e-01 
7.5903856604963238e-01 1.2215706144632635e-01 4.1288018456288078e-01 
7.4835501504914581e-01 2.4907486694347031e-01 3.0588651203617012e-01 
9.1600059469012229e-01 2.6666806617534766e-01 2.4050752393635752e-01 
8.4840366356144270e-01 2.4345184970929984e-01 2.9919272491019910e-01 
9.1600059469012229e-01 2.6666806617534766e-01 2.4050752393635752e-01 
9.1600059469012229e-01 2.6666806617534766e-01 2.4050752393635752e-01 
8.7776707774658880e-01 2.4340115391286354e-01 2.1780900356378452e-01 
8.1887371764383654e-01 2.0840096006186404e-01 2.1032698778060657e-01 
8.1887371764383654e-01 2.0840096006186404e-01 2.1032698778060657e-01 
8.6858124287357874e-01 2.0380712593629646e-01 2.7693044434362346e-01 
8.6858124287357874e-01 2.0380712593629646e-01 2.7693044434362346e-01 
8.1775129322334517e-01 1.9572062835815640e-01 3.1377768010772594e-01 
8.1775129322334517e-01 1.9572062835815640e-01 3.1377768010772594e-01 
8.1775129322334517e-01 1.9572062835815640e-01 3.1377768010772594e-01 
6.6867204977296379e-01 1.6587943408832728e-01 2.3084616572748232e-01 
6.6867204977296379e-01 1.6587943408832728e-01 2.3084616572748232e-01 
1.0037387327575769e+00 2.5500406312153479e-01 2.6942053129278193e-01 
9.9671050437459530e-01 2.4425998601377211e-01 2.7186730437835027e-01 
7.7180128000428905e-01 1.7779967603888536e-01 3.5762509725813152e-01 
6.4580258681816349e-01 1.5955616498375358e-01 2.7486959254356813e-01 
6.2116255016110733e-01 1.4023984933222747e-01 2.1073838648045456e-01 
6.2116255016110733e-01 1.4023984933222747e-01 2.1073838648045456e-01 
8.6378442295549829e-01 3.5255866317881424e-01 4.7010436645919751e-01 
8.5841583941989275e-01 1.8032185837092360e-01 3.0633947992024596e-01 
1.1058414587517404e+00 4.0264838330351227e-01 3.8387930630693429e-01 
7.1514037557405719e-01 2.8858868004773514e-01 3.8067675372481091e-01 
8.8586285228324890e-01 2.8690504644811432e-01 2.5681793593092450e-01 
8.8586285228324890e-01 2.8690504644811432e-01 2.5681793593092450e-01 
8.8586285228324890e-01 2.8690504644811432e-01 2.5681793593092450e-01 
7.4841481783231134e-01 1.6918151583707383e-01 2.5740304985695084e-01 
1.0325863228511774e+00 3.0619835679478313e-01 2.8438034190413825e-01 
9.0748225192307630e-01 2.6045272907172790e-01 2.1431842214287794e-01 
9.0748225192307630e-01 2.6045272907172790e-01 2.1431842214287794e-01 
7.7631773546732319e-01 1.7063095671234879e-01 2.8931626131295751e-01 
1.0325863228511774e+00 3.0619835679478313e-01 2.8438034190413825e-01 
9.1974321118917013e-01 2.5700211739717460e-01 2.7771789713264772e-01 
1.2399911275323496e+00 5.6886852058146520e-01 3.8933982678627499e-01 
6.5502405511850026e-01 2.3292072495381283e-01 3.7964601811394177e-01 
6.2133489502364891e-01 2.2394022896322791e-01 3.3094020330697121e-01 
9.6023200892870197e-01 2.9818143300385752e-01 2.8151703867327177e-01 
8.9598615572169571e-01 3.2243361195910070e-01 4.0019032888057010e-01 
7.3190116877271227e-01 1.9891098127248114e-01 2.2499260086255696e-01 
9.7680457420236300e-01 1.8510492192434896e-01 2.6111578445630179e-01 
9.7680457420236300e-01 1.8510492192434896e-01 2.6111578445630179e-01 
9.7680457420236300e-01 1.8510492192434896e-01 2.6111578445630179e-01 
9.4270913804148093e-01 1.9487976212532246e-01 2.4263791897441328e-01 
9.7680457420236300e-01 1.8510492192434896e-01 2.6111578445630179e-01 
1.0165201187878010e+00 1.9284724200472400e-01 3.0392349601818669e-01 
1.0165201187878010e+00 1.9284724200472400e-01 3.0392349601818669e-01 
9.5625385565572940e-01 2.6114476962666872e-01 2.6756130330974065e-01 
8.3202596800916884e-01 1.1471435155555090e-01 2.6688592375647058e-01 
9.9902423082086389e-01 2.5604020707920067e-01 3.1904325339074230e-01 
8.0046072925468326e-01 1.0519273305000643e-01 3.1403793775634287e-01 
8.0046072925468326e-01 1.0519273305000643e-01 3.1403793775634287e-01 
8.3349321522815245e-01 1.4892383579927645e-01 2.4968403908682146e-01 
8.3349321522815245e-01 1.4892383579927645e-01 2.4968403908682146e-01 
8.3349321522815245e-01 1.4892383579927645e-01 2.4968403908682146e-01 
8.3349321522815245e-01 1.4892383579927645e-01 2.4968403908682146e-01 
8.3058316036917301e-01 1.3260593697203965e-01 2.1564379275708606e-01 
8.3349321522815245e-01 1.4892383579927645e-01 2.4968403908682146e-01 
8.4710064156702580e-01 1.3146605110086379e-01 2.0761557066672917e-01 
8.4710064156702580e-01 1.3146605110086379e-01 2.0761557066672917e-01 
8.4710064156702580e-01 1.3146605110086379e-01 2.0761557066672917e-01 
8.4710064156702580e-01 1.3146605110086379e-01 2.0761557066672917e-01 
8.4710064156702580e-01 1.3146605110086379e-01 2.0761557066672917e-01 
8.4710064156702580e-01 1.3146605110086379e-01 2.0761557066672917e-01 
8.4710064156702580e-01 1.3146605110086379e-01 2.0761557066672917e-01 
8.4710064156702580e-01 1.3146605110086379e-01 2.0761557066672917e-01 
8.4710064156702580e-01 1.3146605110086379e-01 2.0761557066672917e-01 
8.4710064156702580e-01 1.3146605110086379e-01 2.0761557066672917e-01 
8.4710064156702580e-01 1.3146605110086379e-01 2.0761557066672917e-01 
8.4710064156702580e-01 1.3146605110086379e-01 2.0761557066672917e-01 
8.4710064156702580e-01 1.3146605110086379e-01 2.0761557066672917e-01 
8.4710064156702580e-01 1.3146605110086379e-01 2.0761557066672917e-01 
8.4710064156702580e-01 1.3146605110086379e-01 2.0761557066672917e-01 
9.3580619326839709e-01 2.3426416685161403e-01 2.4668247732582971e-01 
9.3657744598776127e-01 2.3643744525506510e-01 2.9541481478636394e-01 
7.5341585138723277e-01 1.4034629605216803e-01 3.1378046369790685e-01 
8.4710064156702580e-01 1.3146605110086379e-01 2.0761557066672917e-01 
8.4710064156702580e-01 1.3146605110086379e-01 2.0761557066672917e-01 
8.2337657317968638e-01 1.4051017334858967e-01 2.7119057651528677e-01 
8.2337657317968638e-01 1.4051017334858967e-01 2.7119057651528677e-01 
8.2337657317968638e-01 1.4051017334858967e-01 2.7119057651528677e-01 
8.1519867791147194e-01 1.8197932039846132e-01 2.1652108808109208e-01 
8.1519867791147194e-01 1.8197932039846132e-01 2.1652108808109208e-01 
8.3493146850902866e-01 1.6529767300245660e-01 2.4969716633255426e-01 
1.0408995258210099e+00 3.1384078281922351e-01 2.6121910800947357e-01 
1.0408995258210099e+00 3.1384078281922351e-01 2.6121910800947357e-01 
9.9729485420378949e-01 2.6001570036434346e-01 2.4076430364071605e-01 
1.0919594524681588e+00 3.6657654584849247e-01 3.1181675650978102e-01 
9.2121674289267619e-01 1.4084675732073504e-01 2.8049968652063284e-01 
1.1971773621522552e+00 4.6798126208076490e-01 2.7064821960496488e-01 
9.1568420882730273e-01 2.7336862575205262e-01 2.4335396863965028e-01 
7.9038899363348614e-01 1.7612556845411442e-01 2.8396849280844094e-01 
9.1983255658876151e-01 1.6548692778418786e-01 3.3034075116006778e-01 
9.9448010015874455e-01 3.6995614760097445e-01 2.7737672892768239e-01 
1.1668644470580534e+00 3.6114335638519446e-01 2.7773368401267512e-01 
1.1668644470580534e+00 3.6114335638519446e-01 2.7773368401267512e-01 
8.9595783977804799e-01 2.4068396696854613e-01 2.8466353362608648e-01 
