ip_ml_9_rawLogTarget_unified = zeros(1000,1);
ip_ml_9_rawLogTarget_unified = [-48.2334
-48.2334
-48.2047
-43.7909
-43.7909
-43.4913
-43.4913
-43.4111
-43.4111
-43.4913
-43.4913
-43.4913
-43.4913
-43.4913
-43.4913
-43.4913
-43.4913
-43.4913
-43.4913
-43.4913
-43.4913
-43.4913
-43.4913
-43.4913
-43.4913
-43.4913
-43.4913
-43.4913
-43.4913
-43.4913
-43.4913
-43.4913
-43.4913
-43.4913
-42.7686
-43.4913
-43.4913
-49.1745
-49.6683
-48.5036
-48.6807
-48.3038
-48.7874
-48.5186
-49.1108
-48.1791
-48.2435
-48.1895
-47.9522
-48.0476
-47.9884
-47.9612
-50.7706
-50.2092
-49.0691
-49.0691
-48.0936
-48.0936
-48.1001
-48.1001
-48.7088
-50.4248
-48.2846
-48.3313
-48.2436
-48.3987
-48.6268
-48.6629
-47.9758
-48.6403
-49.0706
-48.22
-48.2619
-48.2619
-48.592
-47.7073
-48.1225
-48.1225
-48.1263
-49.1385
-48.7075
-48.0574
-48.1901
-48.2358
-49.0196
-48.2319
-48.3482
-47.5746
-46.8581
-47.9714
-45.0287
-46.8878
-46.3526
-47.1309
-44.4436
-46.3653
-44.0479
-44.0479
-44.0479
-44.4436
-43.4504
-43.4504
-44.4436
-43.6603
-43.6603
-43.6252
-44.4436
-44.4436
-44.4436
-44.4436
-44.4436
-44.4436
-44.4436
-44.4436
-44.4436
-44.4436
-46.0676
-44.4436
-44.4436
-44.4436
-44.4436
-45.5219
-44.4436
-43.8507
-44.4436
-44.4436
-44.4436
-44.4436
-44.4436
-44.4436
-44.4436
-44.4436
-44.4436
-44.4436
-44.4436
-44.9583
-44.9583
-47.6318
-47.4511
-48.1917
-49.3443
-48.2546
-48.4328
-48.4328
-48.3623
-52.7518
-46.8937
-47.2868
-47.5975
-47.4053
-47.1253
-47.3773
-47.8441
-48.0871
-47.2422
-47.2399
-47.1207
-47.022
-47.4034
-48.1129
-47.1568
-46.915
-46.1299
-46.1299
-46.99
-46.99
-46.9285
-47.5046
-47.4745
-47.8587
-47.7372
-47.7372
-47.8936
-48.8494
-48.6105
-47.8691
-48.3685
-48.3406
-47.4438
-49.0088
-47.7067
-48.8635
-46.9904
-46.9904
-46.9586
-46.9586
-46.9586
-47.7717
-48.1312
-48.0128
-47.6909
-47.4238
-48.6026
-51.2988
-49.029
-48.5029
-49.4932
-49.8305
-48.7739
-47.5469
-47.3946
-46.4166
-46.2907
-47.5417
-47.5292
-47.5765
-47.5765
-48.4593
-49.9649
-49.9649
-47.763
-42.9765
-42.9765
-42.9765
-42.9765
-42.9765
-45.7613
-45.7613
-45.7613
-42.8354
-42.9765
-42.9765
-42.9765
-42.9765
-42.9765
-42.9765
-42.9765
-42.9765
-42.9765
-42.9765
-42.9765
-42.9765
-42.9765
-42.9765
-42.9765
-42.9765
-42.9765
-42.9765
-42.9765
-42.9765
-42.5817
-42.5817
-44.6518
-49.8314
-49.3741
-48.4186
-46.3937
-47.4421
-43.2052
-43.2052
-50.3109
-47.229
-46.5192
-49.2499
-50.063
-47.6848
-47.6848
-48.4993
-48.3536
-48.297
-47.9856
-48.1374
-47.9004
-48.3177
-48.994
-48.2121
-48.438
-48.0129
-47.7603
-47.5873
-47.3948
-48.2506
-48.2506
-48.2058
-48.1883
-49.4377
-47.2901
-47.8766
-48.3442
-48.5187
-48.4393
-49.4673
-50.453
-50.453
-50.453
-51.4773
-47.6417
-48.2329
-48.5154
-50.814
-48.434
-49.6469
-47.6075
-47.3683
-52.9245
-52.0097
-51.5708
-48.6917
-48.5437
-47.7991
-49.0857
-47.8444
-47.7296
-45.5405
-45.5405
-44.0046
-44.0046
-45.5405
-45.2987
-45.2987
-48.172
-47.6632
-51.302
-47.0038
-51.7506
-49.011
-47.9094
-48.2371
-48.2586
-48.3767
-47.3559
-48.1904
-47.4784
-46.4322
-46.8763
-46.8763
-46.6657
-46.996
-50.1933
-49.3041
-51.6662
-48.4279
-47.3518
-47.9722
-49.7589
-48.7748
-46.9411
-48.2556
-48.2556
-48.2615
-47.784
-47.784
-49.1537
-49.4896
-50.3003
-48.0216
-48.5443
-49.1632
-48.2092
-48.2092
-48.1755
-48.4544
-45.8858
-45.8858
-46.2634
-46.3286
-46.6515
-48.333
-50.147
-48.7402
-49.6095
-48.7166
-42.9765
-42.9765
-42.9765
-42.9765
-42.9765
-42.9765
-42.9765
-42.9765
-42.9765
-42.9765
-42.9765
-42.9765
-42.9765
-48.1537
-49.4295
-49.1395
-54.056
-48.1458
-48.1458
-48.1511
-48.1597
-48.0076
-48.3082
-48.8857
-48.3365
-45.5405
-45.5405
-44.0624
-44.7621
-44.7621
-44.7621
-48.4017
-48.4017
-46.281
-46.7025
-48.4858
-48.2422
-48.093
-43.468
-43.468
-43.468
-43.4913
-43.4913
-46.9611
-46.1374
-42.9765
-42.9765
-42.9765
-42.9765
-42.9765
-45.1426
-45.1426
-45.1426
-40.3063
-40.3063
-42.9765
-42.9765
-42.489
-42.9765
-42.9765
-41.672
-41.672
-41.672
-41.672
-42.9765
-42.9765
-42.9765
-42.9765
-42.9765
-42.9765
-43.2779
-44.2495
-41.2571
-41.2571
-41.2571
-46.2086
-44.9042
-44.9042
-44.9042
-51.1212
-47.5759
-47.6586
-46.4672
-43.2052
-43.3224
-48.3285
-48.2079
-48.1207
-48.1207
-43.8299
-44.8427
-45.8372
-45.2165
-45.2165
-46.17
-46.9918
-46.9724
-46.4356
-47.9449
-47.5524
-42.5754
-42.9765
-45.9424
-47.7323
-45.858
-45.9687
-45.2109
-42.3223
-42.9765
-42.9765
-42.9765
-43.7397
-43.4436
-40.3063
-40.3063
-40.3063
-40.3063
-40.3063
-44.1686
-41.672
-40.6192
-42.9765
-42.9765
-42.9765
-42.9765
-42.9765
-43.8612
-41.2571
-41.2571
-41.2571
-41.2571
-41.2739
-41.2571
-48.3738
-44.9042
-47.4421
-44.0226
-43.2052
-47.6444
-47.6444
-41.6283
-41.6283
-41.6283
-41.6283
-42.5754
-42.5754
-42.3223
-42.3223
-42.9765
-42.9765
-42.9765
-42.9765
-42.9765
-42.9765
-42.9765
-42.9765
-42.9765
-42.9765
-43.4436
-43.4436
-43.4436
-43.4436
-44.841
-44.841
-44.841
-44.841
-44.841
-44.841
-40.3063
-40.3063
-40.3063
-40.3063
-40.3063
-40.3063
-40.3063
-40.3063
-40.3063
-40.3063
-40.3063
-40.3063
-40.3063
-40.3063
-40.3063
-40.3063
-40.3063
-40.3063
-40.3063
-40.3063
-40.3063
-40.3063
-40.3063
-40.3063
-40.3063
-40.3063
-40.3063
-40.3063
-40.3063
-40.3063
-40.3063
-40.3063
-40.3063
-40.3063
-40.3063
-40.3063
-40.3063
-40.3063
-42.9765
-42.9765
-42.9765
-42.9765
-42.7511
-44.1686
-44.1686
-41.672
-41.672
-41.672
-41.672
-41.672
-41.672
-44.1854
-44.1854
-44.1854
-44.1854
-42.5661
-42.5661
-42.5661
-42.5661
-42.9765
-42.9765
-42.9765
-42.9765
-42.9765
-42.4449
-42.4449
-42.4449
-42.4449
-42.4449
-42.9765
-43.031
-43.1558
-42.9765
-42.9765
-42.9765
-42.9765
-42.9765
-42.9765
-41.2571
-41.2571
-41.1501
-41.1501
-41.1501
-41.2571
-41.2571
-41.2571
-41.2571
-43.705
-43.705
-41.2571
-41.2571
-41.2571
-41.2571
-41.2571
-41.2571
-41.2571
-41.2571
-41.2571
-41.5419
-41.5419
-41.2571
-41.2571
-41.2571
-41.2571
-41.2571
-41.2571
-41.2571
-41.2571
-41.2571
-43.2052
-43.2052
-43.2052
-43.2052
-42.0142
-42.0142
-42.0142
-42.0142
-46.0153
-46.0153
-46.7783
-47.0904
-47.1629
-46.3728
-46.1646
-46.1646
-46.9437
-47.568
-44.8427
-44.8427
-44.8427
-44.8427
-44.8427
-44.8427
-44.8427
-46.6207
-46.3972
-47.0049
-46.3124
-46.3124
-48.0772
-44.8427
-44.8427
-45.025
-44.8427
-44.8427
-44.8427
-44.8427
-44.8427
-44.6748
-44.8427
-44.3907
-44.8427
-44.8427
-44.8427
-44.8427
-44.8427
-44.8427
-44.8427
-44.8427
-44.8427
-44.8427
-44.8427
-46.6407
-44.8427
-44.8427
-44.8427
-46.6875
-49.4909
-47.5835
-42.9703
-48.9548
-51.4444
-47.843
-48.206
-48.206
-48.3687
-48.1838
-48.8123
-48.3226
-47.5992
-45.5196
-45.5196
-46.4796
-45.057
-49.6069
-45.0279
-45.5196
-45.5196
-47.3048
-47.4457
-46.7862
-48.5364
-48.1536
-48.9113
-45.931
-45.931
-44.9105
-44.9105
-45.931
-45.931
-45.931
-45.5932
-45.931
-46.1086
-46.1086
-46.1086
-48.2483
-47.1105
-46.5664
-48.2303
-46.5013
-47.2703
-47.3122
-46.5614
-46.5614
-46.8242
-48.394
-48.394
-48.0903
-48.1036
-48.4652
-46.3434
-47.1195
-47.2122
-47.8976
-47.6695
-49.8918
-47.6145
-48.591
-47.93
-47.6727
-48.882
-48.1386
-48.2383
-48.557
-47.7935
-47.9027
-47.1994
-47.8009
-47.8009
-47.4795
-47.9923
-47.5737
-47.4975
-47.7643
-47.7643
-48.8639
-46.4527
-47.152
-47.4045
-47.2775
-47.2775
-46.3628
-46.6168
-46.6638
-47.5195
-47.5195
-46.6919
-47.7218
-47.4144
-47.7678
-47.5721
-48.2561
-48.4307
-47.7638
-48.2248
-49.2757
-47.4523
-49.2074
-46.7956
-47.9033
-47.9033
-47.6899
-47.6957
-47.9221
-48.5991
-47.7971
-47.7489
-47.7489
-45.2799
-44.2884
-43.7495
-43.7495
-45.2503
-45.2345
-44.5629
-44.5629
-44.5629
-48.1978
-48.0928
-48.7845
-48.6037
-45.2503
-45.2503
-46.1654
-46.1654
-45.2503
-45.2503
-45.2503
-45.2503
-45.2503
-45.2503
-45.2503
-45.2503
-45.2503
-48.1654
-48.1654
-48.1654
-45.2503
-45.0259
-45.2503
-45.2503
-45.3809
-45.4381
-44.3911
-44.3911
-45.2503
-45.2503
-45.2503
-45.2503
-45.2503
-45.5761
-45.2503
-45.2503
-45.2503
-44.7082
-45.2028
-45.2503
-45.2503
-45.2503
-45.2503
-45.2503
-45.2503
-45.2503
-45.2503
-47.4262
-47.1667
-44.2521
-45.2503
-45.2503
-45.2503
-45.2503
-48.1301
-48.5866
-48.0223
-48.0223
-47.8087
-47.9499
-50.1958
-49.6384
-47.8391
-44.7518
-44.7518
-44.7518
-43.631
-43.631
-43.631
-43.631
-43.631
