ip_ml_21_rawLogLikelihood_unified = zeros(1000,1);
ip_ml_21_rawLogLikelihood_unified = [-416.292
-415.735
-416.063
-416.063
-416.593
-416.811
-416.811
-416.574
-416.574
-416.868
-416.636
-416.636
-417.977
-416.347
-415.737
-415.737
-416.46
-416.46
-415.77
-415.77
-415.77
-416.524
-416.441
-415.8
-416.044
-416.044
-417.897
-416.932
-416.484
-416.484
-415.946
-415.946
-416.005
-416.687
-416.687
-415.983
-416.184
-416.184
-416.184
-416.184
-415.883
-416.708
-416.708
-416.258
-416.258
-415.991
-416.561
-416.851
-415.991
-415.991
-415.887
-415.887
-415.887
-415.991
-416.946
-416.103
-415.961
-415.961
-415.961
-415.991
-415.991
-416.648
-416.877
-415.991
-416.029
-416.19
-415.991
-415.991
-415.991
-415.991
-415.991
-415.991
-415.991
-415.871
-416.127
-416.071
-415.887
-415.991
-415.991
-415.991
-415.991
-416.437
-417.815
-418.46
-416.392
-416.279
-416.392
-415.815
-415.815
-415.991
-415.991
-415.991
-415.991
-415.991
-415.991
-415.991
-416.663
-416.314
-416.316
-416.316
-416.126
-416.223
-416.223
-415.787
-415.787
-415.787
-415.787
-416.077
-416.781
-416.781
-417.794
-417.056
-416.312
-417.549
-417.549
-417.056
-415.731
-415.826
-415.876
-415.876
-416.11
-416.11
-416.11
-416.11
-415.939
-415.939
-416.261
-416.261
-418.327
-416.714
-416.134
-416.134
-416.134
-416.333
-415.941
-416.052
-415.843
-418.232
-416.48
-418.39
-418.615
-416.111
-416.111
-416.111
-424.064
-416.439
-415.757
-415.757
-416.547
-416.268
-417.987
-417.987
-418.232
-417.848
-417.848
-418.836
-418.006
-416.846
-424.795
-421.376
-421.535
-421.535
-415.805
-416.326
-416.326
-416.074
-417.311
-415.994
-415.994
-415.994
-417.305
-417.091
-417.091
-417.091
-416.418
-416.418
-416.418
-416.418
-417.892
-419.133
-418.092
-418.092
-416.179
-416.179
-416.179
-417.651
-417.651
-418.079
-416.938
-416.938
-417.555
-416.938
-416.192
-415.966
-418.036
-419.26
-416.933
-416.238
-418.431
-416.871
-416.268
-416.268
-416.55
-418.543
-418.543
-416.354
-416.354
-416.035
-418.742
-418.742
-416.561
-415.92
-415.92
-415.92
-415.92
-416.976
-416.535
-416.535
-416.455
-417.1
-417.1
-418.043
-419.149
-416.049
-416.049
-417.307
-416.608
-418.334
-417.263
-420.367
-417.977
-417.437
-416.815
-417.489
-419.856
-420.201
-419.731
-417.808
-417.808
-415.975
-415.975
-415.975
-417.38
-416.085
-415.996
-415.996
-415.996
-415.996
-415.996
-416.387
-416.259
-416.259
-416.164
-416.164
-417.035
-417.035
-417.035
-418.485
-418.485
-416.197
-416.197
-416.197
-417.137
-417.137
-416.09
-416.09
-416.09
-416.946
-416.017
-416.017
-417.199
-417.275
-416.064
-416.064
-419.397
-419.637
-419.744
-418.954
-416.316
-416.316
-416.316
-416.316
-415.825
-415.825
-416.116
-416.064
-416.47
-416.793
-415.813
-415.813
-416.602
-416.032
-417.172
-416.047
-416.458
-416.458
-419.083
-419.083
-420.636
-419.591
-418.302
-416.585
-416.037
-416.037
-416.037
-418.4
-418.4
-415.953
-417.632
-416.895
-416.149
-418.119
-419.895
-418.62
-421.924
-419.914
-421.991
-423.005
-417.488
-417.488
-417.488
-419.222
-415.748
-418.27
-418.201
-417.199
-417.199
-417.199
-418.057
-416.851
-417.686
-419.724
-419.687
-416.995
-416.327
-416.033
-415.84
-415.84
-415.893
-416.399
-417.532
-417.532
-417.383
-416.428
-415.879
-420.051
-415.851
-415.847
-415.851
-415.851
-415.851
-415.851
-415.851
-416.262
-416.262
-416.262
-416.011
-416.011
-416.011
-416.011
-416.011
-416.011
-416.079
-416.011
-416.011
-415.865
-416.73
-415.991
-416.011
-416.011
-416.011
-416.194
-416.864
-416.864
-416.864
-416.864
-416.678
-416.864
-417.042
-416.194
-417.03
-417.03
-416.721
-416.555
-418.23
-418.113
-418.113
-418.706
-417.972
-418.042
-416.259
-417.658
-416.538
-416.538
-416.046
-416.03
-423.622
-416.177
-416.021
-417.108
-417.27
-418.322
-417.847
-417.847
-417.847
-416.689
-416.43
-416.909
-416.577
-415.874
-415.964
-416.544
-417.139
-417.139
-415.824
-416.864
-416.608
-416.629
-415.786
-415.941
-415.805
-415.805
-415.762
-415.762
-416.388
-416.388
-415.879
-417.826
-418.023
-416.144
-417.872
-417.815
-416.334
-416.334
-416.334
-416.298
-416.298
-416.298
-416.56
-416.56
-416.56
-416.56
-415.968
-417.639
-416.129
-420.371
-416.208
-416.062
-416.062
-416.824
-416.098
-415.794
-415.794
-416.779
-416.314
-416.314
-418.764
-417.874
-417.874
-418.563
-416.784
-418.419
-416.061
-416.061
-416.099
-416.983
-416.019
-419.232
-415.722
-415.722
-415.722
-415.722
-415.722
-415.722
-416.923
-415.722
-416.625
-415.722
-415.722
-419.617
-419.778
-422.927
-421.824
-420.005
-418.352
-417.177
-417.16
-415.948
-415.942
-415.942
-415.809
-415.809
-415.809
-416.219
-416.219
-416.873
-416.522
-417.372
-416.216
-416.182
-418.364
-418.233
-417.067
-419.305
-419.471
-418.545
-418.687
-417.643
-417.643
-418.78
-418.78
-416.745
-416.147
-415.838
-416.836
-416.836
-416.836
-416.468
-416.366
-416.366
-415.783
-415.783
-415.783
-416.427
-417.154
-416.366
-416.465
-415.976
-416.138
-420.239
-416.21
-416.19
-416.19
-416.323
-416.323
-417.063
-415.844
-415.844
-416.253
-417.575
-415.879
-415.879
-415.879
-415.919
-417.619
-417.288
-416.792
-416.792
-416.792
-416.325
-416.644
-415.885
-415.885
-415.885
-416.112
-416.106
-415.715
-415.715
-415.715
-416.018
-415.821
-417.047
-417.679
-417.254
-416.301
-415.882
-416.351
-415.882
-415.882
-415.882
-415.882
-415.882
-417.071
-416.271
-416.271
-420.26
-415.805
-415.805
-416.905
-416.64
-417.723
-417.923
-416.252
-417.442
-417.442
-417.442
-418.328
-418.328
-417.442
-417.442
-417.442
-417.442
-415.963
-416.007
-416.306
-416.306
-416.3
-416.3
-416.874
-415.85
-415.85
-415.85
-415.87
-417.354
-415.836
-415.936
-415.936
-416.78
-415.963
-415.963
-420.311
-416.376
-416.376
-416.376
-416.153
-416.153
-416.102
-415.836
-416.095
-417.076
-417.076
-416.22
-416.699
-416.699
-418.187
-419.156
-415.85
-415.85
-415.848
-416.281
-416.833
-416.291
-416.622
-416.291
-416.165
-416.165
-416.291
-416.291
-417.131
-417.131
-417.131
-421.304
-420.649
-420.93
-418.771
-416.258
-416.288
-416.288
-418.866
-420.863
-416.777
-417.366
-417.388
-419.21
-418.116
-425.061
-424.933
-416.722
-415.792
-416.573
-415.792
-415.792
-420.223
-416.408
-416.408
-416.408
-416.959
-415.942
-416.317
-416.317
-416.317
-419.867
-419.031
-418.837
-417.711
-418.324
-418.324
-418.948
-416.065
-416.065
-416.065
-416.228
-416.373
-415.884
-420.007
-420.007
-420.007
-418.793
-417.396
-417.396
-417.396
-415.93
-415.93
-416.605
-416.684
-419.339
-421.286
-418.591
-416.245
-418.278
-419.154
-419.154
-419.154
-415.938
-416.053
-416.053
-417.854
-416.506
-416.514
-416.514
-416.514
-416.514
-419.621
-417.64
-417.147
-417.147
-418.087
-417.256
-417.119
-416.016
-416.147
-417.776
-416.907
-416.907
-415.98
-416.561
-416.142
-416.245
-417.302
-417.302
-427.795
-422.431
-416.574
-415.8
-417.634
-415.817
-415.817
-416.522
-416.522
-416.772
-421.893
-418.591
-418.354
-415.912
-418.354
-415.757
-418.546
-418.546
-416.259
-416.493
-417.503
-418.915
-418.868
-416.913
-416.736
-416.072
-416.101
-415.844
-416.451
-416.367
-416.781
-416.079
-415.728
-415.728
-415.872
-416.486
-416.272
-416.59
-415.954
-416.567
-416.3
-417.892
-416.368
-416.168
-416.168
-416.83
-416.508
-416.508
-416.168
-416.254
-416.254
-416.168
-416.046
-417.667
-417.667
-417.667
-420.711
-418.785
-418.819
-416.175
-416.175
-419.44
-419.566
-417.319
-417.319
-416.411
-417.31
-419.245
-415.824
-415.824
-415.824
-417.169
-417.169
-415.802
-415.847
-415.784
-417.335
-417.335
-417.335
-416.228
-416.228
-416.228
-416.869
-416.869
-416.228
-416.228
-416.228
-416.559
-416.762
-416.762
-417.127
-418.744
-416.237
-416.293
-416.028
-416.273
-416.273
-416.171
-416.171
-416.171
-419.412
-418.4
-418.724
-418.865
-417.686
-418.954
-417.143
-417.487
-419.082
-417.855
-416.341
-422.324
-418.809
-416.133
-417.082
-417.082
-417.082
-417.082
-417.426
-416.616
-417.304
-416.41
-416.674
-416.674
-416.41
-416.933
-416.194
-416.194
-415.818
-419.807
-417.462
-416.039
-418.671
-416.258
-415.919
-415.919
-415.964
-415.964
-416.56
-416.376
-415.754
-415.754
-415.773
-415.773
-415.773
-415.773
-416.673
-417.73
-417.761
-416.087
-415.991
-416.958
-417.722
-416.993
-417.38
-416.306
-417.194
-416.064
-416.262
