ip_ml_16_rawLogTarget_unified = zeros(1000,1);
ip_ml_16_rawLogTarget_unified = [-123.088
-123.103
-122.218
-122.579
-120.475
-121.034
-121.037
-120.859
-120.089
-120.487
-120.431
-123.489
-123.484
-120.388
-122.424
-122.147
-122.75
-120.975
-119.942
-115.966
-118.815
-117.819
-119.226
-120.53
-120.53
-113.237
-112.978
-113.237
-113.237
-114.351
-114.351
-113.237
-113.237
-113.237
-113.237
-113.237
-113.237
-113.237
-113.237
-113.237
-113.237
-112.818
-113.237
-113.237
-113.202
-113.202
-115.093
-115.093
-115.093
-115.093
-115.326
-115.326
-115.093
-115.093
-113.759
-113.759
-112.373
-113.759
-113.759
-113.759
-113.759
-118.078
-118.078
-117.463
-116.261
-116.261
-116.961
-116.961
-116.961
-115.772
-115.772
-115.772
-113.438
-113.438
-113.438
-113.438
-123.01
-113.114
-113.114
-113.114
-113.399
-112.241
-112.526
-115.491
-115.491
-115.491
-112.205
-112.205
-116.467
-117.274
-112.246
-112.246
-112.246
-112.457
-112.457
-112.457
-113.397
-117.507
-118.64
-117.507
-114.41
-117.507
-119.455
-119.229
-115.318
-115.583
-113.334
-114.662
-114.662
-114.662
-114.662
-114.994
-116.354
-114.491
-114.491
-114.705
-115.154
-114.854
-117.912
-114.854
-116.237
-116.906
-114.861
-114.838
-115.618
-115.618
-114.838
-113.555
-113.555
-116.271
-115.601
-115.469
-115.457
-115.457
-116.789
-116.789
-116.789
-116.789
-116.12
-116.12
-115.093
-115.093
-115.093
-115.093
-115.093
-115.093
-112.898
-116.423
-116.423
-115.093
-115.093
-114.835
-115.093
-115.093
-115.093
-114.983
-113.093
-113.093
-113.69
-113.694
-113.836
-113.369
-115.892
-114.609
-113.055
-113.286
-113.286
-115.867
-115.867
-115.867
-115.867
-115.965
-113.194
-113.194
-113.212
-113.212
-112.481
-117.228
-117.228
-117.228
-117.228
-119.905
-118.939
-118.939
-115.243
-115.243
-115.278
-115.093
-116.092
-115.093
-116.299
-116.299
-116.299
-115.745
-114.693
-114.693
-114.693
-112.721
-114.693
-114.693
-114.693
-114.693
-114.693
-115.716
-115.716
-113.722
-115.363
-115.363
-115.363
-114.957
-114.946
-114.946
-113.52
-113.52
-113.52
-114.526
-114.526
-115.163
-114.526
-121.677
-118.229
-118.229
-112.498
-123.685
-122.256
-124.916
-113.86
-113.86
-114.883
-114.883
-114.883
-112.934
-112.934
-115.093
-115.093
-115.157
-115.093
-114.953
-115.629
-115.162
-116.655
-114.05
-116.037
-118.641
-115.143
-114.66
-112.78
-113.22
-112.496
-115.029
-113.86
-113.86
-112.871
-112.871
-113.86
-113.86
-114.639
-114.228
-113.694
-113.694
-112.994
-113.829
-113.892
-113.89
-113.89
-115.093
-115.093
-115.093
-113.863
-116.326
-116.326
-116.326
-116.326
-117.72
-117.72
-115.163
-116.471
-116.471
-115.143
-113.813
-113.22
-113.22
-113.053
-113.325
-113.325
-118.184
-116.559
-113.957
-114.442
-113.687
-113.686
-113.686
-113.686
-113.686
-113.687
-117.364
-116.452
-116.847
-117.333
-114.553
-114.775
-114.775
-114.068
-114.449
-115.947
-115.947
-115.937
-118.339
-118.722
-115.947
-118.595
-118.595
-117.456
-117.456
-114.048
-114.048
-116.165
-115.073
-114.827
-114.827
-114.827
-114.827
-116.911
-116.911
-116.911
-116.191
-116.275
-116.275
-113.965
-113.965
-113.965
-115.796
-115.796
-115.796
-113.291
-113.291
-113.291
-113.291
-113.291
-113.291
-121.684
-114.15
-114.15
-114.15
-114.15
-114.15
-113.836
-116.323
-115.216
-113.802
-116.757
-117.46
-114.999
-114.999
-115.768
-115.855
-114.294
-115.341
-115.341
-115.341
-114.294
-112.879
-112.879
-114.992
-112.827
-112.827
-115.277
-114.296
-114.294
-112.887
-112.887
-112.887
-112.887
-112.252
-112.887
-112.887
-112.887
-113.61
-113.61
-115.424
-115.424
-114.342
-114.342
-115.617
-113.793
-113.938
-115.177
-115.177
-116.352
-115.784
-115.712
-113.132
-112.36
-112.187
-116.415
-117.653
-115.763
-119.461
-119.461
-116.101
-115.731
-114.804
-114.804
-116.495
-116.495
-117.35
-114.713
-115.905
-116.401
-116.401
-114.966
-114.966
-114.966
-121.697
-119.755
-121.589
-117.221
-115.788
-115.788
-117.299
-117.165
-119.601
-116.982
-118.298
-117.836
-113.413
-113.413
-113.412
-113.412
-115.261
-113.183
-113.183
-113.183
-115.716
-115.716
-114.196
-114.196
-114.196
-114.82
-114.82
-114.179
-114.179
-114.867
-114.867
-114.216
-112.809
-112.809
-112.809
-113.4
-113.4
-116.002
-114.322
-115.093
-115.428
-115.093
-114.227
-114.227
-115.469
-112.985
-112.985
-112.985
-118.336
-118.336
-118.067
-116.443
-117.114
-117.651
-116.738
-113.385
-113.385
-113.385
-113.861
-113.926
-114.402
-114.402
-115.925
-117.019
-115.925
-115.925
-117.103
-116.43
-116.43
-116.43
-113.982
-114.821
-113.982
-113.982
-114.543
-113.982
-113.982
-117.741
-118.13
-116.649
-116.811
-116.811
-115.049
-117.06
-117.06
-116.649
-116.649
-118.555
-118.925
-115.093
-115.093
-115.093
-114.987
-114.987
-112.382
-112.382
-112.382
-112.554
-112.554
-112.554
-113.243
-113.243
-113.243
-113.041
-113.041
-113.041
-113.383
-113.383
-113.383
-115.295
-115.295
-115.136
-115.136
-115.174
-114.297
-114.297
-112.69
-115.093
-114.972
-116.125
-116.125
-114.073
-113.926
-114.073
-114.118
-116.479
-114.778
-113.922
-114.491
-114.491
-113.627
-113.627
-115.535
-113.293
-114.766
-114.766
-116.83
-116.289
-113.855
-112.488
-114.218
-114.218
-113.855
-114.564
-114.564
-114.886
-114.886
-113.802
-114.886
-114.591
-114.531
-114.571
-114.185
-115.47
-114.185
-113.544
-114.185
-114.185
-114.827
-114.827
-114.827
-119.521
-114.432
-114.432
-114.432
-114.432
-114.432
-114.432
-114.432
-115.093
-115.093
-113.644
-113.644
-113.545
-113.644
-113.644
-114.564
-116.122
-114.564
-114.564
-114.564
-114.564
-114.078
-114.078
-114.111
-116.327
-114.111
-114.111
-114.111
-115.269
-116.52
-114.634
-114.634
-114.634
-114.634
-116.104
-116.104
-115.697
-114.277
-114.104
-115.334
-114.104
-114.104
-113.49
-113.49
-113.49
-113.49
-113.93
-115.093
-115.478
-115.478
-115.478
-115.478
-117.211
-114.07
-114.43
-112.952
-112.952
-115.093
-114.404
-115.189
-115.189
-113.952
-113.952
-115.093
-113.978
-114.923
-114.923
-114.223
-114.223
-114.223
-114.223
-115.33
-115.33
-115.33
-114.145
-114.145
-114.145
-114.421
-113.978
-113.978
-113.978
-112.85
-114.269
-112.85
-112.85
-115.695
-115.746
-116.455
-116.455
-116.455
-116.471
-116.471
-115.093
-115.028
-114.765
-113.884
-114.721
-115.321
-115.321
-117.915
-115.793
-113.451
-113.451
-113.451
-113.451
-113.451
-113.451
-112.455
-112.455
-112.455
-113.451
-113.451
-113.451
-114.452
-118.267
-113.514
-113.514
-113.295
-114.011
-114.011
-119.534
-116.031
-116.031
-119.659
-116.553
-116.553
-116.671
-113.71
-112.701
-115.261
-115.261
-115.261
-116.265
-114.949
-118.297
-115.212
-121.291
-117.027
-116.633
-116.73
-115.72
-114.461
-114.461
-114.461
-115.485
-117.116
-119.45
-119.45
-118.78
-117.551
-114.647
-114.647
-116.564
-114.594
-115.147
-115.147
-115.147
-115.147
-115.328
-115.328
-115.328
-114.072
-114.072
-115.362
-116.132
-115.881
-115.886
-114.714
-114.714
-115.139
-113.503
-115.754
-114.943
-114.943
-114.334
-114.334
-126.292
-122.21
-123.794
-124.795
-120.114
-123.954
-113.868
-113.868
-115.069
-115.069
-121.994
-116.214
-116.418
-116.151
-116.613
-114.696
-115.829
-114.279
-113.616
-116.337
-116.337
-114.544
-116.337
-112.909
-113.238
-113.238
-113.242
-113.242
-113.242
-113.242
-113.242
-113.242
-113.242
-113.065
-112.835
-112.835
-112.835
-114.864
-114.529
-112.889
-112.889
-114.182
-113.065
-113.065
-113.413
-113.413
-113.413
-112.233
-114.329
-114.329
-113.303
-113.303
-116.266
-115.093
-115.093
-115.093
-115.093
-115.093
-115.093
-115.093
-113.234
-113.234
-113.234
-115.093
-115.965
-113.222
-113.464
-117.412
-116.664
-115.484
-115.311
-119.841
-116.587
-116.373
-116.373
-116.373
-115.093
-115.128
-115.093
-115.093
-115.093
-115.093
-116.945
-114.187
-115.093
-115.093
-115.093
-114.384
-115.231
-114.384
-117.892
-117.892
-116.74
-120.597
-118.281
-118.912
-115.198
-115.198
-116.599
-117.275
-116.214
-116.954
-117.59
-116.901
-116.901
-114.044
-115.688
-115.688
-117.24
-116.175
-118.652
-119.726
-120.347
-118.277
-113.437
-113.437
-115.093
-115.093
-115.093
-115.093
-115.093
-115.093
-113.395
-114.685
-115.093
-116.133
-116.133
-116.872
-116.872
-113.528
-113.528
-113.528
-113.528
-113.528
-113.528
-113.528
-113.528
-115.034
