ip_ml_3_rawChain_unified = zeros(1000,3);
ip_ml_3_rawChain_unified = [9.1929185262539228e+00 3.8833577320298405e+00 5.2915787857095109e-01 
9.1900673618047719e+00 4.6988175498935592e+00 4.8101688141930532e-01 
8.1201023135155125e+01 4.3452038428126434e+00 9.5539347597830182e-01 
6.9224907543434668e+01 5.7405968983771700e+00 7.0426914747467606e-01 
9.0003107132669882e+01 4.9899642060211740e+00 9.5826917022027280e-01 
9.0003107132669882e+01 4.9899642060211740e+00 9.5826917022027280e-01 
8.5515340453353261e+01 4.4796954591212739e+00 7.8655430892404399e-01 
2.4274587818420599e+01 3.1751441300862777e+00 7.8338842149362209e-01 
4.2494292106771283e+00 3.3584942155439905e+00 7.3146159738606609e-01 
2.0464833445524038e+00 3.0299584793500145e+00 8.5900775883262859e-01 
2.0464833445524038e+00 3.0299584793500145e+00 8.5900775883262859e-01 
2.1748817268416984e+00 1.1830883483285606e+00 4.9438828894374998e-01 
4.1316983742367512e+01 8.0832077959625277e+00 7.6401855426765952e-01 
8.9045960663565637e+01 9.7642541107313292e+00 5.4927688953779974e-01 
8.6806114603891501e+01 7.4669854729527367e+00 7.5714935107417247e-01 
3.8830550644122489e+01 6.7267522882869475e+00 5.4422917591794584e-01 
1.3474728264652621e+01 3.0715892884956557e+00 3.3670984616932104e-01 
1.3474728264652621e+01 3.0715892884956557e+00 3.3670984616932104e-01 
4.4791291122342209e+01 9.0778810333668183e+00 8.0925137200698083e-01 
7.3887341310347708e+01 8.9883184656297601e+00 9.5732496766752329e-01 
3.9819054325392344e+01 8.4423281885330717e+00 1.1888748933406610e+00 
3.9819054325392344e+01 8.4423281885330717e+00 1.1888748933406610e+00 
9.1558431944918652e+01 4.3778484237246680e+00 5.3173002640780975e-01 
4.8164309455278129e+01 5.1928601100574729e+00 3.2491755694814428e-01 
7.2660733325692149e+01 7.7221740479878394e+00 9.1861349144550752e-01 
7.6057048955883218e+01 7.3386197062669236e+00 1.0095661128145346e+00 
2.4512134069913820e+01 9.2447255566368423e+00 6.6049316169208017e-01 
2.4512134069913820e+01 9.2447255566368423e+00 6.6049316169208017e-01 
4.9336490549666728e+01 4.9168935618889629e+00 4.3397777098238494e-01 
4.9336490549666728e+01 4.9168935618889629e+00 4.3397777098238494e-01 
8.4125898842470235e+01 7.4943989921650775e+00 1.0923383244652651e+00 
5.5021178798283700e+01 6.5502815495693882e+00 7.4053282847180690e-01 
2.0155224157108648e+01 3.6159233132681914e+00 6.6770530169068820e-01 
7.3092107449777643e+01 8.7566682370589639e+00 4.4718120170969899e-01 
7.1821207369763428e+01 8.5667044779446471e+00 2.6875169463285309e-01 
8.2520846144777877e+01 7.5262872060017783e+00 3.2991033559797417e-01 
1.9215740784637461e+01 4.8461418279309294e+00 2.3417113434233033e-01 
1.9215740784637461e+01 4.8461418279309294e+00 2.3417113434233033e-01 
4.8244439615588050e+01 8.7641495409765646e+00 2.1602565650654276e-01 
9.1079577335226844e+01 5.9021820560938298e+00 6.1915810394147841e-01 
9.1079577335226844e+01 5.9021820560938298e+00 6.1915810394147841e-01 
4.5291239657021521e+01 5.5939760126481470e+00 6.0368647764772909e-01 
7.0449472109608934e+01 6.5565061474698156e+00 1.1811600563393723e+00 
4.4520026728156317e+01 6.2786606394047011e+00 1.1362087209182157e+00 
5.8295890756542832e+01 8.2527532099925835e+00 1.0566548277158159e+00 
5.8295890756542832e+01 8.2527532099925835e+00 1.0566548277158159e+00 
3.9000754987537860e+01 7.3924107366649343e+00 8.1163808373510693e-01 
1.5508377592072087e+01 3.2992832520390638e+00 5.4133041466083109e-01 
1.5508377592072087e+01 3.2992832520390638e+00 5.4133041466083109e-01 
1.5508377592072087e+01 3.2992832520390638e+00 5.4133041466083109e-01 
1.5508377592072087e+01 3.2992832520390638e+00 5.4133041466083109e-01 
1.5508377592072087e+01 3.2992832520390638e+00 5.4133041466083109e-01 
1.5508377592072087e+01 3.2992832520390638e+00 5.4133041466083109e-01 
7.7351973732443767e+01 8.5423474682051079e+00 1.1904169329997791e+00 
5.8251379750007807e+01 6.3615672341169889e+00 1.1669210226211173e+00 
5.8251379750007807e+01 6.3615672341169889e+00 1.1669210226211173e+00 
5.8251379750007807e+01 6.3615672341169889e+00 1.1669210226211173e+00 
2.8631954740311944e+01 7.5543850448623573e+00 7.0489989890851557e-01 
5.6058550971201655e+01 3.1226509356539460e+00 4.5888663977134092e-01 
7.3073625025054938e+01 3.6241506343044021e+00 7.1796481544688184e-01 
7.5995771466144832e+00 3.3362189583652495e+00 3.7192411741661713e-01 
8.9455068121075065e+00 4.6970879365551141e+00 5.3949196066147587e-01 
8.9455068121075065e+00 4.6970879365551141e+00 5.3949196066147587e-01 
8.3865931189034782e+01 5.9542037696714312e+00 1.1443502012220208e+00 
9.6984934679090443e+01 6.1937055728542267e+00 9.2935803350123147e-01 
9.6984934679090443e+01 6.1937055728542267e+00 9.2935803350123147e-01 
9.1385641745626486e+01 5.5070549807449947e+00 1.1313939709935574e+00 
7.8931194668598081e+01 7.3474757568389464e+00 1.1843434126377446e+00 
1.5883928660812582e+01 6.0392215465167656e+00 2.9016884647766272e-01 
4.0568319389540079e+01 5.4494823712264466e+00 1.1772963289149099e+00 
4.0568319389540079e+01 5.4494823712264466e+00 1.1772963289149099e+00 
4.0568319389540079e+01 5.4494823712264466e+00 1.1772963289149099e+00 
9.1211837067463478e+01 6.4121561236718936e+00 8.4076548781225158e-01 
9.1211837067463478e+01 6.4121561236718936e+00 8.4076548781225158e-01 
6.9537355310982917e+01 4.9818715426308495e+00 6.4743285876725065e-01 
6.4291656325306093e+01 6.2379533880156783e+00 8.8786041144579320e-01 
7.1838811577017353e+01 5.8167084720578472e+00 1.1733229253274473e+00 
7.1838811577017353e+01 5.8167084720578472e+00 1.1733229253274473e+00 
7.1838811577017353e+01 5.8167084720578472e+00 1.1733229253274473e+00 
4.3000251509946793e+01 6.8486670614555312e+00 8.6283779975411423e-01 
4.5063634879679043e+01 6.8782785467846193e+00 1.1094996531643941e+00 
8.3290327949300746e+01 8.6176114724744668e+00 9.7371520632095776e-01 
6.4640508172112504e+01 5.4882838202777879e+00 1.0120547170029766e+00 
9.9871040457861639e+01 4.3493070022765501e+00 6.2895345806101799e-01 
9.9871040457861639e+01 4.3493070022765501e+00 6.2895345806101799e-01 
9.9871040457861639e+01 4.3493070022765501e+00 6.2895345806101799e-01 
8.1064076187326265e+01 6.6339777009996581e+00 5.8025835938766346e-01 
1.8321087751553559e+01 2.3759542218278886e+00 3.3679793387239770e-01 
1.8321087751553559e+01 2.3759542218278886e+00 3.3679793387239770e-01 
1.8321087751553559e+01 2.3759542218278886e+00 3.3679793387239770e-01 
1.8321087751553559e+01 2.3759542218278886e+00 3.3679793387239770e-01 
1.8321087751553559e+01 2.3759542218278886e+00 3.3679793387239770e-01 
1.8321087751553559e+01 2.3759542218278886e+00 3.3679793387239770e-01 
1.8321087751553559e+01 2.3759542218278886e+00 3.3679793387239770e-01 
1.7698124430715012e+01 3.2383800536250775e+00 4.4645483431100053e-01 
1.7698124430715012e+01 3.2383800536250775e+00 4.4645483431100053e-01 
6.1433758776873127e+01 4.2723794360220797e+00 8.1374799819236499e-01 
6.1433758776873127e+01 4.2723794360220797e+00 8.1374799819236499e-01 
6.1433758776873127e+01 4.2723794360220797e+00 8.1374799819236499e-01 
9.0941153839339691e+01 6.2117609297157586e+00 1.0762023975983612e+00 
6.1433758776873127e+01 4.2723794360220797e+00 8.1374799819236499e-01 
2.8515439175217123e+00 1.7737362197674149e+00 9.9872711501966971e-01 
2.6261240380647489e+01 5.6053411868422636e+00 9.2966534749217855e-01 
2.6261240380647489e+01 5.6053411868422636e+00 9.2966534749217855e-01 
3.9878348075712424e+01 3.3577286143751612e+00 6.6027015497379260e-01 
3.9878348075712424e+01 3.3577286143751612e+00 6.6027015497379260e-01 
3.4092548728742116e+01 2.8804779375498337e+00 3.6491548939973545e-01 
5.3684529913234925e+01 5.7431492578714387e+00 8.4124237744975439e-01 
7.0579865560839394e+01 6.3958818392437866e+00 3.2782315765823622e-01 
7.0579865560839394e+01 6.3958818392437866e+00 3.2782315765823622e-01 
7.0579865560839394e+01 6.3958818392437866e+00 3.2782315765823622e-01 
7.9097428395820888e+00 8.9316816453046570e+00 9.7467755723712268e-01 
7.9097428395820888e+00 8.9316816453046570e+00 9.7467755723712268e-01 
