ip_ml_4_rawLogLikelihood_unified = zeros(1000,1);
ip_ml_4_rawLogLikelihood_unified = [-18.3413
-18.9442
-18.9442
-17.678
-17.678
-17.678
-17.5547
-17.5547
-18.829
-18.0145
-18.0145
-18.1425
-16.0184
-19.201
-19.3201
-19.1693
-19.1773
-17.6167
-19.2663
-19.3006
-18.7332
-18.7332
-18.7331
-18.7331
-17.5698
-18.4203
-19.2536
-18.4633
-19.3402
-19.3402
-19.3402
-19.1282
-19.2314
-19.2314
-17.2222
-17.5044
-19.0996
-19.0996
-19.1352
-19.3532
-18.6041
-17.6429
-17.6429
-18.0385
-18.0385
-19.0496
-19.126
-19.2096
-17.2768
-17.2768
-18.3892
-19.1299
-17.2768
-17.2768
-17.2768
-17.2768
-17.2768
-17.6228
-19.199
-19.3135
-19.3135
-19.3135
-18.3234
-18.3234
-18.3234
-18.5915
-18.1131
-17.5442
-17.9135
-17.9135
-18.0127
-18.0127
-17.4902
-17.4902
-17.4902
-17.4902
-18.3185
-18.9627
-18.9627
-17.8624
-18.1795
-17.5856
-17.5856
-17.5856
-17.4909
-17.4909
-17.5856
-17.5856
-18.2847
-18.2847
-19.1273
-19.0085
-19.3281
-17.4857
-17.4857
-17.5684
-17.5684
-18.332
-18.332
-19.176
-17.4158
-17.4158
-17.4158
-17.3956
-17.3956
-17.3956
-19.0857
-18.772
-18.772
-18.772
-17.4243
-17.4243
-17.4243
-17.4243
-17.4243
-17.4243
-17.4243
-18.9438
-17.4243
-18.4115
-18.4011
-17.1029
-17.1029
-17.3415
-17.3415
-17.6884
-17.7231
-17.4492
-18.1602
-17.6884
-16.3211
-16.3211
-18.0402
-18.0402
-17.1953
-17.1953
-18.3207
-17.3891
-19.2244
-19.2395
-18.1927
-19.3068
-17.4053
-17.4053
-18.6222
-18.6222
-19.0423
-19.3072
-17.5889
-17.5889
-16.1034
-17.4628
-18.542
-18.625
-18.5917
-17.9663
-19.2785
-19.3698
-18.0041
-19.0164
-19.201
-18.4243
-19.0659
-19.223
-19.2772
-18.474
-17.8821
-17.8821
-17.4775
-17.1
-17.1
-17.1
-17.1
-17.1
-17.1
-18.7189
-18.345
-19.2903
-19.2903
-19.3072
-18.0649
-18.6429
-17.4067
-17.4067
-17.4473
-18.6105
-19.3291
-17.4196
-19.1554
-17.3861
-17.3861
-17.4871
-17.4164
-18.4095
-17.3669
-17.3669
-17.3485
-18.7472
-17.9819
-17.115
-17.115
-17.115
-17.7779
-17.115
-17.115
-19.1244
-19.1537
-18.2395
-17.9138
-18.9607
-18.1677
-17.5607
-18.1677
-19.1491
-18.6526
-17.7289
-18.8459
-18.8459
-18.466
-17.5622
-17.4138
-18.3132
-18.0699
-17.5584
-17.5584
-19.072
-19.0147
-19.0147
-19.0147
-19.0326
-19.0326
-19.3636
-19.3636
-19.2659
-19.2659
-18.5103
-18.5103
-18.947
-18.947
-18.7903
-17.5505
-18.1614
-17.5098
-17.5098
-17.5098
-17.4931
-17.4931
-19.1005
-17.9202
-19.3533
-19.0215
-19.0215
-17.8945
-17.2132
-17.3607
-19.2891
-19.3489
-19.3547
-19.2852
-19.2852
-17.3916
-17.2239
-17.2239
-17.5895
-19.3079
-19.3079
-18.0309
-18.0309
-17.1356
-17.6176
-18.5849
-18.716
-19.1819
-19.3057
-19.3057
-17.5312
-17.5312
-17.5312
-17.5312
-17.5312
-19.0176
-19.3014
-19.0936
-17.8861
-17.8861
-17.4941
-17.4941
-17.4941
-17.4953
-17.4953
-17.4953
-17.4953
-17.4953
-17.4953
-19.3
-17.2885
-19.1849
-19.0993
-19.2596
-17.8419
-17.443
-17.8419
-17.8419
-17.525
-17.525
-18.1591
-18.1591
-17.525
-17.525
-17.5081
-18.7806
-18.7806
-18.1598
-17.5385
-17.5208
-18.9106
-18.0761
-18.5674
-18.1387
-18.1387
-17.4079
-17.6986
-17.6986
-17.4079
-17.4079
-19.2497
-18.17
-19.0985
-17.3963
-17.4968
-19.0741
-17.7559
-17.7559
-19.3305
-19.3305
-19.3835
-18.1218
-17.5248
-18.4263
-18.4263
-18.8595
-18.8595
-17.3938
-17.3795
-19.2349
-19.3458
-19.3458
-18.301
-18.301
-18.301
-17.7314
-18.301
-18.301
-19.2936
-19.2936
-18.6041
-18.6041
-19.2746
-19.2746
-18.7581
-18.7581
-17.8174
-17.8174
-19.2544
-17.2605
-18.5814
-17.3377
-17.4172
-17.8023
-18.4434
-17.5137
-17.5137
-17.9667
-17.9667
-17.8633
-17.8633
-17.6737
-17.6737
-17.6737
-17.2199
-17.9144
-17.9144
-17.9144
-17.9144
-18.0314
-17.5646
-17.5646
-19.352
-19.2116
-19.1212
-19.1406
-18.5678
-18.297
-18.1712
-17.8326
-21.062
-19.1918
-19.3497
-19.3841
-18.0161
-18.0161
-17.2932
-17.2932
-18.2047
-18.2047
-18.6041
-18.6041
-19.3126
-18.8709
-19.0362
-17.4662
-17.4662
-17.4662
-18.2297
-18.2297
-17.1974
-18.8299
-17.5991
-17.5133
-19.3435
-19.1519
-18.5031
-18.5031
-17.7332
-17.7332
-16.6698
-19.3054
-19.3054
-19.322
-19.1859
-19.2062
-17.3925
-17.8364
-17.8364
-17.8364
-17.3383
-19.329
-19.2201
-19.2201
-19.0666
-19.0666
-19.0666
-19.329
-18.2932
-18.4302
-18.8221
-17.9487
-17.9487
-18.9839
-19.1961
-17.26
-17.2469
-17.2469
-18.4296
-18.4296
-18.4112
-17.2469
-18.5221
-17.2469
-17.2469
-17.8887
-18.224
-17.7245
-17.5665
-17.3214
-17.3214
-17.504
-17.5486
-17.5486
-17.4774
-17.4774
-18.1477
-17.88
-18.3088
-18.3088
-18.3088
-18.3088
-19.3179
-19.3179
-19.3292
-18.0609
-19.3443
-18.4596
-18.4596
-17.2272
-17.3891
-17.0084
-17.7575
-19.1591
-18.2226
-17.2355
-17.2355
-18.5118
-19.3202
-18.1942
-17.3882
-19.3462
-17.3676
-18.1486
-17.9568
-17.3642
-17.3642
-18.5118
-18.5118
-18.5118
-18.8993
-18.8993
-19.2836
-19.2889
-19.3449
-18.5007
-18.5007
-18.5007
-18.3273
-18.7694
-19.3346
-17.0919
-17.0919
-17.0919
-17.0919
-17.1775
-17.1775
-17.1775
-17.2952
-17.2952
-19.094
-19.1027
-19.3534
-19.3043
-19.3512
-19.0264
-19.3303
-19.3167
-18.1625
-18.9587
-18.9587
-19.2633
-18.1062
-18.8549
-17.3538
-19.271
-17.3286
-18.1722
-18.1722
-18.4898
-19.3012
-19.3167
-19.3199
-18.0594
-19.0428
-17.9475
-19.3806
-19.3806
-17.6555
-17.6555
-17.6555
-18.006
-17.3119
-18.5397
-19.327
-17.8724
-18.2577
-18.2577
-17.8724
-18.7106
-17.4488
-17.7129
-18.4765
-18.4765
-19.3598
-18.0765
-19.0355
-19.0355
-18.2998
-18.2998
-17.4249
-17.4249
-17.3517
-17.5046
-17.6436
-19.2258
-19.2258
-18.8666
-18.1028
-18.1028
-17.8932
-19.3331
-19.3331
-18.365
-15.8547
-15.8547
-15.8547
-15.8547
-15.8547
-15.8547
-15.8547
-15.8547
-15.8547
-15.8547
-15.8547
-15.8547
-15.8547
-17.8718
-17.8718
-17.568
-17.5478
-17.4992
-17.4992
-17.5705
-17.5705
-17.5705
-17.5705
-17.5018
-17.5018
-17.2955
-17.2955
-18.6946
-17.9506
-17.4425
-18.4176
-18.1547
-18.7587
-18.342
-18.3462
-17.5948
-18.3462
-18.3462
-18.3462
-18.1347
-17.224
-19.1465
-19.1465
-19.1209
-17.2936
-18.8811
-15.9274
-17.8453
-19.2354
-17.4709
-18.0472
-17.5322
-17.5322
-19.1237
-18.2754
-18.2754
-19.1423
-19.0328
-19.1772
-17.7768
-19.2911
-19.465
-17.7352
-19.465
-19.465
-16.448
-16.448
-16.8207
-16.8207
-16.8207
-16.448
-16.448
-16.448
-16.448
-16.448
-16.448
-16.448
-16.448
-18.1067
-18.1067
-19.3428
-19.3243
-19.3243
-18.1067
-18.1067
-18.1571
-18.1571
-17.2506
-17.2506
-17.1363
-17.1363
-17.1363
-19.0053
-19.3261
-19.3261
-19.3206
-17.8886
-18.7874
-18.1366
-17.3799
-17.446
-17.6264
-17.9041
-17.9041
-17.9041
-19.3498
-19.341
-17.4401
-20.302
-18.8018
-18.8018
-17.685
-17.685
-17.685
-17.8259
-17.8259
-17.5542
-18.5732
-18.5732
-18.5732
-17.9614
-17.5207
-17.3381
-17.3381
-18.0516
-17.3179
-16.6631
-16.6631
-16.6631
-16.6631
-16.6631
-16.6631
-16.6631
-16.6631
-17.1987
-17.4647
-16.7939
-16.7939
-19.2707
-18.9044
-19.3486
-19.3486
-19.3486
-17.3986
-18.4335
-19.2846
-19.2868
-17.1483
-18.1882
-17.3446
-17.3446
-17.3421
-17.3421
-17.3421
-18.0275
-18.0275
-18.214
-18.5923
-17.9705
-17.6167
-21.2491
-17.547
-17.547
-19.3462
-19.3173
-19.1846
-17.6434
-18.9523
-17.3621
-19.1932
-18.4709
-19.1812
-18.169
-17.8096
-18.7588
-17.4206
-17.4279
-17.4279
-17.6552
-18.503
-18.4478
-19.3145
-18.5877
-19.2039
-19.2039
-19.2039
-17.1538
-17.1538
-18.5356
-17.5619
-17.365
-17.4869
-17.4869
-17.4869
-17.4869
-18.1777
-19.0518
-18.7848
-19.3475
-18.4728
-17.5893
-17.3299
-17.3299
-17.3299
-17.3299
-19.0622
-17.8
-17.9503
-19.2363
-18.8136
-18.3935
-18.2335
-17.7009
-17.7009
-18.3935
-19.3152
-19.3655
-21.594
-17.6817
-17.6817
-17.6817
-18.1765
-18.1765
-18.3338
-17.6894
-17.5061
-17.5061
-17.5061
-17.5061
-17.5061
-18.9538
-17.3691
-17.6061
-17.6061
-17.6061
-19.2921
-19.2995
-18.7512
-19.1111
-17.2961
-17.2961
-19.3788
-18.8507
-19.3011
-19.1693
-19.3431
-19.333
-17.8059
-17.8059
-17.8399
-17.8399
-17.8399
-18.0114
-19.1148
-18.8896
-18.0031
-18.4166
-18.9764
-19.3571
-17.9064
-18.3021
-17.5697
-17.7209
-17.7209
-18.9226
-18.407
-18.407
-18.407
-17.7387
-17.7387
-17.7387
-17.3825
-17.3694
-17.3694
-17.1697
-17.1697
-18.9197
-17.1697
-17.1681
-17.2171
-17.2171
-17.1681
-17.1681
-17.1681
-17.1681
-17.1681
-17.1681
-17.3694
-17.3979
-17.3979
-17.3393
-17.3393
-17.3393
-17.3393
-17.2911
-17.3393
-17.3393
-17.7658
-18.3143
-18.3143
-17.2196
-17.2196
-17.6206
