ip_ml_2_rawLogLikelihood_unified = zeros(1000,1);
ip_ml_2_rawLogLikelihood_unified = [-3.13894
-3.32127
-3.32127
-3.28677
-3.28677
-3.28677
-3.05341
-4.11222
-4.11222
-4.11222
-3.20847
-3.10492
-3.22241
-3.10492
-3.10492
-2.9305
-3.28607
-3.28251
-3.27762
-3.27762
-3.27762
-3.6941
-3.25517
-2.9948
-3.26813
-3.26813
-3.29801
-3.08523
-3.31604
-3.27033
-3.25315
-3.25315
-3.2554
-3.02522
-4.00013
-2.90982
-3.04662
-3.11716
-3.25697
-3.22428
-3.31282
-3.31282
-3.23977
-3.01493
-3.01493
-3.01493
-2.94969
-2.94969
-2.94969
-3.63658
-3.29924
-3.25259
-3.206
-3.22869
-3.30587
-3.30587
-3.29002
-3.00691
-3.18288
-3.22411
-3.15981
-3.30988
-3.17107
-3.21059
-3.21059
-3.30602
-3.30539
-3.301
-3.30633
-3.30474
-3.30474
-3.30474
-3.31227
-3.31227
-3.30576
-3.31262
-3.28182
-3.15319
-3.00496
-3.21972
-3.21972
-3.21972
-3.28983
-2.95676
-2.95676
-2.95676
-2.95676
-3.18142
-3.24207
-3.17154
-3.28572
-3.09806
-3.3385
-3.22929
-3.30497
-3.00252
-3.06573
-3.05528
-3.09011
-3.09011
-3.1454
-3.30208
-2.99328
-3.13504
-3.29908
-3.11124
-3.11124
-3.00961
-3.10395
-3.10395
-3.26677
-3.25312
-3.25312
-3.1129
-2.99577
-2.99577
-3.25278
-2.98201
-2.98201
-2.98201
-2.96784
-4.29336
-4.29336
-3.02719
-3.02719
-2.79319
-3.1354
-3.1354
-3.1354
-3.1354
-3.08495
-3.30417
-3.30417
-3.26873
-3.26873
-3.18701
-3.30423
-3.30423
-3.31591
-4.1866
-4.1866
-3.99314
-2.98486
-2.98486
-3.24962
-3.05013
-2.99166
-2.99166
-2.98313
-3.1847
-3.1847
-3.30595
-3.18857
-3.18749
-3.04605
-3.30923
-3.30303
-3.31174
-3.31039
-3.29737
-3.29583
-3.29583
-3.17414
-3.20993
-3.20993
-3.08123
-3.08123
-3.26802
-3.26802
-2.97076
-3.2838
-3.29959
-3.29959
-3.22152
-3.09199
-3.26295
-3.26295
-3.27275
-2.93984
-3.16165
-3.16165
-3.30755
-2.9265
-3.20664
-3.01467
-3.21978
-3.30565
-3.2893
-2.90353
-3.28063
-3.18839
-3.28596
-3.28596
-3.07358
-2.97546
-2.97217
-2.97217
-3.10408
-3.30763
-3.05327
-3.2084
-3.2084
-3.2084
-2.92907
-2.92907
-2.92907
-3.29961
-3.27797
-3.18672
-2.98417
-2.98417
-3.17018
-3.05958
-3.17018
-3.17713
-3.17713
-3.16029
-3.28623
-3.3155
-2.9802
-3.13413
-3.13413
-3.2795
-3.31029
-3.2731
-3.2731
-2.994
-2.994
-3.31357
-3.25724
-3.25724
-3.25724
-3.25724
-3.25724
-3.26636
-3.29926
-3.21786
-3.31389
-3.3048
-3.30452
-3.16786
-3.31402
-3.31309
-3.31309
-3.29207
-3.1697
-3.2973
-3.30785
-3.11032
-3.10814
-3.20382
-3.24327
-3.18509
-3.13537
-3.29955
-3.15541
-3.28147
-3.28147
-3.13258
-3.30436
-3.30436
-3.30436
-3.08582
-3.08582
-3.21883
-3.18062
-3.27808
-3.27808
-3.30294
-3.30294
-3.09362
-3.30357
-3.0003
-3.0003
-3.65087
-3.65087
-3.26732
-3.23304
-3.23304
-3.66697
-3.00767
-3.00767
-3.01077
-3.27435
-3.30589
-3.30589
-3.29645
-2.95876
-2.95876
-3.14709
-3.28544
-3.28544
-3.05347
-3.05347
-3.02811
-2.99924
-3.29986
-3.28942
-3.21412
-3.10788
-3.10788
-3.28659
-2.99852
-2.99852
-2.99852
-3.23636
-3.23984
-3.25592
-3.25592
-3.17764
-3.17764
-2.97919
-3.23291
-3.24819
-3.24819
-3.24819
-3.31677
-3.10961
-3.10961
-3.3101
-3.24076
-3.00177
-3.30468
-3.30033
-3.30823
-3.23633
-3.29156
-3.30281
-3.30281
-3.20147
-3.69805
-3.07627
-3.17599
-3.2328
-3.22788
-3.10137
-2.99919
-3.19764
-3.29187
-3.1778
-3.1778
-3.31084
-3.31084
-3.17436
-3.01929
-3.25538
-3.29792
-3.29867
-3.21026
-3.21026
-3.26815
-2.95189
-3.11781
-3.25991
-3.30433
-3.27987
-3.27987
-3.31285
-3.28739
-3.26094
-3.26094
-3.2981
-3.2981
-3.2981
-2.96773
-2.96773
-2.96773
-3.28362
-3.28366
-3.1564
-3.25804
-3.25804
-3.25804
-3.25804
-3.25804
-3.3067
-3.30925
-3.27517
-3.27493
-3.06588
-3.10238
-3.07486
-3.13179
-3.10238
-3.31891
-3.28788
-3.28788
-3.2879
-3.25217
-3.28622
-3.1777
-3.18611
-3.09357
-3.30529
-3.29928
-3.29928
-2.99816
-3.30316
-3.30316
-5.72963
-3.30967
-3.30294
-3.08328
-3.08328
-3.30517
-3.30267
-3.30153
-3.20265
-3.20265
-3.20918
-3.29808
-3.31372
-3.11983
-3.11983
-3.26341
-3.26284
-3.31133
-3.11679
-3.14291
-3.14291
-3.22304
-3.04358
-3.04358
-3.31647
-3.31398
-3.30507
-3.30507
-3.30836
-3.31019
-3.29759
-3.30416
-3.16663
-3.16663
-3.20642
-3.3065
-3.3065
-3.28696
-3.28696
-3.28696
-3.05252
-3.05252
-2.95074
-3.30798
-3.30895
-3.3032
-3.3032
-3.30798
-3.26699
-3.27907
-3.27907
-3.27907
-3.27907
-3.2623
-3.29755
-3.29785
-3.23396
-3.30038
-3.30038
-3.07175
-3.06248
-3.17967
-3.27667
-3.26292
-2.95164
-2.95164
-2.95164
-2.95164
-3.10257
-3.30434
-3.01572
-3.30494
-2.99108
-3.29388
-3.25236
-3.23592
-3.26526
-3.00992
-3.00992
-3.19815
-3.30799
-3.27006
-3.27006
-3.13337
-3.13337
-3.30607
-3.308
-3.308
-3.31263
-3.31263
-3.31263
-3.31324
-3.3106
-3.15918
-3.29741
-3.12555
-3.04229
-3.31377
-3.13652
-3.29283
-3.30594
-3.01514
-3.08298
-2.97171
-2.97171
-3.26887
-3.28245
-3.30343
-3.30343
-3.10047
-3.10047
-3.16143
-3.05764
-3.30112
-3.30112
-3.09641
-3.00008
-3.00008
-3.13653
-3.13653
-3.30893
-3.30893
-3.30893
-2.92511
-2.92511
-2.92511
-2.9331
-3.03324
-3.27838
-2.9331
-2.9331
-3.26776
-3.26776
-3.31069
-3.30484
-3.2788
-3.27923
-3.27923
-3.25618
-2.98818
-3.29584
-3.29584
-3.56009
-3.28535
-3.28535
-3.28535
-3.25946
-3.3082
-3.3082
-3.3082
-3.30995
-3.30492
-3.30827
-3.30827
-3.05701
-3.30568
-3.10834
-3.10834
-2.99423
-2.99423
-3.23694
-3.11955
-2.97494
-2.96416
-2.96994
-2.99365
-3.07639
-3.05493
-3.31017
-3.31017
-3.27505
-3.29054
-3.31028
-3.27586
-3.30909
-3.31078
-3.25505
-3.09069
-3.14746
-3.14746
-3.07154
-3.15377
-3.17406
-3.31691
-3.31691
-3.11731
-3.11731
-3.02157
-3.11148
-3.17289
-3.30947
-3.30947
-3.30915
-3.24556
-3.16208
-3.16208
-3.30947
-3.13693
-3.25774
-3.25774
-3.25774
-3.67046
-3.24721
-2.99574
-2.99574
-3.18292
-3.55085
-3.55085
-3.55085
-3.07899
-3.22884
-3.22884
-3.27905
-3.26164
-3.27156
-3.10437
-3.26749
-3.1809
-3.44419
-3.30868
-3.30868
-3.30868
-3.30868
-3.31411
-3.31411
-3.30796
-3.30796
-3.30796
-3.31539
-3.11891
-3.11891
-2.71338
-3.0066
-3.0066
-3.25526
-3.29885
-3.08749
-3.05952
-3.00702
-3.00702
-3.05952
-3.21056
-3.02191
-3.1994
-3.1994
-3.29949
-3.29657
-3.29254
-3.303
-3.25335
-3.152
-2.93997
-3.2869
-3.24898
-3.31117
-3.19848
-3.19372
-3.19372
-3.42875
-3.06048
-3.29751
-3.27674
-2.96149
-3.31111
-2.95964
-2.95964
-3.20034
-3.20034
-3.27167
-3.94161
-3.94161
-3.19055
-3.19055
-3.30169
-3.07157
-3.07782
-3.27284
-3.27284
-3.3003
-3.18112
-3.12622
-2.9405
-3.201
-3.201
-3.30889
-3.30244
-3.12766
-3.25529
-3.24912
-3.30699
-3.17924
-3.22173
-3.27128
-3.27128
-3.27128
-3.26011
-3.26011
-3.00533
-3.29446
-3.29446
-3.31466
-3.31466
-3.12196
-3.02949
-3.21642
-2.96982
-3.31422
-2.81491
-3.09879
-3.31034
-3.31034
-3.09879
-2.95512
-3.21552
-6.08076
-3.56555
-2.99708
-3.06147
-3.06147
-3.21529
-3.21529
-2.98538
-2.98538
-3.31153
-3.21137
-3.26541
-2.99381
-2.99381
-3.17862
-3.17862
-3.17862
-4.10394
-2.96725
-3.08936
-3.16351
-3.16351
-3.16351
-3.27801
-3.27801
-2.85174
-2.85174
-2.85174
-3.3152
-3.30661
-3.30269
-3.30269
-3.30475
-3.21586
-3.28829
-3.30074
-3.27391
-3.05502
-3.05502
-3.18101
-3.05927
-3.29519
-3.29519
-3.29519
-3.01776
-4.2787
-2.96219
-3.0278
-3.10596
-3.12143
-3.2435
-3.2435
-3.12651
-2.97136
-3.0464
-3.30607
-3.30607
-3.25489
-3.08912
-3.1801
-3.29175
-3.22116
-3.22116
-3.57473
-3.04795
-3.26022
-3.28094
-2.9799
-2.9799
-3.24191
-3.02152
-3.30549
-3.18111
-2.93571
-3.16788
-3.1722
-3.1722
-3.29514
-3.29428
-3.22817
-2.99271
-3.21484
-3.21484
-3.31114
-3.30766
-3.30766
-3.19724
-3.28895
-3.02845
-3.38196
-3.02845
-3.02845
-3.02845
-3.27706
-3.31256
-3.31377
-3.29879
-3.22996
-3.22996
-3.25296
-3.14787
-3.14787
-3.14787
-3.14787
-3.14787
-3.14787
-3.14787
-3.14787
-3.0852
-3.6956
-3.6956
-3.02605
-3.28331
-2.99599
-3.24376
-3.27277
-3.19811
-3.19811
-3.11134
-3.01311
-3.01311
-3.01311
-3.30166
-3.30292
-3.30292
-3.13532
-3.27459
-3.22857
-3.20908
-3.19624
-3.20294
-3.07603
-3.07603
-3.00598
-3.24377
-3.22022
-3.22022
-3.29148
-3.29148
-3.28063
-3.28063
-3.29832
-3.29944
-3.29944
-3.12379
-3.27394
-3.29557
-3.20208
-3.04731
-3.30889
-3.22775
-3.22775
-4.22205
-3.17263
-3.17263
-3.18022
-3.12595
-3.1279
-3.42336
-3.22864
-3.22864
-3.33466
-3.06451
-3.13223
-3.02849
-3.03276
-3.25455
-3.267
-3.23739
-3.15018
-3.15018
-3.15018
-3.12513
-3.2475
-3.2475
-3.2475
-2.97261
