ip_ml_10_rawLogTarget_unified = zeros(1000,1);
ip_ml_10_rawLogTarget_unified = [-55.3242
-50.4145
-50.0757
-50.0757
-49.985
-49.985
-49.985
-49.985
-50.0757
-50.0757
-50.0757
-50.0757
-50.0797
-50.0797
-50.0797
-50.0757
-50.0757
-50.0757
-50.0757
-50.0757
-50.0757
-50.0757
-50.0757
-50.0757
-50.0757
-50.0757
-50.0757
-50.0757
-49.973
-50.0757
-50.0757
-50.0757
-50.5734
-50.0757
-50.0757
-50.0757
-50.0757
-50.0757
-50.0757
-50.0757
-50.0757
-55.9857
-55.7241
-55.2654
-55.4169
-55.0832
-55.7471
-55.9693
-55.907
-55.0227
-55.9378
-55.5008
-57.3811
-57.0494
-55.3934
-55.2867
-55.975
-55.4953
-56.5033
-55.9016
-55.5896
-55.5408
-55.4309
-55.411
-56.027
-55.4357
-54.0321
-55.1412
-51.814
-52.3085
-54.6333
-54.1909
-53.3252
-50.7051
-50.7051
-50.7051
-51.1524
-50.2583
-50.2583
-50.0294
-51.1524
-50.2525
-51.0784
-51.0784
-50.2271
-51.1524
-51.1524
-51.1524
-51.1524
-51.1524
-51.9822
-51.1524
-51.1524
-51.1524
-51.1524
-51.1524
-51.1524
-51.1524
-51.1524
-51.1524
-52.3717
-52.3717
-51.5708
-50.482
-51.1524
-51.1524
-51.1524
-51.1524
-51.1524
-51.1524
-51.1524
-51.1524
-51.1524
-51.0098
-51.0098
-51.0098
-51.0098
-51.7343
-54.7572
-54.9204
-55.0851
-54.9426
-55.686
-56.1023
-56.4984
-55.5832
-60.6597
-53.8683
-54.3672
-54.8765
-54.1845
-54.549
-54.549
-55.2207
-55.0735
-55.028
-53.6284
-54.0678
-54.3777
-53.0591
-53.9445
-54.0315
-54.3556
-54.6314
-54.5224
-55.4166
-54.7421
-54.9653
-55.0904
-55.3932
-55.0533
-55.3579
-55.3953
-55.3524
-54.0778
-54.0025
-53.996
-53.996
-53.996
-54.8122
-55.8457
-56.1554
-54.5159
-54.4148
-54.8176
-55.0259
-53.3832
-53.2409
-54.7358
-54.7358
-55.6929
-56.7343
-57.3952
-54.6022
-49.4936
-49.4936
-49.4936
-49.4936
-49.4936
-52.6423
-52.6423
-49.334
-49.4936
-49.4936
-49.4936
-49.4936
-49.4936
-49.4936
-49.6893
-49.6893
-49.6893
-49.4936
-49.4936
-49.4936
-48.3056
-49.4936
-49.4936
-49.4936
-49.4936
-49.4936
-49.4936
-49.4936
-49.4936
-49.4936
-49.0472
-51.3878
-52.3924
-55.6733
-55.2108
-54.4408
-53.8241
-49.7521
-49.7521
-50.9605
-54.7715
-47.9692
-49.0401
-49.4936
-48.1213
-49.4936
-49.4936
-50.0217
-51.6018
-51.6018
-51.6018
-46.4745
-46.4745
-46.4745
-46.4745
-46.4745
-46.4745
-46.4745
-46.4745
-48.0186
-48.0186
-49.4936
-49.4936
-48.8926
-48.8926
-48.617
-47.4285
-47.5495
-47.5495
-47.5495
-49.7521
-49.7521
-52.9295
-53.0984
-51.6037
-54.0484
-54.2167
-56.512
-56.512
-55.855
-55.4792
-54.8171
-55.7381
-55.2119
-55.7067
-55.1089
-55.7477
-55.6491
-55.6688
-55.3079
-55.3089
-54.9026
-55.5515
-53.1776
-55.4569
-55.4569
-55.4063
-55.3865
-54.9159
-55.1503
-55.6702
-56.6379
-58.5427
-58.57
-54.5647
-54.4593
-59.9789
-55.7139
-55.8645
-55.7883
-55.3255
-55.5774
-54.9464
-55.7911
-52.3927
-52.3927
-52.3927
-52.3927
-52.3927
-52.3927
-52.3927
-50.656
-50.656
-50.656
-50.2125
-49.9211
-49.9211
-52.3927
-52.3927
-51.0125
-52.1192
-52.1192
-51.8428
-55.2392
-55.2392
-54.8248
-54.69
-55.4659
-54.4452
-55.5112
-53.4009
-53.3309
-57.7932
-56.8095
-54.5491
-54.7309
-53.5285
-52.9464
-54.981
-57.2736
-55.4838
-56.7458
-57.0204
-57.5027
-53.21
-53.21
-53.6489
-57.2217
-56.3133
-56.4782
-57.0786
-49.4936
-49.4936
-49.4936
-49.4936
-49.4936
-49.4936
-49.4936
-49.4936
-49.4936
-49.4936
-49.4936
-48.3056
-55.5088
-56.3615
-55.4822
-62.021
-55.1532
-55.31
-55.3383
-55.2881
-55.4632
-54.9326
-56.6619
-55.554
-55.7205
-55.9008
-52.3927
-50.7214
-50.7214
-51.5125
-51.5125
-51.5125
-56.2877
-54.5445
-54.8048
-54.4485
-55.2142
-50.0493
-50.0493
-50.0493
-50.0757
-50.0757
-53.9988
-52.9441
-49.4936
-49.4936
-49.4936
-49.4936
-49.4936
-48.7437
-48.7437
-51.9427
-51.9427
-46.4745
-46.4745
-46.4745
-46.4745
-46.4745
-49.4936
-49.4144
-49.4936
-49.4936
-48.9424
-49.4936
-49.4936
-49.4936
-49.4936
-48.0186
-48.0186
-48.0186
-48.0186
-48.0186
-48.0186
-48.0186
-48.0186
-49.4936
-49.4936
-49.4936
-49.4936
-49.4936
-49.4936
-49.8344
-49.8344
-50.933
-47.5495
-46.7471
-47.5495
-47.5495
-47.5495
-53.7995
-51.6179
-51.6732
-57.9143
-55.31
-51.6037
-53.1044
-53.4047
-49.0401
-49.0401
-49.0401
-49.4936
-54.8709
-52.7517
-49.4936
-49.4936
-49.4936
-49.4936
-49.4936
-49.4936
-51.5779
-51.5779
-46.4745
-46.4745
-46.4745
-46.4745
-46.4745
-46.4745
-46.4745
-46.4745
-50.7784
-48.0186
-48.0186
-48.0186
-46.8283
-46.8283
-46.8283
-49.4936
-49.4936
-49.4936
-48.6125
-48.6125
-49.4936
-49.4936
-49.4936
-47.5495
-47.5495
-47.5495
-47.5495
-47.5685
-47.5685
-55.5962
-51.6732
-53.6271
-50.6764
-50.6764
-46.4745
-47.1352
-46.4745
-48.0186
-50.8605
-49.4936
-49.4936
-48.8926
-49.5552
-47.4285
-50.3173
-47.5495
-47.5495
-47.5495
-49.7521
-52.9295
-53.8242
-54.8471
-51.6037
-53.1147
-47.9692
-47.9692
-47.9692
-47.9692
-47.9692
-49.0401
-49.0401
-49.0401
-48.754
-48.754
-48.754
-49.4936
-49.4936
-49.4936
-50.0217
-50.0217
-50.0217
-50.0217
-50.0217
-50.0217
-50.0217
-50.0217
-49.9685
-46.4745
-46.692
-46.692
-46.692
-46.4745
-46.4745
-46.4745
-46.4745
-46.4745
-46.4745
-46.4745
-46.4745
-46.4745
-46.4745
-46.4745
-46.4745
-46.4745
-46.4745
-46.4745
-46.4745
-46.4745
-46.4745
-46.4745
-46.4745
-46.4745
-46.4745
-46.4745
-46.4745
-46.4745
-46.4745
-46.4745
-46.4745
-46.4745
-46.4745
-46.4745
-46.4745
-46.4745
-46.4745
-46.4745
-46.4745
-46.4745
-46.4745
-46.4745
-46.4745
-46.4745
-46.4745
-46.4745
-46.4745
-47.0103
-46.4745
-46.4745
-46.4745
-46.4745
-46.4745
-46.4745
-46.4745
-46.4745
-46.4745
-46.4745
-46.4745
-46.4745
-46.4745
-46.4745
-46.4745
-49.4936
-49.4936
-49.4936
-49.4936
-49.4936
-49.4936
-48.0186
-48.0186
-48.0186
-48.0186
-48.0186
-48.0186
-48.0186
-49.0296
-49.0296
-49.0296
-49.0296
-49.0296
-49.0296
-50.3263
-51.2623
-49.0296
-49.0296
-48.8926
-48.8926
-48.8926
-48.8926
-49.6963
-49.6963
-49.4936
-49.4936
-49.4936
-49.4936
-49.4936
-49.4936
-47.5495
-47.5495
-47.5495
-47.5495
-47.5495
-48.7612
-48.7612
-47.4285
-47.4285
-47.5495
-47.5495
-47.5495
-47.5495
-47.5495
-47.5495
-47.5495
-47.5495
-47.5495
-47.5495
-47.8715
-47.8715
-47.8715
-47.8715
-47.8715
-47.8715
-47.5495
-47.5495
-48.9121
-48.9121
-47.3825
-47.3825
-47.5495
-47.7856
-47.7856
-47.5495
-47.5495
-47.5495
-47.5495
-47.5495
-47.5495
-49.7521
-49.7521
-48.4055
-48.4055
-48.4055
-48.4055
-48.4055
-52.9142
-52.9142
-48.4055
-48.4055
-53.9792
-54.5247
-51.6037
-51.6037
-51.6037
-53.3151
-51.6037
-51.6037
-51.6037
-51.6037
-51.6037
-51.6037
-51.6037
-51.4138
-51.4138
-51.6037
-51.6037
-51.0926
-51.0926
-51.6037
-51.6037
-51.6037
-51.6037
-51.6037
-51.6037
-51.6037
-52.1991
-52.1991
-52.1531
-52.1531
-51.6037
-51.6037
-51.6037
-51.6037
-51.6037
-51.6037
-51.6037
-56.8593
-54.7026
-54.7026
-49.4866
-55.0427
-54.4896
-55.5923
-52.369
-52.0529
-52.0603
-52.0603
-52.0603
-51.8459
-51.8459
-62.3181
-51.813
-55.0507
-53.9536
-53.9536
-53.8012
-53.8012
-55.3472
-54.4884
-55.217
-52.8341
-53.0815
-53.0815
-51.6804
-52.8341
-53.035
-53.035
-53.035
-55.1867
-55.1867
-56.0795
-53.479
-52.7781
-52.7781
-54.2089
-56.0358
-53.3598
-56.3103
-56.4853
-55.1639
-54.1713
-55.6372
-55.9438
-54.9561
-54.5834
-55.9935
-55.1058
-55.1058
-55.1996
-54.5509
-55.0007
-54.6054
-54.7388
-54.5265
-56.1503
-53.7183
-54.6585
-54.0626
-53.7449
-53.8728
-54.2289
-55.0649
-54.8179
-53.6628
-54.9116
-54.9116
-54.2245
-54.5115
-54.6255
-54.4225
-55.4631
-55.6606
-55.532
-55.7777
-55.7777
-55.4277
-54.5542
-56.5387
-53.8118
-54.8889
-54.4959
-54.7352
-54.8295
-55.1528
-55.2306
-55.0014
-50.977
-50.3676
-50.3676
-52.0466
-51.2873
-51.2873
-53.2042
-53.2042
-53.5985
-54.6515
-55.9804
-52.0645
-52.0645
-52.296
-53.9059
-52.0645
-52.0645
-52.0645
-51.0969
-52.0645
-52.7327
-52.0645
-52.0645
-53.0651
-52.0645
-52.0645
-53.7253
-51.8109
-51.8109
-52.0645
-52.0645
-52.2769
-52.2769
-51.8151
-51.8151
-51.8151
-52.0645
-52.0645
-52.0645
-52.0645
-52.0645
-52.4329
-52.4329
-52.0645
-52.0645
-51.4516
-49.7552
-52.0721
-52.0721
-52.0645
-52.2765
-50.9012
-52.0645
-52.102
-51.2732
-53.6385
-53.6385
-56.0224
-55.2701
-54.9573
-55.5135
-55.5554
-54.9916
-51.5008
-51.5008
-50.0241
-50.2336
-50.2336
-50.2336
-50.2336
-50.2336
-50.2336
-50.2336
-50.1227
-50.2336
-50.2336
-50.2336
-50.2336
-51.1464
-51.0986
-52.0127
-52.0127
-50.2336
-50.2336
-49.6088
-50.2336
