ip_ml_25_rawLogLikelihood_unified = zeros(1000,1);
ip_ml_25_rawLogLikelihood_unified = [-2032.47
-2032.08
-2032.91
-2032.53
-2034.01
-2033.1
-2033.1
-2033.1
-2032.29
-2033.01
-2033.1
-2033.1
-2032.36
-2034.16
-2033.61
-2033.16
-2033.16
-2033.27
-2032.36
-2032.36
-2033.54
-2033.5
-2033.36
-2033.5
-2033.84
-2034.34
-2035.39
-2035.39
-2033.31
-2033.08
-2032.52
-2033.67
-2035.97
-2033.8
-2033.8
-2034
-2033.05
-2033.11
-2033.03
-2033.03
-2034.32
-2033.22
-2036.33
-2033.23
-2033.06
-2033.06
-2033.02
-2033.36
-2033.36
-2032.32
-2032.32
-2032.32
-2032.41
-2032.41
-2032.32
-2033.26
-2034.87
-2035.21
-2034.34
-2034.34
-2032.85
-2032.85
-2033.74
-2034.16
-2034.36
-2033.6
-2032.87
-2033.53
-2033.75
-2033.75
-2034.57
-2034.57
-2033.53
-2032.6
-2032.6
-2032.78
-2032.78
-2032.78
-2032.61
-2033.53
-2033.53
-2033.53
-2033.53
-2032.12
-2033.95
-2034.27
-2033.53
-2033.22
-2033.22
-2033.17
-2033.15
-2032.97
-2032.97
-2032.97
-2032.97
-2032.97
-2032.97
-2032.97
-2032.49
-2032.91
-2032.91
-2032.87
-2032.87
-2032.87
-2032.87
-2033.53
-2035.91
-2033.6
-2033.67
-2033.04
-2035.19
-2036.4
-2032.54
-2032.54
-2033.84
-2032.57
-2032.57
-2033.07
-2033.19
-2033.19
-2033.19
-2032.68
-2032.85
-2035.19
-2034.87
-2033.18
-2033.04
-2035.08
-2033.73
-2033.73
-2033.73
-2033.73
-2035.25
-2035.25
-2033.73
-2033.02
-2032.69
-2034.85
-2034.85
-2034.85
-2032.62
-2032.57
-2032.57
-2032.94
-2033.89
-2033.89
-2036.72
-2035.77
-2034.29
-2034.63
-2034.29
-2034.29
-2032.51
-2032.51
-2034.42
-2032.46
-2033.13
-2033.61
-2033.08
-2036.76
-2036.23
-2032.54
-2032.52
-2032.78
-2032.78
-2034.18
-2034.28
-2034.82
-2033.45
-2033.24
-2032.35
-2032.97
-2034.64
-2032.39
-2032.89
-2032.39
-2032.39
-2032.7
-2033.95
-2033.35
-2033.35
-2036.09
-2036.09
-2036.09
-2033.91
-2035.62
-2035.62
-2033.15
-2032.92
-2033.18
-2033.18
-2035.51
-2034.45
-2034.62
-2034.03
-2033.28
-2034.88
-2032.45
-2032.43
-2032.56
-2034.65
-2033.95
-2033.48
-2033.79
-2033.79
-2033.71
-2032.62
-2032.62
-2032.43
-2032.43
-2033.63
-2033.07
-2033.28
-2032.92
-2034.05
-2033.22
-2034.1
-2032.95
-2033.07
-2033.02
-2033.29
-2033.43
-2033.41
-2033.41
-2033.92
-2040
-2032.17
-2032.4
-2032.3
-2032.4
-2033.4
-2033.85
-2033.85
-2034.32
-2033.54
-2032.46
-2032.82
-2033.05
-2033.1
-2036.35
-2035.1
-2033.6
-2034.71
-2033.42
-2033.16
-2032.34
-2033.74
-2033.55
-2032.99
-2034.5
-2034.09
-2034.09
-2034.09
-2034.46
-2035.53
-2035.36
-2034.34
-2034.9
-2032.6
-2032.6
-2032.6
-2033.15
-2033.15
-2032.31
-2032.31
-2032.71
-2032.79
-2032.8
-2032.8
-2032.8
-2032.13
-2032.13
-2032.84
-2032.84
-2033.23
-2034.09
-2032.85
-2032.85
-2032.86
-2033.34
-2033.34
-2032.31
-2032.85
-2032.85
-2032.85
-2032.85
-2032.25
-2034.86
-2034.85
-2032.27
-2032.27
-2032.86
-2033.21
-2032.48
-2032.88
-2033.09
-2033.12
-2033.14
-2034
-2034.83
-2033.18
-2032.94
-2033.24
-2032.79
-2033.28
-2032.43
-2033.48
-2033.38
-2033.38
-2032.79
-2033.26
-2032.51
-2033.74
-2035.44
-2035.44
-2033.09
-2033.34
-2033.6
-2032.91
-2032.91
-2033.94
-2033.6
-2032.48
-2033.18
-2033.15
-2033.07
-2033.9
-2033.66
-2034.05
-2033.95
-2033.42
-2033.42
-2033.46
-2033.46
-2033.97
-2032.92
-2032.92
-2032.92
-2032.72
-2032.92
-2032.92
-2033.91
-2033.63
-2033.69
-2032.55
-2036.16
-2032.03
-2032.03
-2033.63
-2032.8
-2033.78
-2033.13
-2033.24
-2035.23
-2032.84
-2034.71
-2033.14
-2034.05
-2035.35
-2033.53
-2035.21
-2035.21
-2035.21
-2033.4
-2033.4
-2033.4
-2032.61
-2032.61
-2033.01
-2033.37
-2038.15
-2034.02
-2034.02
-2036.92
-2032.53
-2032.78
-2032.78
-2032.78
-2032.41
-2032.62
-2032.85
-2032.85
-2033.49
-2033.63
-2036.64
-2034.53
-2034.53
-2033.38
-2033.38
-2033.2
-2034.23
-2033.03
-2033.51
-2032.87
-2032.69
-2032.46
-2032.46
-2034.29
-2034.29
-2033.36
-2032.59
-2032.46
-2032.46
-2032.54
-2033.81
-2033.66
-2033.66
-2032.79
-2033.88
-2033.88
-2033.88
-2033.26
-2033.26
-2033.94
-2033
-2033
-2032.71
-2032.71
-2033.9
-2032.41
-2032.41
-2034.39
-2032.8
-2032.43
-2032.77
-2032.77
-2035.16
-2032.61
-2032.61
-2032.34
-2032.17
-2032.17
-2032.22
-2033.32
-2033.24
-2033.52
-2033.52
-2033.52
-2035.56
-2035.56
-2035.56
-2035.56
-2032.22
-2032.22
-2032.77
-2033.82
-2033.82
-2033.82
-2032.77
-2032.77
-2032.77
-2032.77
-2033.37
-2032.44
-2032.22
-2032.22
-2032.22
-2032.22
-2032.22
-2032.22
-2032.75
-2034.27
-2034.09
-2032.84
-2032.84
-2032.84
-2032.84
-2032.22
-2032.22
-2032.22
-2032.22
-2032.22
-2032.22
-2032.22
-2032.74
-2032.22
-2034.32
-2032.28
-2032.61
-2033.5
-2032.22
-2032.22
-2033.46
-2033.46
-2033.74
-2032.85
-2032.85
-2032.85
-2032.85
-2035.47
-2033.57
-2034.05
-2034.94
-2033.58
-2032.42
-2032.62
-2032.92
-2034.09
-2034.31
-2033.37
-2033.51
-2032.58
-2032.93
-2034.09
-2033.09
-2033.8
-2033.58
-2034.9
-2034.64
-2034.64
-2032.5
-2032.5
-2034.29
-2035.36
-2035.43
-2034.09
-2033.44
-2032.89
-2033.73
-2033.73
-2033.46
-2034.59
-2034.89
-2032.89
-2032.99
-2033.57
-2033.55
-2033.56
-2035.27
-2034.57
-2034.57
-2034.57
-2032.93
-2032.93
-2033.3
-2033.3
-2033.3
-2033.73
-2032.81
-2032.81
-2033.37
-2033.37
-2033.37
-2032.49
-2032.49
-2032.75
-2032.75
-2032.53
-2032.18
-2032.18
-2032.18
-2032.84
-2033
-2033
-2033.35
-2032.95
-2034.79
-2033.26
-2033.26
-2033.11
-2033.06
-2033.11
-2034.08
-2036.77
-2037.2
-2033.32
-2033.69
-2034.92
-2034.27
-2032.78
-2035.65
-2036.47
-2033.27
-2032.18
-2032.18
-2032.18
-2034.01
-2033.35
-2033.35
-2033.35
-2033.35
-2032.83
-2032.83
-2034.46
-2034.46
-2032.91
-2032.91
-2032.6
-2032.63
-2032.24
-2033
-2033
-2033
-2033
-2033
-2033
-2033.78
-2033.78
-2032.59
-2032.59
-2032.59
-2035.87
-2034.87
-2033.07
-2033.07
-2033.07
-2032.41
-2032.41
-2033.74
-2032.96
-2033.37
-2032.45
-2032.45
-2034.2
-2034.07
-2034.07
-2033
-2032.88
-2033.11
-2033.76
-2032.6
-2032.49
-2032.46
-2033.94
-2035.41
-2032.72
-2032.72
-2032.72
-2035.81
-2032.72
-2032.72
-2032.72
-2032.72
-2033.26
-2033.98
-2034.37
-2033.54
-2032.99
-2033.03
-2033.03
-2032.56
-2032.56
-2033.4
-2033.4
-2032.72
-2033.36
-2033.69
-2033.35
-2033.98
-2032.95
-2032.95
-2032.95
-2032.95
-2032.21
-2032.44
-2032.44
-2032.44
-2032.44
-2035.12
-2035.12
-2033.53
-2035.74
-2035.61
-2032.59
-2034.72
-2033.13
-2034.8
-2034.8
-2032.81
-2032.81
-2032.81
-2032.81
-2033.14
-2033.93
-2033.52
-2033.1
-2033.63
-2033.42
-2034.01
-2034.01
-2032.42
-2032.34
-2032.34
-2032.34
-2033.83
-2032.92
-2032.92
-2033.53
-2032.92
-2034.33
-2033.77
-2033.19
-2032.54
-2032.54
-2032.54
-2033.65
-2033.65
-2033.65
-2033.28
-2032.2
-2033.65
-2033.65
-2035.19
-2034.57
-2034.13
-2034.13
-2034.13
-2033.08
-2033.08
-2033.97
-2034.03
-2034.09
-2032.38
-2032.38
-2032.38
-2032.81
-2032.41
-2034.34
-2034.34
-2034.2
-2032.61
-2034.55
-2034.15
-2034.45
-2034.96
-2032.65
-2032.63
-2032.46
-2033
-2032.37
-2033.95
-2032.24
-2032.24
-2032.24
-2034.31
-2033.15
-2033.19
-2035.5
-2034.54
-2032.29
-2032.44
-2035.83
-2033.47
-2033.55
-2033.49
-2033.49
-2034.24
-2035.07
-2032.59
-2033.65
-2035.96
-2034.77
-2034.48
-2033.93
-2032.23
-2032.38
-2032.38
-2032.23
-2032.23
-2032.23
-2034.03
-2034.03
-2034.03
-2034.28
-2033.87
-2032.95
-2033.49
-2033.53
-2033.53
-2033.53
-2036.58
-2032.55
-2032.87
-2032.67
-2033.46
-2033.46
-2032.67
-2032.67
-2032.67
-2033.23
-2033.48
-2032.92
-2033.04
-2032.71
-2032.85
-2032.85
-2032.61
-2032.61
-2032.9
-2032.61
-2032.61
-2032.28
-2032.91
-2032.91
-2032.91
-2032.91
-2032.73
-2032.91
-2034.77
-2033.63
-2032.53
-2033.5
-2033.5
-2033.86
-2033.42
-2034.38
-2032.86
-2032.62
-2032.61
-2036.11
-2036.11
-2033.46
-2033.35
-2033.47
-2033.47
-2033.01
-2032.65
-2032.06
-2033.97
-2033.27
-2032.62
-2032.62
-2032.97
-2032.78
-2033.09
-2033.06
-2032.82
-2032.82
-2032.7
-2032.47
-2032.47
-2032.47
-2032.69
-2032.16
-2032.5
-2032.81
-2032.47
-2033.07
-2032.27
-2033.54
-2035.98
-2032.48
-2032.18
-2032.92
-2032.91
-2033.56
-2033.83
-2032.59
-2032.58
-2032.52
-2032.52
-2033.35
-2033.01
-2033.07
-2033.24
-2033
-2032.88
-2033.43
-2034.51
-2033.93
-2032.73
-2033.88
-2033.88
-2034.64
-2033.11
-2033.11
-2034.22
-2034.27
-2032.52
-2036.06
-2033.9
-2032.64
-2033.49
-2034.42
-2034.42
-2034.87
-2034.87
-2036.24
-2032.83
-2032.83
-2032.83
-2032.53
-2032.41
-2032.42
-2032.42
-2033.27
-2033.27
-2033.22
-2033.22
-2033.25
-2033.85
