ip_ml_27_rawChain_unified = zeros(1000,3);
ip_ml_27_rawChain_unified = [8.0614832490318034e-01 1.4175074376028393e-01 2.5828439905007733e-01 
8.0465113719955339e-01 1.2247957852213004e-01 2.3091017073980413e-01 
7.9457945265121976e-01 1.3002658031879094e-01 2.4724260603458681e-01 
7.9457945265121976e-01 1.3002658031879094e-01 2.4724260603458681e-01 
7.9864653951970699e-01 1.2162791212898411e-01 2.1083534204448551e-01 
7.9864653951970699e-01 1.2162791212898411e-01 2.1083534204448551e-01 
8.4273436282356895e-01 1.4181630249073054e-01 2.0570606769280791e-01 
7.7356369942175751e-01 1.3254341755615059e-01 2.9190628203928976e-01 
7.6453625752507137e-01 1.1791202437298286e-01 2.0636511104162658e-01 
7.6453625752507137e-01 1.1791202437298286e-01 2.0636511104162658e-01 
7.6453625752507137e-01 1.1791202437298286e-01 2.0636511104162658e-01 
7.7696723793485800e-01 1.1161985110918990e-01 4.2107314955373426e-01 
7.7542710138630844e-01 1.2640090598107209e-01 3.6718973727280579e-01 
8.2322941975972974e-01 1.5535574017341383e-01 3.7186700567422237e-01 
8.0958588028306666e-01 1.3824206170074063e-01 2.8128170168025157e-01 
8.3166417752126442e-01 1.3227162002081630e-01 4.7488009947236343e-01 
8.3035086730729879e-01 1.6862290340914562e-01 5.1186976727569433e-01 
7.7241048113636568e-01 1.5140622381685212e-01 5.9561036749735463e-01 
8.2162902584219377e-01 1.6494942928732242e-01 3.4059566967938693e-01 
8.2162902584219377e-01 1.6494942928732242e-01 3.4059566967938693e-01 
7.9001731926046381e-01 1.5435722787884734e-01 4.0544196205632443e-01 
7.9381932250555520e-01 1.5663469297295290e-01 3.5964828872142512e-01 
8.1067848828881250e-01 1.6634757667850814e-01 5.3028848118597005e-01 
7.8408131280992888e-01 1.3552740633889798e-01 4.0472202370542687e-01 
7.9675224631090646e-01 1.3924253959331798e-01 2.5818975397567984e-01 
7.9675224631090646e-01 1.3924253959331798e-01 2.5818975397567984e-01 
8.2856447444905079e-01 1.3893234212798464e-01 2.2811491335334844e-01 
8.3509746559913012e-01 1.3848664610940589e-01 2.0901461948966424e-01 
8.2280669709923837e-01 1.3353045689589313e-01 2.5552084341677717e-01 
8.4040036744839819e-01 1.3918946038321123e-01 2.3895001326777623e-01 
8.0067474704526265e-01 1.3730765362448569e-01 2.7600265113186895e-01 
8.0067474704526265e-01 1.3730765362448569e-01 2.7600265113186895e-01 
8.2147862978990471e-01 1.3420095018816294e-01 2.4722511520685025e-01 
8.2147862978990471e-01 1.3420095018816294e-01 2.4722511520685025e-01 
8.2147862978990471e-01 1.3420095018816294e-01 2.4722511520685025e-01 
8.2147862978990471e-01 1.3420095018816294e-01 2.4722511520685025e-01 
7.8963570337962463e-01 1.2900250409350567e-01 2.4026690934465023e-01 
7.8963570337962463e-01 1.2900250409350567e-01 2.4026690934465023e-01 
8.0834791685936258e-01 1.3323442704849325e-01 2.2152760976942742e-01 
7.8963570337962463e-01 1.2900250409350567e-01 2.4026690934465023e-01 
8.0749910918285250e-01 1.4751817304526552e-01 3.4879136503245656e-01 
8.3872133820779682e-01 1.5102459638721091e-01 2.8821374705009289e-01 
7.7686045461084474e-01 1.1826604855750124e-01 2.9174158922163007e-01 
8.4674214794535851e-01 1.4997107432445489e-01 3.3442658521917767e-01 
8.4791029226069581e-01 1.5324243477215929e-01 3.1401167346944509e-01 
8.0571406408479418e-01 1.5738602941849414e-01 4.1571167242803170e-01 
8.2804860580952588e-01 1.5362653146625938e-01 4.2818355780687462e-01 
8.2804860580952588e-01 1.5362653146625938e-01 4.2818355780687462e-01 
8.1647966693507645e-01 1.6325468251209460e-01 3.3125677462704328e-01 
7.8649578649835084e-01 1.4073633058356577e-01 3.8706812536687435e-01 
8.4710064156702580e-01 1.3146605110086379e-01 2.0761557066672917e-01 
7.8196229429820396e-01 1.2882636156551411e-01 4.8923248104638350e-01 
8.1646118753916985e-01 1.3339173239616905e-01 2.1949006751398834e-01 
8.1646118753916985e-01 1.3339173239616905e-01 2.1949006751398834e-01 
8.0658003909522424e-01 1.4790354116737361e-01 2.6648496842774450e-01 
8.0952671913672913e-01 1.4543128738334254e-01 2.2719202859845336e-01 
7.8709459567585527e-01 1.3335786673777078e-01 2.2054269761678305e-01 
8.4710064156702580e-01 1.3146605110086379e-01 2.0761557066672917e-01 
8.4710064156702580e-01 1.3146605110086379e-01 2.0761557066672917e-01 
8.4710064156702580e-01 1.3146605110086379e-01 2.0761557066672917e-01 
8.0237762446197347e-01 1.2053632747517928e-01 2.1132014963919357e-01 
7.6521330181058833e-01 1.2292157830399206e-01 2.4776062104871577e-01 
7.7462800386503472e-01 1.3289546133850225e-01 3.8367412290153136e-01 
7.8221895005549680e-01 1.2406010185754802e-01 3.2367567254671437e-01 
7.8221895005549680e-01 1.2406010185754802e-01 3.2367567254671437e-01 
7.6662741104588239e-01 1.0526536768925078e-01 2.0154124042774577e-01 
7.6662741104588239e-01 1.0526536768925078e-01 2.0154124042774577e-01 
7.7500472900478379e-01 1.2226371948863968e-01 3.8800075793688182e-01 
7.7747490816375386e-01 1.0284396871260811e-01 2.1157935344112877e-01 
7.7747490816375386e-01 1.0284396871260811e-01 2.1157935344112877e-01 
7.7747490816375386e-01 1.0284396871260811e-01 2.1157935344112877e-01 
7.6662741104588239e-01 1.0526536768925078e-01 2.0154124042774577e-01 
7.9257936275094898e-01 1.2633558231213168e-01 2.4636972042628408e-01 
7.6662741104588239e-01 1.0526536768925078e-01 2.0154124042774577e-01 
7.9170951636260745e-01 1.2238754655186931e-01 2.1366131994520993e-01 
7.9170951636260745e-01 1.2238754655186931e-01 2.1366131994520993e-01 
7.6662741104588239e-01 1.0526536768925078e-01 2.0154124042774577e-01 
7.6662741104588239e-01 1.0526536768925078e-01 2.0154124042774577e-01 
8.0706870630840133e-01 1.5102602317251773e-01 2.8330587359559062e-01 
8.0706870630840133e-01 1.5102602317251773e-01 2.8330587359559062e-01 
8.0706870630840133e-01 1.5102602317251773e-01 2.8330587359559062e-01 
7.8506695207251320e-01 1.2890121584566372e-01 2.4735899387827703e-01 
7.9084499018304322e-01 1.3950785236887325e-01 2.0686877628345407e-01 
7.8778818496238856e-01 1.2041807099610986e-01 2.1227316110439051e-01 
8.2163244108295130e-01 1.1105545230017284e-01 2.0047069990677385e-01 
8.1540143633617990e-01 1.5126250443988501e-01 3.0606758308287596e-01 
7.9457010251932914e-01 1.4065798303557553e-01 2.8273320876471797e-01 
8.0830014410720197e-01 1.4067247740683711e-01 3.3905821832118255e-01 
8.0958548989328971e-01 1.3126292454606195e-01 3.2761251729825480e-01 
8.3284601953502069e-01 1.4321632134107076e-01 4.3207454864211492e-01 
8.3060802225582719e-01 1.3664212872730178e-01 3.4935907603813782e-01 
8.0220560435490595e-01 1.3318402424528719e-01 3.2581750010026489e-01 
8.0022359283615319e-01 1.0351424827948916e-01 2.8127224439376791e-01 
8.0022359283615319e-01 1.0351424827948916e-01 2.8127224439376791e-01 
8.1444189691779834e-01 1.0505639317751531e-01 2.2013561808626753e-01 
7.7585901206680585e-01 1.2026676133918683e-01 2.7501460869510003e-01 
7.9653084909084582e-01 1.4184952209390497e-01 3.2869871342058993e-01 
8.3066711678913530e-01 1.4656472297617365e-01 2.2888418300805274e-01 
8.3066711678913530e-01 1.4656472297617365e-01 2.2888418300805274e-01 
8.0762520572296348e-01 1.3212679224420074e-01 3.3603051193789818e-01 
7.7567639695147550e-01 1.3481578311593637e-01 4.9310046789655787e-01 
8.2992340923507169e-01 1.4339780668692459e-01 2.4949193442708589e-01 
8.2992340923507169e-01 1.4339780668692459e-01 2.4949193442708589e-01 
7.6869671895479685e-01 1.2702772177131796e-01 2.5601391219087483e-01 
7.6869671895479685e-01 1.2702772177131796e-01 2.5601391219087483e-01 
7.9245068795323359e-01 1.3446212786695474e-01 2.5072038074264086e-01 
7.9245068795323359e-01 1.3446212786695474e-01 2.5072038074264086e-01 
7.9245068795323359e-01 1.3446212786695474e-01 2.5072038074264086e-01 
7.9245068795323359e-01 1.3446212786695474e-01 2.5072038074264086e-01 
7.9283209327549065e-01 1.3088314166024759e-01 2.1389395332694805e-01 
8.1018846076019735e-01 1.4570263827908320e-01 2.6809433730884991e-01 
8.1018846076019735e-01 1.4570263827908320e-01 2.6809433730884991e-01 
7.9135702723740287e-01 1.4606469271214845e-01 3.3620930485319517e-01 
