ip_ml_6_rawLogTarget_unified = zeros(1000,1);
ip_ml_6_rawLogTarget_unified = [-26.4769
-26.5464
-27.5014
-28.0152
-23.6899
-23.6899
-23.6899
-23.6899
-23.6899
-23.6899
-23.6899
-27.3171
-27.3171
-26.4089
-26.9406
-27.2373
-28.8737
-30.0372
-30.0372
-29.6191
-26.6666
-26.6666
-26.792
-26.792
-26.4304
-26.4274
-27.5472
-28.0436
-28.0436
-29.9411
-29.9145
-29.8195
-26.0929
-27.2806
-27.2806
-27.0266
-27.8223
-27.8831
-26.8624
-29.8674
-27.6434
-28.0914
-26.6034
-26.6034
-26.8146
-26.8146
-26.8146
-26.7896
-27.498
-27.498
-26.967
-26.3611
-26.5865
-26.4121
-26.4121
-28.2601
-27.6639
-27.9278
-27.6639
-26.9498
-26.9498
-26.4475
-26.6825
-26.0315
-26.0315
-29.5283
-29.5283
-26.4918
-26.4918
-26.5838
-26.6496
-26.6496
-26.6496
-26.6496
-27.1297
-26.4797
-26.4797
-26.4797
-26.3583
-26.5675
-26.3196
-26.2927
-26.2927
-26.3746
-27.1218
-25.6927
-25.6927
-25.9266
-26.3746
-24.9937
-24.9937
-24.5819
-26.9662
-26.9662
-26.9662
-26.3746
-24.6231
-24.5768
-24.5768
-26.2165
-26.2165
-27.661
-25.7235
-25.7235
-24.2679
-24.2679
-24.2679
-24.2679
-24.2679
-24.2679
-24.2679
-24.2679
-24.2679
-24.2679
-24.2679
-24.2679
-24.2679
-24.2679
-24.2679
-24.2679
-24.2679
-28.3111
-28.1286
-26.1846
-26.1846
-26.3072
-26.3072
-26.3072
-25.8289
-25.6743
-26.63
-26.2189
-26.2189
-26.1893
-26.128
-28.6619
-28.5373
-29.4675
-29.1254
-29.5516
-26.448
-26.448
-27.3715
-28.6672
-29.4403
-29.7199
-29.8491
-28.0068
-28.0068
-29.7669
-29.8935
-28.3827
-27.8806
-28.3789
-25.7552
-25.7552
-27.3653
-25.7552
-25.7552
-25.7552
-25.7552
-25.7552
-25.2915
-25.2915
-30.1001
-30.1001
-29.949
-29.949
-29.5151
-29.8588
-26.62
-26.221
-26.3409
-27.3908
-26.3409
-26.4183
-26.4183
-26.1989
-26.0079
-26.0079
-26.737
-26.3655
-26.3655
-26.4143
-26.3655
-26.3655
-26.7799
-26.2962
-26.6518
-26.9891
-26.9891
-26.4944
-26.3841
-26.3841
-26.1199
-26.8908
-26.8908
-25.8424
-26.2297
-26.3345
-25.7839
-25.7839
-27.0323
-25.7839
-25.7839
-28.5397
-28.7845
-27.797
-27.797
-26.2396
-27.5832
-27.0594
-26.5074
-26.8345
-26.8345
-26.4366
-26.3384
-29.4112
-26.7134
-26.7134
-26.7134
-26.7134
-27.0756
-26.8875
-26.8875
-27.46
-27.46
-29.9395
-29.6004
-29.2316
-29.5576
-29.5027
-26.5059
-26.3742
-29.5751
-30.0578
-27.6644
-26.0498
-25.8756
-29.4291
-27.8025
-28.4804
-30.0929
-26.6191
-26.6191
-28.4417
-28.4417
-26.7933
-27.2122
-26.0778
-28.962
-28.0582
-27.3547
-26.9632
-25.9715
-25.9715
-26.3196
-28.835
-26.7988
-25.9917
-25.9917
-25.9917
-28.5906
-26.5787
-26.5787
-26.5787
-26.5787
-26.5787
-27.5166
-29.562
-26.5078
-26.5101
-26.5101
-26.602
-26.5101
-25.8845
-25.7375
-27.4819
-27.4819
-28.7754
-28.7311
-27.1682
-27.1682
-26.3421
-26.6196
-26.5668
-26.7383
-26.7383
-26.5668
-26.42
-26.42
-26.42
-26.7431
-26.7431
-28.0214
-26.5276
-26.5926
-26.5926
-26.5266
-26.8353
-28.5495
-28.5495
-26.8892
-27.9918
-28.6534
-26.321
-26.513
-25.825
-29.5143
-29.688
-26.2888
-26.2779
-29.9685
-26.7784
-28.1693
-28.1693
-28.0486
-28.8231
-28.1878
-28.8888
-28.8106
-27.0538
-28.9213
-29.6405
-26.2092
-26.2092
-26.5681
-26.5681
-26.7661
-27.4102
-26.6342
-26.973
-26.8507
-26.7551
-27.6688
-25.9842
-26.2787
-28.3217
-26.5178
-26.3547
-27.9962
-26.6423
-26.4116
-26.4116
-26.7664
-27.5396
-29.6517
-29.4426
-27.5045
-27.1047
-26.1241
-26.1241
-25.0598
-28.5117
-26.4545
-26.4545
-26.1403
-26.2769
-26.1496
-28.4344
-28.4344
-26.0963
-24.9338
-24.9338
-29.8534
-30.0622
-25.9766
-26.0512
-25.9766
-29.1544
-29.1544
-29.6814
-29.1544
-27.1613
-27.1613
-28.1548
-30.0115
-26.9388
-26.9388
-28.2631
-28.2631
-27.3759
-26.0357
-26.0357
-26.1762
-26.0901
-27.8918
-27.6755
-26.0357
-26.0357
-26.0357
-26.0357
-27.2613
-26.646
-26.178
-27.0631
-26.6118
-26.9533
-26.6118
-27.2446
-26.6124
-30.0282
-27.4126
-25.5804
-25.4751
-25.4751
-25.5804
-25.5804
-26.8293
-26.8293
-26.9928
-26.9928
-26.9928
-26.8497
-27.8446
-27.8446
-28.5521
-26.3088
-27.7575
-26.7454
-30.0398
-29.6089
-29.1408
-26.8154
-26.8154
-26.7302
-25.858
-25.858
-26.375
-26.5934
-26.5934
-27.0287
-27.0287
-26.8556
-27.2054
-27.9539
-26.5063
-27.4955
-26.411
-27.4322
-28.1333
-24.9935
-27.0205
-25.586
-26.3953
-25.8852
-25.8852
-25.9956
-26.2122
-26.2122
-26.2122
-28.9174
-26.8589
-28.9054
-27.7504
-25.7397
-26.42
-25.9032
-25.9032
-25.9032
-29.1056
-27.2743
-26.5155
-27.2502
-29.6112
-26.2866
-27.5814
-26.5178
-26.3828
-26.4418
-26.3756
-28.2552
-26.7841
-23.3773
-23.3773
-23.3773
-23.3773
-23.3773
-27.1459
-27.1053
-27.4722
-26.5164
-27.6964
-26.3767
-27.1102
-26.4567
-29.7877
-26.6372
-26.7725
-28.2251
-27.9196
-28.2251
-26.4986
-26.5306
-27.1605
-29.4672
-26.7216
-29.5345
-26.8257
-27.3817
-25.7397
-25.7397
-26.032
-25.3025
-26.128
-26.6374
-29.5049
-29.6613
-29.2675
-29.1848
-28.8515
-29.5545
-29.5545
-26.1357
-26.1357
-26.1357
-26.1357
-28.7046
-28.7046
-27.6195
-27.6195
-27.0205
-26.6968
-26.2818
-26.5628
-26.5628
-23.3773
-23.3773
-23.3773
-23.3773
-23.3773
-23.3773
-23.3773
-23.3773
-23.3773
-23.3773
-23.3773
-23.3773
-23.3773
-23.3773
-23.3773
-23.3773
-23.3773
-21.7565
-21.7565
-21.7565
-21.7565
-23.3773
-23.3773
-23.3773
-23.3773
-23.3773
-23.3773
-24.101
-24.101
-23.3773
-23.3773
-23.3773
-23.3773
-23.3773
-23.3773
-23.3773
-23.3773
-23.3773
-23.3773
-23.3773
-23.3773
-23.3773
-23.3773
-23.3773
-23.3773
-23.3773
-23.3773
-23.3773
-23.3773
-23.3773
-23.3773
-23.3773
-23.3773
-23.3773
-23.3773
-23.3773
-22.3336
-22.3336
-22.3336
-23.3773
-23.3773
-23.3773
-23.3773
-27.5924
-26.5174
-26.5174
-26.5174
-26.6536
-27.37
-26.6536
-26.6536
-26.6536
-26.6536
-26.6536
-26.6536
-26.6536
-26.6536
-26.6536
-26.6536
-26.6536
-26.6536
-26.6536
-26.7535
-26.2541
-26.6693
-28.6017
-27.6554
-27.2
-26.2537
-26.4092
-26.4092
-26.4092
-29.178
-25.9921
-25.9921
-29.0657
-29.2004
-23.5162
-23.5162
-23.5162
-23.5162
-23.5162
-23.5162
-23.5162
-23.5162
-27.5241
-29.9186
-29.0906
-27.2273
-27.2506
-27.1288
-27.1288
-26.54
-26.7425
-24.5102
-24.5102
-24.5102
-24.5102
-24.5102
-25.222
-25.222
-25.222
-25.222
-25.222
-24.5102
-24.5102
-25.7855
-25.9086
-25.9086
-24.5102
-26.5404
-25.8749
-25.8749
-26.5437
-24.5102
-24.5102
-24.5102
-24.5102
-24.5102
-24.5102
-24.5102
-24.5102
-24.5102
-24.5102
-24.5102
-24.5102
-24.5102
-26.4157
-26.3844
-30.0247
-30.0247
-27.9941
-27.9941
-27.7737
-27.123
-25.9781
-29.9815
-29.9889
-23.3736
-25.8245
-25.8245
-27.6448
-27.6448
-26.6237
-26.7023
-26.6732
-27.1866
-26.7674
-26.7674
-25.9893
-25.9893
-26.7806
-27.2906
-25.4738
-26.8533
-27.5843
-27.5843
-28.1189
-26.2979
-26.6225
-26.2099
-26.2099
-28.6225
-29.9172
-26.1712
-25.5543
-25.5543
-26.334
-24.9211
-24.9211
-24.9211
-24.9211
-24.9211
-24.9211
-24.9211
-24.9211
-26.0379
-26.0627
-25.9007
-26.6907
-27.2265
-25.1708
-25.1708
-25.1708
-27.1098
-26.3457
-27.2532
-26.4904
-26.2222
-26.2222
-26.561
-25.8279
-26.1176
-27.123
-26.2175
-26.2175
-26.8775
-29.0226
-29.2258
-27.9955
-27.4175
-26.4628
-26.4628
-27.1562
-26.9676
-28.5352
-27.1053
-27.1053
-27.1053
-25.9746
-26.0125
-26.2696
-25.8685
-25.803
-25.803
-27.1976
-26.1589
-27.061
-27.061
-26.6709
-26.5168
-26.3223
-26.9026
-27.0094
-26.9026
-26.9026
-26.3263
-26.3114
-26.3852
-26.3852
-26.5306
-26.9398
-26.3059
-26.3059
-26.5306
-26.8388
-26.5109
-25.3833
-25.5016
-27.7025
-27.9411
-27.3817
-29.0981
-28.9346
-27.1681
-26.5384
-26.5384
-26.4913
-27.1681
-27.295
-27.295
-26.8868
-26.8868
-26.6521
-27.8192
-26.8533
-26.6109
-26.9748
-26.9748
-26.2946
-27.3456
-27.9613
-26.2697
-25.8883
-25.8852
-25.7825
-25.7825
-25.8852
-27.3726
-26.324
-26.2299
-25.4265
-26.1645
-26.6131
-26.4744
-26.6745
-26.1202
-26.4196
-26.2122
-26.2122
-25.4875
-25.9836
-25.9836
-26.6192
-25.7847
-25.7847
-26.2344
-26.2344
-26.6304
-26.319
-26.7049
-27.6537
-25.6245
-25.6245
-26.2424
-25.9669
-26.2375
-26.8688
-26.7132
-26.5241
-26.5286
-26.5286
-26.8478
-25.9593
-26.5691
-25.7136
-25.7136
-24.7576
-24.7576
-24.7576
-25.15
-24.7576
-24.7576
-24.7576
-24.7576
-24.7576
-26.683
-26.683
-27.426
-26.6547
-26.6547
-24.7576
-24.7576
-24.7576
-24.7576
-25.3716
-24.7576
-24.2361
-24.7576
-24.7576
-24.7576
-24.7576
-24.7576
-24.7576
-24.7576
-24.7576
-24.7576
-24.7576
-26.5041
-26.5041
-24.7576
-27.5444
-27.5444
