ip_ml_7_rawLogTarget_unified = zeros(1000,1);
ip_ml_7_rawLogTarget_unified = [-33.6613
-34.2412
-30.2984
-30.2984
-30.2984
-30.2984
-30.2984
-30.2984
-30.2984
-30.2984
-30.2984
-30.2984
-30.2984
-30.2984
-30.2984
-34.7094
-34.7094
-34.7094
-34.556
-34.3924
-34.3924
-36.3822
-37.5087
-33.9183
-34.0707
-33.7918
-33.7918
-33.6274
-35.0761
-35.4718
-35.4718
-35.9808
-36.5064
-37.2954
-32.8596
-32.8596
-36.3096
-34.3561
-35.2242
-33.8415
-34.4406
-34.1752
-33.8798
-33.8798
-33.6839
-33.6839
-34.9294
-34.9294
-33.9125
-33.931
-33.8208
-33.6088
-35.1311
-33.7344
-33.482
-35.452
-34.2626
-34.1852
-34.5609
-33.3215
-34.2646
-34.127
-34.6365
-34.4731
-33.7178
-33.5172
-34.27
-33.8977
-33.8977
-33.8977
-33.691
-33.691
-33.9733
-33.691
-33.7978
-37.7233
-33.3938
-33.4636
-33.5632
-34.4718
-32.734
-33.0184
-33.5632
-31.884
-31.884
-34.2827
-33.5103
-33.3283
-31.4333
-32.8056
-32.9521
-34.271
-32.8969
-31.9654
-31.4149
-31.0013
-31.0013
-31.0013
-31.0013
-32.0667
-32.0667
-31.0013
-31.0013
-31.0013
-31.0013
-31.0013
-31.0013
-31.0013
-31.0013
-31.0013
-31.0013
-31.0013
-31.0013
-31.0013
-31.0013
-31.0013
-31.0013
-31.0013
-31.0013
-31.0013
-31.0013
-31.0013
-31.0013
-34.1186
-33.6596
-33.4813
-33.4813
-32.8997
-32.7115
-32.7115
-33.1691
-33.3739
-33.0264
-33.5425
-32.8924
-33.8662
-33.7545
-34.6982
-36.4334
-35.9894
-33.6525
-33.6525
-37.2913
-35.3946
-32.81
-32.81
-32.81
-33.6752
-32.81
-32.81
-32.2461
-37.9614
-37.9614
-37.6208
-33.0609
-33.5223
-33.5223
-33.5666
-34.799
-33.5223
-33.5223
-33.5223
-33.6164
-33.6164
-33.7368
-33.7368
-33.7267
-33.216
-33.216
-33.1172
-33.1172
-33.1172
-33.2165
-33.9813
-33.9813
-34.1576
-33.4242
-34.3713
-34.9136
-33.747
-33.9615
-33.4884
-34.1909
-34.4847
-34.8397
-33.5144
-32.8449
-32.8449
-32.8449
-35.293
-34.396
-34.1225
-33.2347
-33.5042
-37.2559
-33.9752
-33.9752
-34.489
-34.2875
-34.3725
-34.8831
-36.9249
-36.878
-34.0358
-34.0358
-34.0358
-38.0353
-34.7266
-34.7266
-34.0122
-33.2481
-33.2868
-33.2868
-33.2868
-38.0517
-38.1
-34.3837
-33.3527
-33.8582
-33.8582
-33.4382
-32.3051
-33.8828
-37.4316
-33.2727
-33.2727
-35.077
-29.9184
-29.9184
-29.9184
-29.9184
-29.9184
-29.9184
-29.9184
-29.9184
-29.9184
-29.9184
-29.9184
-29.9184
-29.9184
-29.9184
-29.9184
-33.9025
-31.33
-33.9025
-33.8435
-33.9025
-34.024
-33.4166
-32.7112
-37.336
-36.5876
-34.7551
-34.8928
-34.0339
-33.4963
-35.8743
-33.726
-33.0976
-33.0976
-33.3078
-33.0976
-33.5297
-34.6885
-33.6625
-33.6625
-33.2803
-33.2803
-34.952
-33.7251
-33.7251
-33.728
-33.728
-33.728
-32.7885
-32.7885
-32.5263
-34.979
-37.2304
-34.5283
-35.2846
-33.9416
-33.9416
-33.5237
-33.8611
-34.3767
-33.942
-33.7969
-34.792
-34.792
-33.6185
-33.891
-34.0113
-32.6464
-33.4497
-33.8283
-36.208
-34.1889
-34.4191
-33.7588
-33.2904
-33.2904
-37.1293
-33.4456
-34.6096
-35.4374
-35.684
-32.6573
-35.5989
-35.5989
-36.6813
-36.5255
-36.6186
-36.4123
-33.3621
-33.3621
-33.7986
-34.0218
-33.7986
-33.7986
-34.1375
-34.0674
-33.9842
-34.2799
-35.0913
-35.0913
-34.687
-34.9725
-34.9725
-36.2576
-34.3213
-35.5351
-35.5351
-34.8982
-33.7013
-37.3551
-37.7134
-34.1372
-34.1372
-34.4511
-34.4511
-34.4281
-33.2585
-33.2585
-33.2585
-31.9644
-34.9818
-34.9818
-33.6604
-33.7079
-33.079
-33.079
-34.8815
-34.8815
-33.9823
-33.3066
-36.0681
-33.4314
-33.6782
-31.8111
-31.8111
-33.389
-33.378
-33.378
-33.0792
-36.5933
-36.6338
-33.3452
-35.7284
-33.6104
-33.9598
-34.5789
-35.8597
-35.8597
-33.2172
-35.4083
-33.1511
-33.1511
-34.6415
-33.8932
-35.6871
-34.4004
-34.2669
-34.2669
-38.0062
-34.8255
-34.6539
-32.5974
-32.4693
-32.441
-32.5974
-32.5974
-33.6431
-35.5041
-35.5041
-34.0862
-35.3508
-36.158
-36.158
-36.2112
-35.0865
-33.4832
-38.0139
-36.8353
-32.935
-33.2992
-33.6446
-34.925
-33.9788
-33.643
-34.3586
-34.0476
-34.0476
-34.1481
-33.6123
-34.9223
-34.9223
-33.7234
-33.7234
-33.7234
-33.7292
-33.9781
-33.3161
-33.8622
-31.8837
-32.6042
-32.6042
-32.6042
-32.9681
-32.9681
-33.3657
-33.3657
-33.8718
-35.0849
-34.5999
-36.6409
-36.6409
-34.0346
-33.5018
-33.6184
-33.6184
-34.3812
-34.3812
-34.3812
-32.9899
-32.9899
-33.4387
-34.1845
-37.4991
-33.4561
-35.5844
-33.1996
-33.6449
-33.5644
-34.0612
-34.0612
-34.0612
-29.9184
-29.9184
-29.9184
-29.9184
-29.9184
-29.9184
-33.4449
-33.6954
-33.947
-34.4578
-33.663
-38.097
-33.714
-33.714
-33.859
-35.3285
-34.2945
-34.2945
-34.2945
-36.6906
-34.1118
-34.1118
-34.0434
-29.9184
-30.7983
-29.9184
-34.2843
-36.1907
-34.4518
-33.8374
-33.5069
-34.3979
-34.2053
-33.4863
-34.2506
-32.3577
-35.4682
-36.9809
-33.4864
-33.9852
-33.9007
-34.1453
-33.5235
-32.7911
-32.7911
-33.5806
-33.2634
-33.4373
-37.4995
-37.4995
-37.6995
-33.2727
-33.2727
-36.3966
-36.3966
-35.077
-33.74
-33.792
-33.792
-29.9184
-29.9184
-29.9184
-29.9184
-29.6223
-29.9184
-29.9184
-31.8812
-34.5675
-32.0454
-29.9184
-29.4355
-29.9184
-29.9184
-29.9184
-29.9184
-29.9184
-29.9184
-29.9184
-29.9184
-29.9184
-29.9184
-29.9184
-31.2947
-31.2947
-29.9184
-29.9184
-27.9473
-27.9473
-27.9473
-27.9473
-27.9473
-27.9473
-27.9473
-27.9473
-27.9473
-27.9473
-29.9184
-29.9184
-29.9184
-29.9184
-29.9184
-29.9184
-29.9184
-30.7983
-30.7983
-29.9184
-29.9184
-28.9554
-28.9554
-28.9554
-29.9184
-29.9184
-29.9184
-29.9184
-29.9184
-29.9184
-29.9184
-29.9184
-29.9184
-29.9184
-29.9184
-29.9184
-29.9184
-29.9184
-29.9184
-29.9184
-29.9184
-29.9184
-29.9184
-29.9184
-29.9184
-28.6491
-28.6491
-28.6491
-28.6491
-28.6491
-28.6491
-28.6491
-28.6491
-28.6491
-28.6491
-28.6491
-29.9184
-29.9184
-34.7736
-34.3289
-33.9025
-33.9025
-33.9025
-33.9025
-33.9025
-33.9025
-31.3413
-31.3413
-33.9025
-33.9025
-36.2715
-36.13
-33.8299
-33.7856
-33.386
-33.4547
-33.4547
-33.0981
-33.0981
-37.6451
-30.0872
-30.0872
-30.0872
-30.0872
-30.0872
-30.0872
-30.0872
-30.0872
-30.0872
-30.0872
-30.0872
-36.866
-33.9422
-34.6572
-34.4803
-33.7643
-33.9328
-33.9328
-31.296
-31.296
-31.296
-31.296
-32.1615
-32.1615
-32.1615
-32.1615
-32.1615
-32.1615
-31.296
-31.296
-32.8468
-33.4367
-34.0061
-31.296
-31.296
-33.8213
-33.0157
-31.296
-31.296
-31.296
-31.296
-31.296
-31.296
-31.296
-31.296
-31.296
-31.296
-31.296
-31.296
-31.296
-31.296
-31.296
-31.296
-31.296
-31.296
-31.296
-31.296
-31.296
-31.296
-31.296
-33.6132
-34.1214
-34.9168
-35.098
-34.7272
-34.7272
-34.7272
-29.9138
-29.9138
-34.1959
-36.1863
-32.8943
-32.8943
-32.0201
-32.0201
-35.1078
-33.8661
-34.2922
-34.0408
-33.6866
-32.4678
-34.1453
-33.8201
-33.8647
-33.3159
-33.3159
-33.0505
-31.7957
-31.7517
-31.7517
-31.7957
-31.7957
-31.7957
-31.7957
-31.7957
-31.7957
-31.7812
-33.1538
-33.1839
-32.987
-32.9555
-33.9477
-34.5991
-34.3577
-32.0993
-32.0993
-32.0993
-32.0993
-34.3313
-35.1751
-33.3779
-33.3779
-33.713
-34.3191
-34.7008
-33.3665
-32.5844
-32.5844
-34.4733
-33.0879
-33.9619
-34.487
-36.7833
-33.8362
-33.6705
-33.6705
-33.7066
-34.4518
-34.4518
-34.6861
-33.022
-32.9455
-32.8681
-32.8681
-32.8681
-32.8681
-34.0331
-33.1972
-33.4807
-34.8561
-34.8561
-33.4981
-33.8115
-34.385
-33.6419
-33.6419
-33.5761
-35.0629
-34.2561
-34.0909
-34.6932
-33.7529
-33.7529
-33.4797
-33.4797
-33.7529
-33.6199
-33.7289
-33.7289
-34.5282
-34.5282
-33.7624
-35.2982
-34.2931
-34.2931
-33.9919
-33.9423
-32.9184
-32.9681
-32.4102
-33.3078
-33.3078
-33.6943
-33.6846
-33.6846
-33.2538
-33.2223
-33.6179
-33.3657
-33.3657
-32.4844
-32.4844
-32.4844
-32.4844
-33.0877
-32.6724
-32.6724
-33.8607
-32.8458
-32.8458
-33.1944
-33.0556
-33.8743
-33.5865
-34.5179
-32.6511
-32.6511
-32.6511
-33.2562
-33.0675
-33.6737
-33.6737
-33.6737
-34.0948
-34.5564
-33.6201
-33.4768
-33.4768
-34.2204
-34.2204
-32.7594
-32.7594
-31.5968
-31.8862
-32.0741
-31.5968
-30.489
-30.489
-31.5968
-31.5968
-32.1043
-33.9382
-34.8418
-34.9443
-33.9038
-31.5968
-31.5968
-31.5968
-31.5968
-31.5968
-31.5968
-31.5968
-31.5968
-32.3435
-32.3435
-31.5968
-30.9626
-30.9626
-31.5968
-31.5968
-31.5968
-31.5968
-31.5968
-31.5968
-31.5968
-31.5968
-31.5968
-31.5968
-30.9531
-30.9531
-30.9531
-30.9531
-31.5968
-31.5968
-31.5968
-31.5968
-33.7206
-33.7206
-31.5968
-34.9858
-31.5968
-31.5968
-31.5968
-31.5968
-31.5968
-33.7236
-33.8672
-33.8672
-34.1726
-33.5796
