ip_ml_2_rawChain_unified = zeros(1000,3);
ip_ml_2_rawChain_unified = [9.1929185262539228e+00 3.8833577320298405e+00 5.2915787857095109e-01 
8.1201023135155125e+01 4.3452038428126434e+00 9.5539347597830182e-01 
8.1201023135155125e+01 4.3452038428126434e+00 9.5539347597830182e-01 
6.5119425137804569e+01 5.9363998568443428e+00 2.6109556975136511e-01 
6.5119425137804569e+01 5.9363998568443428e+00 2.6109556975136511e-01 
6.5119425137804569e+01 5.9363998568443428e+00 2.6109556975136511e-01 
7.4786384762658855e+01 5.1888641888628406e+00 7.0853730032228035e-01 
1.3421551513308957e+01 2.5397283936852881e+00 9.9725540056961059e-01 
1.3421551513308957e+01 2.5397283936852881e+00 9.9725540056961059e-01 
1.3421551513308957e+01 2.5397283936852881e+00 9.9725540056961059e-01 
4.4082845101286544e+01 6.4354557457018116e+00 7.4889389715358734e-01 
2.0464833445524038e+00 3.0299584793500145e+00 8.5900775883262859e-01 
2.4274587818420599e+01 3.1751441300862777e+00 7.8338842149362209e-01 
2.0464833445524038e+00 3.0299584793500145e+00 8.5900775883262859e-01 
2.0464833445524038e+00 3.0299584793500145e+00 8.5900775883262859e-01 
1.6695851831191881e+01 3.1870020785096784e+00 6.3864301920605349e-01 
4.1316983742367512e+01 8.0832077959625277e+00 7.6401855426765952e-01 
8.5770739258410646e+00 8.7328638487193899e+00 1.1926375792913273e+00 
1.2306547795906621e+01 8.9089064686666877e+00 1.1762372560342444e+00 
1.2306547795906621e+01 8.9089064686666877e+00 1.1762372560342444e+00 
1.2306547795906621e+01 8.9089064686666877e+00 1.1762372560342444e+00 
6.9661087574184478e+01 2.9244579365597958e+00 5.1043548976771258e-01 
6.4481698224866989e+01 5.8795919702624726e+00 4.1334534544760926e-01 
7.7025681313796909e+01 3.9581370791612751e+00 6.2399967872892392e-01 
1.7549496584862013e+01 7.4436130954947117e+00 8.8562963135102346e-01 
1.7549496584862013e+01 7.4436130954947117e+00 8.8562963135102346e-01 
5.1836335600046823e+01 9.4362677354168394e+00 8.3553561100431106e-01 
7.2815635949839319e+01 7.0122277662459238e+00 1.1132195994341003e+00 
1.0119309395997021e+01 8.7164320066492387e+00 2.4349066909589895e-01 
2.0953652210770802e+01 8.4853218931097025e+00 1.0383193403797897e+00 
8.6806114603891501e+01 7.4669854729527367e+00 7.5714935107417247e-01 
8.6806114603891501e+01 7.4669854729527367e+00 7.5714935107417247e-01 
3.7464047910198680e+01 7.7423430110723022e+00 8.8120753570567434e-01 
7.2233917622193445e+01 5.0911755680897857e+00 1.0219961106809774e+00 
8.5333898063829110e+01 2.9647935661539382e+00 5.4618311898486183e-01 
1.0017922123852969e+01 2.1119637875490218e+00 3.7828628418324861e-01 
4.2097280563069084e+01 3.9195911771470278e+00 3.7973139496430380e-01 
5.1738414076886301e+01 4.8056440984172877e+00 5.1071619831461201e-01 
7.2042675783602476e+01 9.4085855439667512e+00 1.1018089085216445e+00 
6.1061369273779597e+01 7.9603391845527032e+00 9.8139177319076354e-01 
1.5379808164429409e+00 8.6084795071464022e+00 1.0407905194633427e+00 
1.5379808164429409e+00 8.6084795071464022e+00 1.0407905194633427e+00 
1.2024502925727690e+01 5.4337724924216371e+00 6.3828526808557595e-01 
1.3474728264652621e+01 3.0715892884956557e+00 3.3670984616932104e-01 
1.3474728264652621e+01 3.0715892884956557e+00 3.3670984616932104e-01 
1.3474728264652621e+01 3.0715892884956557e+00 3.3670984616932104e-01 
1.1065608237832805e+01 2.6272058013177686e+00 3.0494785228836929e-01 
1.1065608237832805e+01 2.6272058013177686e+00 3.0494785228836929e-01 
1.1065608237832805e+01 2.6272058013177686e+00 3.0494785228836929e-01 
3.2942321341929272e+01 3.1240698288450264e+00 7.8247406290254617e-01 
7.8836337088065704e+01 6.9402202643563573e+00 2.7208363529867591e-01 
5.6598164263413977e+01 6.9415549218571355e+00 6.7923877243042430e-01 
3.9819054325392344e+01 8.4423281885330717e+00 1.1888748933406610e+00 
3.9143418185415833e+01 5.5174101539286688e+00 4.7512783223143951e-01 
9.7548323943989061e+01 8.9808020596306708e+00 2.4129559616742530e-01 
9.7548323943989061e+01 8.9808020596306708e+00 2.4129559616742530e-01 
5.8391366361934288e+01 6.9612130503840115e+00 4.7664139034932235e-01 
9.1558431944918652e+01 4.3778484237246680e+00 5.3173002640780975e-01 
5.5826945592220078e+01 4.3085785391046585e+00 2.0129802180233830e-01 
7.2660733325692149e+01 7.7221740479878394e+00 9.1861349144550752e-01 
7.6057048955883218e+01 7.3386197062669236e+00 1.0095661128145346e+00 
2.4512134069913820e+01 9.2447255566368423e+00 6.6049316169208017e-01 
4.9336490549666728e+01 4.9168935618889629e+00 4.3397777098238494e-01 
5.5021178798283700e+01 6.5502815495693882e+00 7.4053282847180690e-01 
5.5021178798283700e+01 6.5502815495693882e+00 7.4053282847180690e-01 
3.0161069653286532e+01 7.1124750389779265e+00 3.6897540341658130e-01 
7.3092107449777643e+01 8.7566682370589639e+00 4.4718120170969899e-01 
8.2520846144777877e+01 7.5262872060017783e+00 3.2991033559797417e-01 
8.2716224462950194e+01 9.9229032906246708e+00 2.9048884355665266e-01 
6.7921864506028271e+00 6.0472028560483242e+00 4.1371322197904659e-01 
6.7921864506028271e+00 6.0472028560483242e+00 4.1371322197904659e-01 
6.7921864506028271e+00 6.0472028560483242e+00 4.1371322197904659e-01 
5.7610733485365291e+00 6.2227457266978261e+00 2.7609537779434834e-01 
5.7610733485365291e+00 6.2227457266978261e+00 2.7609537779434834e-01 
4.2753982983146850e+00 8.9821371016789797e+00 1.0939422745570979e+00 
5.1762105423919557e+01 9.4838357897588512e+00 3.7404221437565682e-01 
2.0337021666902388e+01 8.2123609145455791e+00 9.1612682090816000e-01 
3.8385234085708518e+01 5.9044602305002956e+00 7.8568224441433465e-01 
3.4105415703949639e+01 3.3632739582111655e+00 2.7322880995831345e-01 
5.8295890756542832e+01 8.2527532099925835e+00 1.0566548277158159e+00 
5.8295890756542832e+01 8.2527532099925835e+00 1.0566548277158159e+00 
5.8295890756542832e+01 8.2527532099925835e+00 1.0566548277158159e+00 
2.4181455571221164e+01 9.2535443251234888e+00 1.0047297690989196e+00 
1.5508377592072087e+01 3.2992832520390638e+00 5.4133041466083109e-01 
1.5508377592072087e+01 3.2992832520390638e+00 5.4133041466083109e-01 
1.5508377592072087e+01 3.2992832520390638e+00 5.4133041466083109e-01 
1.5508377592072087e+01 3.2992832520390638e+00 5.4133041466083109e-01 
7.7351973732443767e+01 8.5423474682051079e+00 1.1904169329997791e+00 
4.2772744186491302e+01 8.1636650258400074e+00 9.9980526105619982e-01 
4.3776039547821995e+01 7.4905101343523253e+00 1.0848790577172200e+00 
2.8631954740311944e+01 7.5543850448623573e+00 7.0489989890851557e-01 
5.6058550971201655e+01 3.1226509356539460e+00 4.5888663977134092e-01 
7.3073625025054938e+01 3.6241506343044021e+00 7.1796481544688184e-01 
1.5598095050446164e+01 5.3026407728905314e+00 5.8286278628052746e-01 
3.3773426077344517e+01 7.6912099235326181e+00 4.8055570911378320e-01 
8.3865931189034782e+01 5.9542037696714312e+00 1.1443502012220208e+00 
9.6984934679090443e+01 6.1937055728542267e+00 9.2935803350123147e-01 
9.1385641745626486e+01 5.5070549807449947e+00 1.1313939709935574e+00 
9.1330144255782102e+01 4.1090567299752454e+00 7.4803820632552842e-01 
9.1330144255782102e+01 4.1090567299752454e+00 7.4803820632552842e-01 
1.3758077089905850e+01 4.8400122702656478e+00 7.2800508923197871e-01 
1.5883928660812582e+01 6.0392215465167656e+00 2.9016884647766272e-01 
4.0568319389540079e+01 5.4494823712264466e+00 1.1772963289149099e+00 
9.1211837067463478e+01 6.4121561236718936e+00 8.4076548781225158e-01 
9.0872081686737104e+01 9.6649599556957408e+00 7.7139904838309414e-01 
6.4291656325306093e+01 6.2379533880156783e+00 8.8786041144579320e-01 
6.4291656325306093e+01 6.2379533880156783e+00 8.8786041144579320e-01 
7.1838811577017353e+01 5.8167084720578472e+00 1.1733229253274473e+00 
4.5063634879679043e+01 6.8782785467846193e+00 1.1094996531643941e+00 
4.5063634879679043e+01 6.8782785467846193e+00 1.1094996531643941e+00 
5.5088831446962885e+01 8.4140410283919813e+00 9.0953357749466235e-01 
8.3290327949300746e+01 8.6176114724744668e+00 9.7371520632095776e-01 
8.3290327949300746e+01 8.6176114724744668e+00 9.7371520632095776e-01 
