ip_ml_23_rawLogTarget_unified = zeros(1000,1);
ip_ml_23_rawLogTarget_unified = [-828.764
-827.733
-827.726
-827.726
-827.905
-827.814
-828.454
-828.152
-827.649
-827.649
-827.649
-827.649
-828.26
-828.26
-829.102
-829.135
-827.716
-827.716
-827.722
-827.95
-828.305
-828.612
-828.612
-828.599
-828.073
-827.895
-828.143
-828.143
-828.26
-828.26
-828.546
-828.343
-829.714
-829.714
-828.834
-828.834
-829.783
-829.783
-828.415
-828.601
-828.545
-828.074
-828.526
-828.16
-832.223
-829.305
-829.305
-829.305
-829.7
-828.532
-828.532
-828.16
-828.623
-828.623
-828.354
-828.354
-828.435
-830.356
-827.95
-828.486
-828.486
-828.09
-828.09
-828.09
-827.663
-827.663
-828.473
-828.222
-829.232
-828.519
-828.16
-828.495
-828.176
-828.523
-827.855
-828.991
-828.991
-829.758
-829.758
-828.16
-828.16
-827.782
-827.933
-827.933
-827.933
-828.16
-828.16
-828.16
-828.16
-828.16
-828.16
-828.16
-828.16
-828.16
-827.928
-827.928
-827.928
-827.928
-827.906
-827.92
-828.369
-828.206
-828.206
-828.602
-828.16
-828.16
-827.904
-828.07
-828.16
-828.16
-828.16
-829.056
-829.136
-829.136
-829.136
-828.186
-828.186
-828.186
-828.223
-828.377
-828.16
-828.16
-828.021
-827.992
-827.992
-827.992
-828.03
-828.16
-829.685
-829.103
-829.095
-830.111
-830.111
-830.111
-828.773
-829.196
-828.486
-828.241
-828.241
-829.149
-828.141
-828.141
-828.141
-828.628
-827.951
-828.006
-828.181
-827.918
-827.918
-828.861
-828.472
-831.075
-828.388
-828.388
-827.93
-827.93
-827.93
-827.93
-827.678
-828.4
-828.111
-827.907
-828.056
-828.056
-828.056
-830.121
-828.448
-831.389
-828.729
-828.636
-829.138
-827.742
-829.215
-828.524
-828.204
-829.059
-829.059
-827.69
-827.69
-827.819
-829.401
-829.401
-828.339
-829.119
-828.444
-827.892
-829.211
-829.211
-830.462
-830.501
-830.501
-829.017
-829.017
-829.017
-830.436
-828.933
-828.538
-828.538
-828.538
-830.659
-828.11
-828.11
-828.617
-828.617
-828.717
-828.717
-828.717
-828.717
-833.283
-828.264
-828.264
-828.232
-828.085
-828.586
-827.843
-827.735
-829.282
-829.644
-829.644
-828.912
-828.822
-828.254
-830.713
-832.772
-831.252
-828.073
-829.308
-829.308
-828.128
-828.699
-828.394
-828.519
-827.97
-827.97
-827.97
-828.351
-828.061
-829.081
-828.361
-828.361
-827.986
-828.559
-829.121
-829.121
-827.695
-828.155
-828.155
-828.144
-829.104
-827.868
-828.697
-828.697
-828.508
-828.049
-828.049
-828.166
-828.166
-828.166
-828.796
-828.359
-828.359
-828.359
-828.359
-827.912
-827.961
-828.811
-828.612
-828.811
-828.811
-828.811
-828.864
-829.239
-828.576
-828.576
-828.576
-829.975
-829.975
-831.165
-827.881
-827.881
-827.935
-827.775
-827.775
-827.775
-830.585
-830.585
-829.283
-829.338
-829.24
-829.24
-829.24
-828.594
-828.594
-828.594
-828.396
-829.13
-827.975
-827.861
-827.861
-827.861
-829.037
-828.992
-828.992
-831.938
-831.938
-827.88
-827.88
-828.18
-827.593
-827.88
-827.88
-827.88
-827.88
-827.635
-831.355
-828.251
-828.251
-828.251
-828.251
-828.643
-828.643
-828.703
-828.703
-828.703
-828.136
-828.136
-828.136
-828.2
-828.406
-827.727
-828.004
-828.004
-827.832
-827.832
-828.827
-828.827
-828.474
-828.12
-827.915
-828.058
-828.139
-828.139
-828.139
-827.981
-828.188
-828.188
-828.188
-827.833
-828.015
-828.313
-828.399
-830.188
-827.908
-831.121
-827.91
-827.91
-828.2
-828.2
-828.861
-828.2
-828.2
-828.567
-829.241
-829.241
-829.241
-827.661
-829.539
-827.818
-827.818
-828.075
-828.261
-828.308
-828.259
-829.062
-829.349
-828.039
-828.171
-828.644
-828.644
-828.643
-828.643
-828.425
-829.344
-829.04
-830.299
-830.299
-834.382
-831.886
-829.914
-828.861
-830.1
-830.1
-830.1
-827.926
-828.119
-827.786
-828.106
-827.945
-829.27
-829.27
-827.86
-829.683
-829.683
-829.398
-828.835
-828.835
-827.786
-827.7
-827.7
-827.7
-827.7
-827.878
-827.878
-827.878
-828.748
-828.958
-828.958
-829.12
-828.953
-830.815
-828.466
-828.39
-829.492
-830.354
-827.829
-827.829
-827.718
-827.718
-828.775
-828.359
-828.529
-828.529
-828.319
-827.753
-827.753
-828.564
-830.111
-829.351
-829.303
-828.113
-827.867
-828.318
-828.318
-827.822
-827.822
-827.822
-827.884
-828.069
-828.363
-828.363
-829.939
-829.939
-828.217
-828.811
-829.036
-829.26
-827.782
-827.782
-827.62
-827.867
-828.361
-828.111
-828.157
-829.583
-828.994
-827.62
-828.28
-827.848
-827.848
-827.62
-827.62
-827.62
-828.112
-828.045
-828.064
-828.022
-828.022
-827.62
-827.62
-827.62
-827.863
-828.838
-827.62
-827.62
-827.62
-827.881
-827.881
-827.881
-828.808
-828.808
-829.761
-828.631
-828.079
-828.079
-827.863
-828.095
-828.095
-828.095
-828.634
-828.612
-832.66
-828.038
-827.852
-827.852
-827.852
-828.473
-828.473
-829.116
-829.116
-829.116
-828.912
-828.912
-828.912
-828.912
-828.912
-828.24
-828.666
-828.214
-828.609
-829.289
-828.548
-828.548
-828.158
-828.124
-828.144
-829.007
-828.13
-828.13
-829.59
-828.056
-828.249
-828.249
-828.224
-828.224
-828.224
-828.224
-828.282
-828.282
-828.167
-828.559
-828.278
-828.278
-828.237
-830.349
-830.349
-830.753
-832.492
-828.241
-828.241
-828.537
-828.537
-827.866
-828.018
-828.003
-827.839
-827.839
-827.839
-827.839
-829.268
-827.913
-829.767
-828.83
-828.83
-827.986
-827.986
-829.196
-828.446
-827.954
-827.903
-828.053
-828.443
-827.606
-827.606
-827.606
-829.219
-829.219
-829.219
-829.842
-829.842
-829.842
-828.087
-828.087
-828.686
-828.546
-828.424
-827.942
-827.942
-827.942
-831.576
-829.347
-830.019
-830.019
-828.851
-828.709
-828.825
-828.722
-827.96
-827.699
-827.801
-828.244
-830.137
-829.197
-829.672
-828.369
-828.369
-828.093
-827.678
-828.338
-828.724
-828.724
-827.942
-827.942
-827.877
-830.115
-828.966
-829.244
-828.966
-828.104
-828.104
-828.104
-828.104
-828.933
-828.933
-827.827
-827.827
-827.827
-828.31
-829.63
-828.995
-828.545
-828.538
-827.828
-828.619
-828.619
-829.092
-831.312
-832.079
-831.267
-833.371
-829.739
-830.493
-829.739
-828.763
-828.803
-829.332
-830.772
-828.695
-828.651
-828.56
-830.264
-832.42
-827.761
-827.856
-827.761
-827.761
-827.763
-829.716
-829.706
-828.408
-827.905
-828.559
-828.641
-828.724
-829.2
-829.194
-828.054
-828.466
-828.814
-828.814
-828.228
-828.926
-829.123
-831.948
-828.314
-829.022
-830.981
-828.038
-827.772
-827.772
-828.646
-827.995
-829.743
-828.682
-828.682
-832.169
-829.157
-830.037
-828.535
-828.535
-828.283
-828.283
-827.656
-827.656
-828.283
-830.503
-829.209
-829.588
-828.465
-828.465
-828.49
-833.81
-828.947
-828.947
-829.389
-827.989
-828.211
-828.211
-828.211
-828.211
-828.211
-828.211
-827.964
-827.964
-829.363
-830.323
-828.47
-829.816
-828.779
-828.025
-828.025
-829.192
-827.915
-828.758
-828.746
-827.811
-828.206
-827.814
-828.524
-828.524
-827.811
-829.313
-828.425
-828.684
-828.684
-829.727
-828.195
-828.195
-829.571
-827.79
-830.943
-828.623
-829.92
-830.614
-827.63
-829.703
-828.962
-828.022
-829.299
-828.398
-828.574
-831.928
-830.01
-830.01
-830.01
-829.654
-829.455
-829.629
-828.248
-828.21
-828.074
-828.074
-828.074
-828.074
-828.248
-829.771
-830.243
-827.625
-827.625
-827.625
-829.363
-827.964
-828.616
-829.012
-827.775
-829.513
-828.014
-828.467
-828.007
-828.515
-828.515
-828.687
-827.878
-827.878
-828.142
-828.186
-829.499
-828.413
-828.413
-831.524
-828.1
-828.133
-827.805
-827.805
-828.058
-828.058
-827.825
-827.98
-827.98
-827.98
-827.781
-827.781
-827.781
-828.079
-828.636
-828.636
-827.906
-829.301
-829.336
-835.382
-828.714
-833.503
-828.593
-827.88
-828.114
-827.694
-829.781
-829.779
-829.779
-828.2
-828.2
-829.361
-829.179
-830.35
-832.891
-827.898
-827.898
-828.155
-828.397
-828.137
-828.137
-829.677
-828.623
-827.813
-828.189
-828.264
-827.997
-828.136
-829.236
-828.35
-827.684
-827.992
-830.837
-827.723
-827.723
-827.723
-828.044
-827.723
-827.723
-828.162
-828.45
-827.922
-828.276
-828.16
-832.424
-828.081
-828.032
-828.696
-828.086
-828.086
-828.086
-828.086
-827.746
-827.746
-828.086
-828.086
-828.086
-827.92
-828.262
-827.881
-827.63
-828.012
-828.024
-828.48
-827.892
-827.892
-828.54
-828.32
-828.32
-829.296
-828.308
-828.323
-828.323
-829.973
-828.212
-828.324
-827.876
-829.266
-828.304
-828.304
-828.093
-827.792
-827.828
-828.31
-827.792
-827.997
-827.997
