ip_ml_24_rawLogTarget_unified = zeros(1000,1);
ip_ml_24_rawLogTarget_unified = [-1347.4
-1347.4
-1345.72
-1345.45
-1346.01
-1346.01
-1346.41
-1346.22
-1346.13
-1346.13
-1346.13
-1345.59
-1345.59
-1346.07
-1345.7
-1346.17
-1346.17
-1346.17
-1345.71
-1345.71
-1345.71
-1345.99
-1345.99
-1346.4
-1346.4
-1346.4
-1345.75
-1345.75
-1345.75
-1347.79
-1346.48
-1346.9
-1348.27
-1348.27
-1347.02
-1351.17
-1347.74
-1345.97
-1346.42
-1346.42
-1346.73
-1346.73
-1346.1
-1346.73
-1346.09
-1347.58
-1346.95
-1346.95
-1345.81
-1346.17
-1346.34
-1346.34
-1346.31
-1346.31
-1346.31
-1346.31
-1345.61
-1345.61
-1345.61
-1345.61
-1345.61
-1345.61
-1346.52
-1346.96
-1347.44
-1347.44
-1346.48
-1346.48
-1347.01
-1345.93
-1345.68
-1346.58
-1349.01
-1347.68
-1348.21
-1347.64
-1346.34
-1345.84
-1345.92
-1345.68
-1345.68
-1346.42
-1346.42
-1346.42
-1347.11
-1346.42
-1345.92
-1345.92
-1346.42
-1346.42
-1346.42
-1345.55
-1346.42
-1346.42
-1346.42
-1346.42
-1346.04
-1346.04
-1346.04
-1346.04
-1346.04
-1346.01
-1346.76
-1346.76
-1346
-1346
-1345.98
-1345.98
-1346.42
-1347.87
-1348
-1346.46
-1346.51
-1346.09
-1346.71
-1347.52
-1347.52
-1345.99
-1346.62
-1346.01
-1346.42
-1345.78
-1346.19
-1346.19
-1346.19
-1346.15
-1347.02
-1347.52
-1345.9
-1345.9
-1349.59
-1349.58
-1347.41
-1347.45
-1346.55
-1346.55
-1348.02
-1347.56
-1346.39
-1347.18
-1346.08
-1346.08
-1346.45
-1346.45
-1346.45
-1345.78
-1345.78
-1346.62
-1346.03
-1346.03
-1346.92
-1346.92
-1346.92
-1346.79
-1346.05
-1347.01
-1347.01
-1345.97
-1345.71
-1345.64
-1346.34
-1346.01
-1346.01
-1346.77
-1346.77
-1346.25
-1347.29
-1347.02
-1348.28
-1347.97
-1346.89
-1347.19
-1345.75
-1345.75
-1345.75
-1345.57
-1348.13
-1346.73
-1346.87
-1347.28
-1346.88
-1346.49
-1346.83
-1347.88
-1345.63
-1345.66
-1345.66
-1345.66
-1345.87
-1345.87
-1345.74
-1346.71
-1346.71
-1346.69
-1347.05
-1346.88
-1348.12
-1348.12
-1347.81
-1347.05
-1347.81
-1347.81
-1346.01
-1347.67
-1347.03
-1347.03
-1347.03
-1350.47
-1346.09
-1346.09
-1347.16
-1347.16
-1347.16
-1346.84
-1346.7
-1346.38
-1346.38
-1346.59
-1346.54
-1347.94
-1345.73
-1346.11
-1347.64
-1347.49
-1349.25
-1346.28
-1346.77
-1346.77
-1345.91
-1345.91
-1346.37
-1346.8
-1345.9
-1346.11
-1347.2
-1348.03
-1346.26
-1345.84
-1346.68
-1347.98
-1348.06
-1345.67
-1345.67
-1345.67
-1346.72
-1346.41
-1346.39
-1347.77
-1345.95
-1346.24
-1346.43
-1346.88
-1347.82
-1348.53
-1346.96
-1347.47
-1346.74
-1346.74
-1347.03
-1347.03
-1346.96
-1346.96
-1347.31
-1348.1
-1345.8
-1346.34
-1345.8
-1345.8
-1345.8
-1345.8
-1345.8
-1346.37
-1347.8
-1347.8
-1347.8
-1348.05
-1346.8
-1351.13
-1345.93
-1345.93
-1345.93
-1345.48
-1345.48
-1345.48
-1345.68
-1346.22
-1346.22
-1345.96
-1345.98
-1345.96
-1345.96
-1345.96
-1345.96
-1345.57
-1345.95
-1347.3
-1347.3
-1347.3
-1345.91
-1346.81
-1345.97
-1345.72
-1345.63
-1345.63
-1345.68
-1345.68
-1346.28
-1346.93
-1346.19
-1346.02
-1346.02
-1346.25
-1346.25
-1346.38
-1345.92
-1345.92
-1346.24
-1346.31
-1347.69
-1346.13
-1346.29
-1346.46
-1346.46
-1346.99
-1346.46
-1346.46
-1345.89
-1346.19
-1346.67
-1346.67
-1346.67
-1346.52
-1346.01
-1346.01
-1346.01
-1345.95
-1346.71
-1345.92
-1346.09
-1346.01
-1346.01
-1346.01
-1346.48
-1346.67
-1346.67
-1347.56
-1347.56
-1346.48
-1346.48
-1346.82
-1348.17
-1348.17
-1348.17
-1345.61
-1348.65
-1348.65
-1345.42
-1346.28
-1346.28
-1346.4
-1346.58
-1347.09
-1347.09
-1347.09
-1348.89
-1347.2
-1347.2
-1346.64
-1347.53
-1348.34
-1347.63
-1347.84
-1347.56
-1348.76
-1346.42
-1345.87
-1346.33
-1347.19
-1346.32
-1346.32
-1346.33
-1346.07
-1345.93
-1348.89
-1349.89
-1346.81
-1346.23
-1348.67
-1348.67
-1348.67
-1345.67
-1345.92
-1345.67
-1345.67
-1345.67
-1345.96
-1345.96
-1345.96
-1345.96
-1347.37
-1346.48
-1346.72
-1347.7
-1346.22
-1346.22
-1346.2
-1345.88
-1345.86
-1345.86
-1345.7
-1345.7
-1345.7
-1345.7
-1345.7
-1346.5
-1345.76
-1345.76
-1345.96
-1346.65
-1347.2
-1346.34
-1345.95
-1346.19
-1346.03
-1345.87
-1345.87
-1346.65
-1345.74
-1345.97
-1345.77
-1345.59
-1346.27
-1347.44
-1348.32
-1348.32
-1346.18
-1345.93
-1346.75
-1346.51
-1349.7
-1348.39
-1347.55
-1345.81
-1345.81
-1346
-1345.54
-1346.28
-1346.78
-1346.34
-1346.34
-1346.33
-1346.41
-1346.41
-1347.77
-1347.77
-1345.54
-1345.91
-1345.91
-1348.22
-1345.91
-1345.91
-1345.54
-1345.54
-1345.54
-1345.54
-1346.34
-1346.34
-1346.2
-1346.1
-1345.54
-1345.54
-1345.54
-1345.54
-1346.94
-1345.54
-1345.54
-1345.54
-1345.54
-1345.54
-1345.97
-1345.97
-1346.56
-1346.56
-1345.97
-1345.97
-1345.97
-1346.79
-1346.79
-1346.45
-1347.36
-1347.36
-1346.16
-1345.68
-1346.29
-1346.29
-1346.32
-1346.6
-1346.83
-1346.31
-1346.74
-1346.22
-1346.22
-1346.46
-1346.46
-1346.02
-1346.02
-1345.92
-1346.95
-1345.92
-1347.52
-1347.33
-1346.93
-1347.56
-1347.56
-1345.73
-1347.64
-1347.64
-1347.64
-1346.92
-1347.64
-1347.15
-1347.05
-1347.05
-1346.36
-1346.36
-1346.69
-1346.4
-1346.37
-1346.37
-1346.37
-1346.56
-1347.12
-1347.11
-1346.62
-1346.44
-1346.43
-1346.44
-1346.44
-1347.11
-1346.02
-1346.02
-1346.27
-1346.27
-1346.55
-1345.94
-1345.94
-1346.31
-1345.72
-1345.72
-1345.9
-1345.61
-1345.72
-1345.72
-1345.96
-1347.5
-1346.06
-1346.06
-1346.06
-1347.31
-1346.69
-1346.14
-1346.14
-1346.14
-1346.14
-1346.76
-1346.76
-1346.7
-1346.7
-1346.25
-1346.39
-1346.09
-1347.83
-1346.25
-1345.52
-1345.52
-1345.52
-1345.52
-1345.52
-1345.52
-1345.54
-1348.14
-1348.14
-1347.7
-1346.3
-1346.3
-1346.3
-1347.04
-1346.01
-1345.8
-1345.67
-1345.56
-1346.07
-1346.07
-1346.07
-1346.07
-1346.07
-1345.79
-1345.79
-1349.43
-1347.54
-1347.31
-1347.31
-1346.14
-1346.12
-1345.67
-1345.67
-1346.56
-1345.84
-1348.51
-1348.51
-1346.31
-1346.49
-1345.64
-1347.37
-1346.07
-1345.99
-1346.3
-1347.73
-1346.26
-1345.8
-1348.28
-1346.51
-1346.51
-1346.51
-1346.18
-1346.19
-1347.67
-1347.67
-1345.88
-1345.88
-1345.88
-1347.94
-1347.71
-1347.26
-1347.29
-1347.03
-1345.88
-1345.88
-1347.16
-1346.24
-1347.89
-1348.98
-1347.4
-1347.46
-1351.54
-1346.98
-1348.55
-1346.1
-1346.1
-1347.06
-1346.03
-1345.77
-1346.05
-1345.84
-1346.31
-1345.78
-1345.78
-1349.61
-1348.3
-1346.03
-1346.03
-1345.69
-1347.48
-1346.61
-1346.65
-1346.18
-1348.37
-1347.89
-1347.89
-1347.89
-1347.8
-1345.79
-1347.21
-1346.15
-1346.15
-1346.15
-1349.43
-1347.27
-1346.07
-1346.18
-1349.46
-1347.03
-1346.69
-1346.57
-1346.57
-1346.62
-1346.99
-1345.79
-1346.62
-1346.62
-1348.65
-1346.91
-1346.01
-1346.01
-1346.95
-1345.78
-1345.78
-1345.73
-1348.61
-1346.5
-1346.5
-1345.53
-1346.5
-1347.02
-1346.96
-1347.42
-1346.2
-1346.36
-1348.09
-1346.48
-1346.27
-1346.5
-1345.85
-1345.65
-1345.65
-1345.65
-1346.96
-1347.83
-1345.85
-1346.14
-1346.85
-1347.27
-1348.96
-1347.14
-1348.71
-1345.82
-1345.82
-1345.71
-1345.71
-1346.06
-1346.7
-1349.47
-1345.56
-1345.56
-1345.56
-1348.83
-1349.73
-1346.2
-1346.2
-1347.09
-1345.59
-1345.69
-1347.95
-1345.7
-1346.65
-1345.95
-1346.39
-1347.15
-1346.72
-1347.59
-1349.42
-1348.03
-1348.84
-1348.84
-1346.56
-1346.56
-1346.28
-1346.28
-1346.43
-1346.74
-1345.55
-1345.55
-1346.06
-1346.06
-1346.5
-1346.75
-1345.79
-1346.5
-1346.5
-1346.55
-1346.92
-1346.64
-1347.27
-1345.96
-1346.57
-1346.46
-1348.45
-1345.77
-1345.77
-1345.79
-1346.17
-1345.84
-1345.84
-1345.84
-1346.25
-1346.25
-1346.25
-1346.01
-1345.88
-1345.88
-1345.88
-1345.84
-1345.96
-1345.8
-1345.8
-1345.8
-1345.8
-1345.8
-1345.59
-1346.29
-1346.51
-1346.01
-1346.01
-1346.01
-1346.81
-1347.25
-1347.12
-1347.16
-1349.04
-1346.48
-1345.75
-1346.41
-1348.37
-1345.76
-1346.98
-1345.97
-1345.97
-1345.81
-1348.13
-1348.13
-1345.86
-1346.37
-1346.37
-1346.38
-1346.27
-1346.49
-1346.31
-1346.31
-1346.31
-1346.04
-1345.89
-1345.71
-1345.71
-1345.73
-1345.73
-1345.71
-1345.71
-1346.42
-1346.61
-1346.98
-1346.14
-1346.14
-1346.14
-1346.21
-1346.84
-1346.84
-1346.61
-1347.29
-1346.3
-1346.32
-1346.3
-1345.75
-1345.75
-1345.75
-1345.75
-1346.3
-1346.3
-1346.99
-1345.97
-1345.64
-1346.07
-1345.98
-1346.06
-1346.59
-1347.07
-1347.07
-1348.78
-1346.68
-1346.5
-1346.5
-1345.96
-1346.65
-1346.94
-1346.05
-1346.05
-1345.75
-1346.66
-1346.66
-1345.82
-1346.39
-1347.01
-1347.01
-1346.5
-1347.08
-1346.49
-1345.75
-1346.17
-1346.6
-1345.78
-1346.1
-1346.1
