ip_ml_1_rawChain_unified = zeros(1000,3);
ip_ml_1_rawChain_unified = [9.1929185262539228e+00 3.8833577320298405e+00 5.2915787857095109e-01 
9.1929185262539228e+00 3.8833577320298405e+00 5.2915787857095109e-01 
8.1201023135155125e+01 4.3452038428126434e+00 9.5539347597830182e-01 
8.1201023135155125e+01 4.3452038428126434e+00 9.5539347597830182e-01 
2.4234082303497708e+01 6.0232173576504193e+00 4.2243422624096055e-01 
4.9950804444041836e+01 5.7245396252646081e+00 4.5386534749419394e-01 
1.3421551513308957e+01 2.5397283936852881e+00 9.9725540056961059e-01 
1.3421551513308957e+01 2.5397283936852881e+00 9.9725540056961059e-01 
9.4500956662410033e+01 2.7334938785832379e+00 1.0895474417152371e+00 
9.4500956662410033e+01 2.7334938785832379e+00 1.0895474417152371e+00 
9.4500956662410033e+01 2.7334938785832379e+00 1.0895474417152371e+00 
4.4082845101286544e+01 6.4354557457018116e+00 7.4889389715358734e-01 
1.2584498744565536e+01 3.1924889740570128e+00 7.5632321020343152e-01 
2.0464833445524038e+00 3.0299584793500145e+00 8.5900775883262859e-01 
2.0464833445524038e+00 3.0299584793500145e+00 8.5900775883262859e-01 
5.1765057212581127e+01 3.8204268328644448e+00 9.6677094722753831e-01 
1.6695851831191881e+01 3.1870020785096784e+00 6.3864301920605349e-01 
8.5770739258410646e+00 8.7328638487193899e+00 1.1926375792913273e+00 
8.5770739258410646e+00 8.7328638487193899e+00 1.1926375792913273e+00 
8.0182732527728575e+01 2.1901062986819317e+00 8.5528611813943933e-01 
8.4072181884856249e+01 2.1903330978335784e+00 1.0640262504966136e+00 
8.4072181884856249e+01 2.1903330978335784e+00 1.0640262504966136e+00 
5.1902081913103313e+00 8.4288965964170437e+00 9.2736975425351598e-01 
5.1902081913103313e+00 8.4288965964170437e+00 9.2736975425351598e-01 
5.1902081913103313e+00 8.4288965964170437e+00 9.2736975425351598e-01 
5.1902081913103313e+00 8.4288965964170437e+00 9.2736975425351598e-01 
1.2306547795906621e+01 8.9089064686666877e+00 1.1762372560342444e+00 
1.2306547795906621e+01 8.9089064686666877e+00 1.1762372560342444e+00 
1.2306547795906621e+01 8.9089064686666877e+00 1.1762372560342444e+00 
6.9661087574184478e+01 2.9244579365597958e+00 5.1043548976771258e-01 
6.9661087574184478e+01 2.9244579365597958e+00 5.1043548976771258e-01 
8.3426980416425067e+01 3.5973071267387953e+00 2.1127419921477503e-01 
1.7549496584862013e+01 7.4436130954947117e+00 8.8562963135102346e-01 
1.7549496584862013e+01 7.4436130954947117e+00 8.8562963135102346e-01 
5.1836335600046823e+01 9.4362677354168394e+00 8.3553561100431106e-01 
5.3366616815604871e+01 3.5051591624998952e+00 1.1550498614608926e+00 
5.3366616815604871e+01 3.5051591624998952e+00 1.1550498614608926e+00 
7.2815635949839319e+01 7.0122277662459238e+00 1.1132195994341003e+00 
1.0119309395997021e+01 8.7164320066492387e+00 2.4349066909589895e-01 
4.2861314694126015e+01 9.6800786518875341e+00 2.2851385663722915e-01 
3.2840066801758148e+01 6.8921224746860092e+00 1.0097413625248641e+00 
2.0953652210770802e+01 8.4853218931097025e+00 1.0383193403797897e+00 
5.9738978196516513e+01 9.0874554024511003e+00 8.3805073914917538e-01 
3.4883448231569290e+00 9.9376399752310025e+00 9.7435197101235249e-01 
2.3574636053406795e+01 2.2893808190116918e+00 6.2886475176121404e-01 
8.1489087323172186e+01 2.5131509313200739e+00 1.1451058511311150e+00 
8.5333898063829110e+01 2.9647935661539382e+00 5.4618311898486183e-01 
1.0017922123852969e+01 2.1119637875490218e+00 3.7828628418324861e-01 
4.2097280563069084e+01 3.9195911771470278e+00 3.7973139496430380e-01 
4.2097280563069084e+01 3.9195911771470278e+00 3.7973139496430380e-01 
9.7073931756029424e+01 3.1178150453658970e+00 1.0613947907038359e+00 
7.2754912348857147e+01 3.6337194339190204e+00 2.7708749563400376e-01 
7.2042675783602476e+01 9.4085855439667512e+00 1.1018089085216445e+00 
5.5740789309873996e+01 2.5263309336961126e+00 1.1236121971040454e+00 
9.6363389486781692e-01 7.5538696777618561e+00 5.7755463207870039e-01 
1.7004934048418853e+01 7.7570973351953416e+00 8.7749241966712854e-01 
1.7004934048418853e+01 7.7570973351953416e+00 8.7749241966712854e-01 
1.3474728264652621e+01 3.0715892884956557e+00 3.3670984616932104e-01 
1.3474728264652621e+01 3.0715892884956557e+00 3.3670984616932104e-01 
1.3474728264652621e+01 3.0715892884956557e+00 3.3670984616932104e-01 
7.0994502619741638e+01 2.3839345429987109e+00 9.8394306040665991e-01 
3.2942321341929272e+01 3.1240698288450264e+00 7.8247406290254617e-01 
5.6628756735699568e+01 8.9163664880362834e+00 2.1841862006693369e-01 
7.8836337088065704e+01 6.9402202643563573e+00 2.7208363529867591e-01 
8.8819086050769442e+01 2.4204253853676496e+00 5.4155222034606432e-01 
3.9819054325392344e+01 8.4423281885330717e+00 1.1888748933406610e+00 
7.6046279362667434e+01 7.7272586078617920e+00 3.1636017981738607e-01 
4.0139905024850783e+01 5.4078014109476538e+00 6.5010262811563979e-01 
9.7548323943989061e+01 8.9808020596306708e+00 2.4129559616742530e-01 
3.1477667522592178e+01 8.4375939822422446e+00 9.0760437923095050e-01 
5.8391366361934288e+01 6.9612130503840115e+00 4.7664139034932235e-01 
5.5826945592220078e+01 4.3085785391046585e+00 2.0129802180233830e-01 
7.4725287953547763e+01 7.4459461672384304e+00 5.9471293413656245e-01 
9.8116758008033642e+01 1.6965221815589915e+00 7.3482947619107075e-01 
2.7580776228614155e+01 9.3262235393472306e+00 6.2610145009291140e-01 
9.5514928381919518e+01 3.5188167157769188e+00 1.1239546171468973e+00 
3.6590239082231385e+01 6.6509507662947849e+00 9.3765237585585104e-01 
4.9336490549666728e+01 4.9168935618889629e+00 4.3397777098238494e-01 
4.2683394713857290e+01 9.2057524226184668e+00 5.5869572108473908e-01 
2.9611470489375151e+01 9.3080468077918255e+00 9.7958426841789570e-01 
7.3092107449777643e+01 8.7566682370589639e+00 4.4718120170969899e-01 
6.6294870548437048e+00 6.9025085064916549e+00 1.1000907153153328e+00 
8.2716224462950194e+01 9.9229032906246708e+00 2.9048884355665266e-01 
8.2716224462950194e+01 9.9229032906246708e+00 2.9048884355665266e-01 
5.7853879195579641e+00 3.9001899416861296e-01 8.4697987474101022e-01 
2.2532087764627114e+01 8.4478861806617651e+00 2.5652184631883018e-01 
4.2753982983146850e+00 8.9821371016789797e+00 1.0939422745570979e+00 
2.1694125169728768e+01 3.4215353184485462e+00 1.0568341842752644e+00 
2.8892381310640769e+01 1.6607545210696852e+00 4.8592496186893613e-01 
2.8892381310640769e+01 1.6607545210696852e+00 4.8592496186893613e-01 
8.0655598784299187e+01 2.8204577263762474e+00 4.1261860575650422e-01 
5.1762105423919557e+01 9.4838357897588512e+00 3.7404221437565682e-01 
2.6377766591182592e+00 5.4066396629273896e+00 8.8583195648292712e-01 
7.3981552145054678e+01 3.4869590626109934e+00 1.1048911743151637e+00 
3.1903402652862397e+01 7.2822528812078247e+00 3.1337572552438486e-01 
2.1586962291152844e+01 7.4242050658461256e+00 9.2756648340877512e-01 
2.1586962291152844e+01 7.4242050658461256e+00 9.2756648340877512e-01 
1.6623474299910846e+01 5.5529673031840909e+00 7.3081644502248222e-01 
3.2849651914939891e+01 5.3671539672013928e+00 5.6169147747387749e-01 
5.1149200371204913e+01 5.4960644553854374e+00 5.4476053387379197e-01 
4.2802319972655035e+01 6.5627538172520197e+00 1.0324996821588321e+00 
3.4726215070986925e+01 3.8956524074649028e+00 8.4569806474639142e-01 
2.4181455571221164e+01 9.2535443251234888e+00 1.0047297690989196e+00 
1.5508377592072087e+01 3.2992832520390638e+00 5.4133041466083109e-01 
4.2772744186491302e+01 8.1636650258400074e+00 9.9980526105619982e-01 
4.2772744186491302e+01 8.1636650258400074e+00 9.9980526105619982e-01 
4.3776039547821995e+01 7.4905101343523253e+00 1.0848790577172200e+00 
2.8631954740311944e+01 7.5543850448623573e+00 7.0489989890851557e-01 
4.9355465179533240e+01 3.6332864959296609e+00 5.7936869011270598e-01 
1.7790844777271051e+01 5.3018571937042678e+00 6.4182015689654970e-01 
7.3628758085590704e+01 8.2104571985555896e+00 9.4673729552320007e-01 
8.3865931189034782e+01 5.9542037696714312e+00 1.1443502012220208e+00 
9.1385641745626486e+01 5.5070549807449947e+00 1.1313939709935574e+00 
