ip_ml_22_rawLogLikelihood_unified = zeros(1000,1);
ip_ml_22_rawLogLikelihood_unified = [-559.056
-559.056
-558.361
-558.481
-558.932
-559.753
-559.311
-559.753
-559.435
-560.109
-559.829
-560.294
-563.223
-558.31
-558.452
-558.31
-558.642
-558.642
-559.159
-559.282
-559.756
-558.355
-558.355
-559.188
-558.363
-558.395
-558.395
-558.723
-558.723
-559.916
-559.314
-558.591
-558.67
-558.64
-558.64
-558.602
-558.718
-558.91
-558.91
-559.614
-559.399
-559.737
-559.525
-558.822
-558.786
-558.652
-560.732
-561.37
-559.418
-559.418
-559.418
-559.807
-558.652
-558.652
-558.652
-559.588
-559.657
-558.511
-558.511
-558.319
-559.375
-558.802
-558.612
-558.612
-559.369
-558.652
-558.652
-558.652
-558.703
-558.667
-559.257
-559.208
-559.208
-559.208
-558.652
-558.652
-558.652
-558.652
-558.652
-558.652
-558.652
-558.496
-558.496
-558.491
-558.922
-558.732
-558.947
-558.947
-558.512
-558.652
-558.652
-558.652
-558.652
-558.652
-559.251
-561.967
-559.305
-558.415
-558.797
-558.797
-558.797
-560.164
-558.652
-558.652
-558.652
-558.652
-558.652
-559.672
-559.672
-560.822
-559.554
-559.089
-559.089
-559.957
-559.957
-559.957
-559.061
-558.87
-558.964
-558.639
-558.639
-559.28
-558.512
-558.549
-558.666
-558.732
-559.121
-559.121
-561.073
-558.594
-558.438
-560.744
-560.744
-560.082
-558.492
-558.492
-558.498
-558.498
-558.498
-558.812
-558.619
-558.812
-558.582
-558.582
-559.014
-559.014
-561.789
-559.623
-558.844
-560.812
-560.812
-560.812
-560.812
-560.812
-558.584
-558.584
-558.84
-561.661
-559.799
-559.799
-559.799
-558.819
-558.486
-559.253
-558.338
-558.338
-558.338
-559.482
-559.482
-559.482
-558.771
-559.686
-560.023
-561.05
-561.145
-559.8
-558.593
-559.355
-558.655
-561.087
-560.192
-562.072
-559.225
-559.225
-559.225
-559.225
-560.957
-560.642
-560.642
-560.133
-560.133
-558.905
-558.905
-558.905
-559.924
-558.618
-561.397
-559.579
-558.984
-561.929
-558.958
-559.024
-559.024
-559.587
-559.448
-562.079
-562.079
-559.138
-558.711
-562.346
-559.818
-558.44
-558.602
-558.557
-559.975
-559.062
-559.382
-560.141
-560.141
-562.892
-559.155
-559.155
-559.155
-559.155
-558.861
-560.36
-561.737
-559.795
-558.631
-559.42
-559.42
-559.14
-558.631
-559.431
-558.892
-558.54
-559.458
-559.306
-558.658
-560.551
-560.16
-559.145
-558.919
-559.294
-558.341
-558.649
-561.708
-558.641
-559.449
-558.457
-559.011
-559.011
-558.884
-558.884
-562.643
-562.314
-558.753
-558.753
-558.929
-558.929
-560.191
-560.698
-558.671
-558.753
-558.785
-559.188
-558.785
-558.928
-558.928
-558.808
-558.808
-560.863
-559.054
-562.429
-562.429
-562.336
-559.087
-558.803
-559.087
-559.087
-559.087
-559.087
-558.449
-558.972
-558.89
-558.89
-559.279
-559.279
-559.279
-559.005
-559.677
-559.677
-561.887
-558.601
-560.902
-559.866
-562.32
-563.848
-561.888
-560.662
-560.911
-558.394
-558.394
-559.139
-558.501
-559.949
-560.274
-560.274
-560.274
-561.341
-559.019
-559.806
-563.664
-561.65
-561.65
-560.128
-560.128
-558.708
-558.809
-559.107
-558.449
-559.239
-559.239
-558.514
-558.464
-558.464
-558.464
-558.464
-558.464
-559.341
-558.713
-558.713
-559.015
-559.015
-559.015
-558.636
-558.636
-558.678
-558.816
-558.367
-558.678
-559.098
-559.098
-558.862
-558.436
-558.436
-558.67
-558.67
-558.483
-558.483
-560.633
-558.938
-558.485
-558.485
-558.678
-558.678
-558.678
-558.924
-559.825
-558.318
-559.575
-559.575
-558.924
-558.586
-560.219
-560.048
-558.634
-558.626
-558.717
-559.255
-559.447
-561.502
-561.611
-558.358
-559.387
-558.571
-558.976
-558.976
-558.976
-558.704
-558.901
-558.753
-558.692
-559.444
-559.444
-558.933
-560.152
-561.144
-561.144
-559.825
-559.121
-559.263
-559.885
-559.885
-559.885
-559.439
-558.495
-558.615
-559.394
-559.394
-559.737
-559.149
-559.149
-559.823
-559.16
-559.48
-560.173
-559.509
-558.376
-558.376
-558.71
-558.401
-558.801
-558.827
-558.344
-558.344
-558.344
-559.185
-560.093
-559.185
-559.185
-559.294
-559.294
-560.428
-561.381
-558.856
-561.177
-561.195
-559.543
-559.543
-560.659
-560.12
-559.063
-559.063
-558.431
-559.353
-558.682
-559.063
-559.063
-558.922
-558.922
-559.416
-558.62
-558.836
-558.747
-558.747
-558.425
-558.425
-558.387
-558.387
-559.71
-559.71
-559.085
-559.085
-561.643
-561.643
-559.842
-559.015
-558.739
-559.984
-558.69
-558.29
-558.399
-558.29
-558.29
-559.604
-559.769
-558.29
-558.29
-558.29
-558.29
-558.29
-558.29
-558.29
-558.362
-558.838
-559.504
-558.29
-558.29
-558.29
-566.937
-566.209
-559.227
-560.221
-558.465
-558.465
-558.594
-558.594
-559.086
-559.086
-558.967
-558.542
-558.485
-558.407
-558.407
-558.517
-558.958
-558.954
-558.949
-559.182
-561.662
-561.662
-562.83
-562.83
-560.354
-560.354
-562.397
-562.397
-558.445
-558.445
-558.861
-558.861
-559.292
-559.292
-559.292
-559.292
-559.155
-559.155
-558.373
-558.373
-560.711
-562.648
-562.648
-562.648
-559.155
-558.952
-558.912
-558.632
-558.632
-558.632
-558.632
-558.849
-558.695
-558.695
-558.946
-558.585
-558.919
-558.919
-560.116
-560.64
-560.522
-559.098
-561.55
-558.311
-558.311
-558.455
-558.547
-560.779
-558.501
-558.437
-560.393
-559.727
-559.727
-560.631
-559.727
-559.727
-559.727
-559.1
-559.529
-558.794
-558.51
-560.258
-559.027
-558.77
-558.77
-558.563
-558.936
-559.994
-558.281
-558.647
-558.688
-558.688
-558.903
-558.903
-560.053
-559.227
-560.919
-560.736
-558.829
-558.829
-558.578
-558.506
-558.506
-560.937
-558.496
-559.446
-559.446
-559.446
-560.164
-559.643
-559.475
-559.028
-559.028
-564.385
-558.414
-558.343
-559.345
-559.663
-559.002
-560.945
-558.791
-560.6
-560.6
-558.607
-558.673
-559.067
-559.822
-560.259
-559.295
-559.295
-558.408
-558.408
-558.462
-558.963
-559.191
-559.191
-559.191
-558.765
-559.065
-558.614
-558.614
-559.169
-559.176
-558.429
-558.429
-559.019
-559.635
-559.689
-559.689
-558.43
-558.777
-560.495
-560.146
-561.255
-559.691
-558.959
-558.659
-561.8
-561.274
-562.138
-562.138
-562.138
-559.708
-559.708
-559.708
-561.463
-559.041
-559.055
-559.055
-560.384
-558.532
-559.14
-565.786
-560.561
-559.01
-559.332
-559.332
-561.653
-561.653
-561.653
-560.061
-559.538
-561.458
-558.385
-558.385
-559.433
-558.385
-558.386
-559.693
-559.212
-559.212
-559.091
-559.034
-558.586
-559.089
-559.089
-559.089
-562.473
-558.752
-559.286
-558.752
-558.752
-559.164
-558.599
-558.599
-558.599
-563.43
-561.314
-560.539
-558.57
-558.392
-558.541
-558.951
-559.711
-559.001
-559.001
-563.147
-563.147
-566.785
-562.143
-559.701
-558.661
-559.319
-558.903
-558.734
-558.734
-558.734
-560.219
-559.343
-559.353
-559.353
-559.353
-558.856
-559.364
-560.866
-560.204
-560.691
-560.308
-560.35
-560.306
-558.803
-558.803
-558.686
-558.686
-558.521
-558.521
-559.456
-559.456
-558.859
-558.854
-558.854
-558.561
-561.063
-561.063
-559.342
-558.395
-558.395
-559.978
-558.418
-558.682
-558.418
-558.418
-559.525
-559.207
-559.7
-558.337
-562.083
-559.011
-558.404
-560.513
-561.173
-561.173
-559.889
-559.889
-560.133
-559.651
-559.634
-558.71
-558.71
-558.71
-558.799
-558.973
-559.453
-558.298
-558.298
-558.994
-559.456
-559.163
-559.694
-558.52
-558.957
-558.394
-559.421
-559.082
-559.393
-558.554
-560.604
-559.346
-559.371
-559.004
-559.004
-558.889
-558.889
-558.889
-558.889
-558.725
-561.575
-558.821
-558.821
-560.902
-559.834
-559.834
-563.284
-563.284
-560.435
-559.215
-560.423
-559.269
-558.427
-558.427
-558.427
-558.427
-558.427
-558.567
-558.398
-558.398
-560.456
-558.97
-558.97
-558.97
-558.97
-559.415
-559.688
-559.688
-563.426
-559.057
-559.327
-559.022
-558.893
-563.246
-562.511
-562.226
-560.199
-560.661
-560.661
-560.276
-558.794
-564.622
-558.621
-558.621
-558.678
-559.333
-560.117
-558.587
-560.117
-560.117
-560.117
-560.117
-562.429
-561.817
-559.119
-560.415
-558.805
-559.459
-559.666
-559.666
-558.42
-563.327
-560.321
-559.91
-558.716
-558.721
-558.99
-558.902
-558.554
-558.615
-558.821
-559.168
-558.747
-558.333
-559.378
-558.36
-558.36
-558.36
-558.36
-558.367
-558.367
-558.367
-558.652
-560.976
-561.044
-559.104
-558.599
-560.267
-558.749
-559.01
-558.602
-558.602
-558.602
-558.602
-558.602
-558.72
-558.72
-558.72
-559.246
-558.886
-560.766
-558.665
-558.553
