ip_ml_24_rawLogLikelihood_unified = zeros(1000,1);
ip_ml_24_rawLogLikelihood_unified = [-1354.3
-1354.3
-1352.61
-1352.35
-1352.9
-1352.9
-1353.3
-1353.11
-1353.03
-1353.03
-1353.03
-1352.49
-1352.49
-1352.97
-1352.6
-1353.07
-1353.07
-1353.07
-1352.61
-1352.61
-1352.61
-1352.89
-1352.89
-1353.3
-1353.3
-1353.3
-1352.64
-1352.64
-1352.64
-1354.69
-1353.38
-1353.8
-1355.17
-1355.17
-1353.92
-1358.07
-1354.64
-1352.87
-1353.32
-1353.32
-1353.63
-1353.63
-1353
-1353.63
-1352.98
-1354.48
-1353.84
-1353.84
-1352.7
-1353.07
-1353.24
-1353.24
-1353.2
-1353.2
-1353.2
-1353.2
-1352.51
-1352.51
-1352.51
-1352.51
-1352.51
-1352.51
-1353.42
-1353.86
-1354.33
-1354.33
-1353.37
-1353.37
-1353.9
-1352.82
-1352.58
-1353.48
-1355.91
-1354.57
-1355.1
-1354.54
-1353.23
-1352.74
-1352.82
-1352.58
-1352.58
-1353.32
-1353.32
-1353.32
-1354.01
-1353.32
-1352.82
-1352.82
-1353.32
-1353.32
-1353.32
-1352.45
-1353.32
-1353.32
-1353.32
-1353.32
-1352.94
-1352.94
-1352.94
-1352.94
-1352.94
-1352.9
-1353.65
-1353.65
-1352.9
-1352.9
-1352.88
-1352.88
-1353.32
-1354.77
-1354.9
-1353.36
-1353.41
-1352.99
-1353.61
-1354.42
-1354.42
-1352.89
-1353.52
-1352.9
-1353.32
-1352.68
-1353.09
-1353.09
-1353.09
-1353.04
-1353.91
-1354.42
-1352.8
-1352.8
-1356.49
-1356.48
-1354.31
-1354.35
-1353.45
-1353.45
-1354.92
-1354.46
-1353.29
-1354.07
-1352.98
-1352.98
-1353.35
-1353.35
-1353.35
-1352.68
-1352.68
-1353.51
-1352.92
-1352.92
-1353.82
-1353.82
-1353.82
-1353.69
-1352.94
-1353.91
-1353.91
-1352.87
-1352.6
-1352.54
-1353.24
-1352.91
-1352.91
-1353.66
-1353.66
-1353.15
-1354.18
-1353.92
-1355.18
-1354.86
-1353.78
-1354.09
-1352.64
-1352.64
-1352.64
-1352.47
-1355.03
-1353.63
-1353.77
-1354.18
-1353.78
-1353.39
-1353.73
-1354.77
-1352.53
-1352.55
-1352.55
-1352.55
-1352.76
-1352.76
-1352.63
-1353.61
-1353.61
-1353.59
-1353.95
-1353.78
-1355.02
-1355.02
-1354.7
-1353.94
-1354.7
-1354.7
-1352.91
-1354.57
-1353.93
-1353.93
-1353.93
-1357.37
-1352.99
-1352.99
-1354.06
-1354.06
-1354.06
-1353.74
-1353.59
-1353.28
-1353.28
-1353.48
-1353.43
-1354.84
-1352.63
-1353.01
-1354.53
-1354.39
-1356.15
-1353.18
-1353.66
-1353.66
-1352.81
-1352.81
-1353.26
-1353.69
-1352.8
-1353.01
-1354.1
-1354.93
-1353.16
-1352.74
-1353.57
-1354.87
-1354.96
-1352.56
-1352.56
-1352.56
-1353.62
-1353.31
-1353.29
-1354.66
-1352.84
-1353.13
-1353.33
-1353.77
-1354.71
-1355.43
-1353.86
-1354.36
-1353.64
-1353.64
-1353.93
-1353.93
-1353.85
-1353.85
-1354.21
-1355
-1352.69
-1353.24
-1352.69
-1352.69
-1352.69
-1352.69
-1352.69
-1353.26
-1354.69
-1354.69
-1354.69
-1354.95
-1353.7
-1358.02
-1352.83
-1352.83
-1352.83
-1352.38
-1352.38
-1352.38
-1352.57
-1353.12
-1353.12
-1352.86
-1352.87
-1352.86
-1352.86
-1352.86
-1352.86
-1352.47
-1352.85
-1354.2
-1354.2
-1354.2
-1352.8
-1353.7
-1352.87
-1352.61
-1352.53
-1352.53
-1352.57
-1352.57
-1353.18
-1353.83
-1353.08
-1352.92
-1352.92
-1353.15
-1353.15
-1353.28
-1352.82
-1352.82
-1353.14
-1353.21
-1354.58
-1353.03
-1353.19
-1353.36
-1353.36
-1353.88
-1353.36
-1353.36
-1352.79
-1353.08
-1353.56
-1353.56
-1353.56
-1353.41
-1352.91
-1352.91
-1352.91
-1352.85
-1353.61
-1352.81
-1352.99
-1352.91
-1352.91
-1352.91
-1353.38
-1353.57
-1353.57
-1354.45
-1354.45
-1353.38
-1353.38
-1353.72
-1355.07
-1355.07
-1355.07
-1352.51
-1355.55
-1355.55
-1352.31
-1353.18
-1353.18
-1353.3
-1353.48
-1353.99
-1353.99
-1353.99
-1355.78
-1354.1
-1354.1
-1353.53
-1354.43
-1355.23
-1354.52
-1354.74
-1354.45
-1355.66
-1353.32
-1352.77
-1353.23
-1354.09
-1353.22
-1353.22
-1353.23
-1352.97
-1352.83
-1355.78
-1356.79
-1353.7
-1353.12
-1355.57
-1355.57
-1355.57
-1352.57
-1352.82
-1352.57
-1352.57
-1352.57
-1352.86
-1352.86
-1352.86
-1352.86
-1354.27
-1353.38
-1353.61
-1354.6
-1353.12
-1353.12
-1353.1
-1352.78
-1352.76
-1352.76
-1352.6
-1352.6
-1352.6
-1352.6
-1352.6
-1353.4
-1352.66
-1352.66
-1352.85
-1353.55
-1354.1
-1353.24
-1352.84
-1353.09
-1352.92
-1352.77
-1352.77
-1353.55
-1352.63
-1352.87
-1352.66
-1352.49
-1353.17
-1354.34
-1355.22
-1355.22
-1353.08
-1352.83
-1353.64
-1353.41
-1356.59
-1355.29
-1354.44
-1352.7
-1352.7
-1352.89
-1352.44
-1353.18
-1353.67
-1353.24
-1353.24
-1353.23
-1353.31
-1353.31
-1354.67
-1354.67
-1352.44
-1352.81
-1352.81
-1355.11
-1352.81
-1352.81
-1352.44
-1352.44
-1352.44
-1352.44
-1353.24
-1353.24
-1353.09
-1352.99
-1352.44
-1352.44
-1352.44
-1352.44
-1353.84
-1352.44
-1352.44
-1352.44
-1352.44
-1352.44
-1352.86
-1352.86
-1353.45
-1353.45
-1352.86
-1352.86
-1352.86
-1353.69
-1353.69
-1353.34
-1354.25
-1354.25
-1353.05
-1352.58
-1353.18
-1353.18
-1353.22
-1353.5
-1353.73
-1353.21
-1353.63
-1353.12
-1353.12
-1353.35
-1353.35
-1352.92
-1352.92
-1352.82
-1353.85
-1352.82
-1354.41
-1354.22
-1353.82
-1354.45
-1354.45
-1352.63
-1354.54
-1354.54
-1354.54
-1353.82
-1354.54
-1354.04
-1353.95
-1353.95
-1353.26
-1353.26
-1353.58
-1353.3
-1353.27
-1353.27
-1353.27
-1353.46
-1354.02
-1354
-1353.51
-1353.34
-1353.33
-1353.33
-1353.33
-1354.01
-1352.92
-1352.92
-1353.16
-1353.16
-1353.45
-1352.84
-1352.84
-1353.21
-1352.62
-1352.62
-1352.8
-1352.51
-1352.62
-1352.62
-1352.85
-1354.4
-1352.96
-1352.96
-1352.96
-1354.2
-1353.58
-1353.03
-1353.03
-1353.03
-1353.03
-1353.66
-1353.66
-1353.6
-1353.6
-1353.14
-1353.29
-1352.98
-1354.72
-1353.14
-1352.42
-1352.42
-1352.42
-1352.42
-1352.42
-1352.42
-1352.44
-1355.03
-1355.03
-1354.59
-1353.2
-1353.19
-1353.2
-1353.94
-1352.9
-1352.7
-1352.56
-1352.45
-1352.96
-1352.96
-1352.96
-1352.96
-1352.96
-1352.69
-1352.69
-1356.33
-1354.44
-1354.21
-1354.21
-1353.03
-1353.01
-1352.57
-1352.57
-1353.45
-1352.73
-1355.41
-1355.41
-1353.21
-1353.39
-1352.54
-1354.26
-1352.96
-1352.88
-1353.2
-1354.62
-1353.16
-1352.7
-1355.18
-1353.4
-1353.4
-1353.4
-1353.07
-1353.09
-1354.57
-1354.57
-1352.78
-1352.78
-1352.78
-1354.83
-1354.61
-1354.15
-1354.19
-1353.93
-1352.78
-1352.78
-1354.06
-1353.14
-1354.78
-1355.88
-1354.29
-1354.36
-1358.44
-1353.88
-1355.45
-1352.99
-1352.99
-1353.96
-1352.93
-1352.67
-1352.95
-1352.73
-1353.2
-1352.67
-1352.67
-1356.51
-1355.2
-1352.93
-1352.93
-1352.59
-1354.38
-1353.51
-1353.55
-1353.08
-1355.27
-1354.79
-1354.79
-1354.79
-1354.7
-1352.69
-1354.1
-1353.05
-1353.05
-1353.05
-1356.33
-1354.16
-1352.96
-1353.08
-1356.36
-1353.92
-1353.58
-1353.46
-1353.46
-1353.52
-1353.88
-1352.68
-1353.52
-1353.52
-1355.54
-1353.81
-1352.91
-1352.91
-1353.85
-1352.68
-1352.68
-1352.63
-1355.51
-1353.4
-1353.4
-1352.43
-1353.4
-1353.92
-1353.86
-1354.32
-1353.1
-1353.25
-1354.99
-1353.38
-1353.17
-1353.4
-1352.75
-1352.55
-1352.55
-1352.55
-1353.85
-1354.73
-1352.75
-1353.04
-1353.75
-1354.17
-1355.86
-1354.03
-1355.6
-1352.72
-1352.72
-1352.6
-1352.6
-1352.96
-1353.59
-1356.37
-1352.46
-1352.46
-1352.46
-1355.73
-1356.62
-1353.09
-1353.09
-1353.99
-1352.49
-1352.59
-1354.84
-1352.6
-1353.55
-1352.84
-1353.29
-1354.05
-1353.61
-1354.48
-1356.31
-1354.93
-1355.74
-1355.74
-1353.46
-1353.46
-1353.18
-1353.18
-1353.33
-1353.64
-1352.45
-1352.45
-1352.95
-1352.95
-1353.4
-1353.65
-1352.69
-1353.39
-1353.39
-1353.45
-1353.81
-1353.54
-1354.17
-1352.86
-1353.47
-1353.36
-1355.35
-1352.66
-1352.66
-1352.68
-1353.06
-1352.74
-1352.74
-1352.74
-1353.15
-1353.15
-1353.15
-1352.91
-1352.77
-1352.77
-1352.77
-1352.73
-1352.86
-1352.7
-1352.7
-1352.7
-1352.7
-1352.7
-1352.48
-1353.19
-1353.41
-1352.9
-1352.9
-1352.9
-1353.71
-1354.14
-1354.02
-1354.06
-1355.94
-1353.38
-1352.65
-1353.31
-1355.26
-1352.65
-1353.88
-1352.87
-1352.87
-1352.7
-1355.03
-1355.03
-1352.75
-1353.27
-1353.27
-1353.28
-1353.16
-1353.39
-1353.21
-1353.21
-1353.21
-1352.94
-1352.79
-1352.61
-1352.61
-1352.63
-1352.63
-1352.61
-1352.61
-1353.32
-1353.5
-1353.88
-1353.04
-1353.04
-1353.04
-1353.11
-1353.73
-1353.73
-1353.51
-1354.18
-1353.2
-1353.22
-1353.2
-1352.65
-1352.65
-1352.65
-1352.65
-1353.2
-1353.2
-1353.89
-1352.86
-1352.54
-1352.97
-1352.88
-1352.96
-1353.48
-1353.97
-1353.97
-1355.68
-1353.58
-1353.4
-1353.4
-1352.86
-1353.55
-1353.84
-1352.94
-1352.94
-1352.65
-1353.56
-1353.56
-1352.72
-1353.29
-1353.91
-1353.91
-1353.4
-1353.98
-1353.38
-1352.65
-1353.07
-1353.49
-1352.68
-1353
-1353
