ip_ml_15_rawChain_unified = zeros(1000,3);
ip_ml_15_rawChain_unified = [3.0471882913222101e+00 1.1379610337394934e+00 3.7996296303933014e-01 
1.7661184746888441e+00 1.0546260122065843e+00 4.2317761762996020e-01 
2.3385588649678182e+00 1.1264704264714758e+00 5.2026530893334832e-01 
2.8148730681089571e+00 1.7089296428946317e+00 1.0162132063517415e+00 
2.0983292878367341e+00 1.5149236377725661e+00 9.8261291538460571e-01 
2.0779425009092596e+00 1.2310175053245027e+00 8.2267480240079272e-01 
1.6110027078336966e+00 9.2205094814351807e-01 6.4987560046835158e-01 
2.4961349859459494e+00 1.7190444754223140e+00 1.0212178601454980e+00 
1.5003323721364283e+00 1.4169240531899883e+00 8.9095212748488195e-01 
1.4048782903688621e+00 9.6875998757312920e-01 4.9928974065593490e-01 
1.5541689325543353e+00 8.2124944018084911e-01 4.3300195262173413e-01 
1.5541689325543353e+00 8.2124944018084911e-01 4.3300195262173413e-01 
2.0859457505628680e+00 9.5384322145096756e-01 3.9186560270194637e-01 
1.6381186080242234e+00 1.0049056604805202e+00 4.5233074740650281e-01 
1.6381186080242234e+00 1.0049056604805202e+00 4.5233074740650281e-01 
1.7177735567918500e+00 9.5343367163539494e-01 4.7934355531561013e-01 
1.9740400508086573e+00 8.0930803553786002e-01 3.6283775645414884e-01 
1.7408721331272923e+00 8.6135891387601093e-01 4.1509114469641223e-01 
1.1498653568323336e+00 8.0763776126463060e-01 4.3849347323832349e-01 
2.0902235056786336e+00 8.8030112232033109e-01 3.0113287440211511e-01 
1.7933365666689629e+00 6.5898386146616783e-01 2.0116462720105682e-01 
2.0738108987050818e+00 1.0456978147755378e+00 4.2561330384499219e-01 
2.1183964485413229e+00 9.4781020773204216e-01 4.5973647864760736e-01 
2.2474450383194449e+00 1.0314152211217871e+00 4.8885197244239781e-01 
1.9044853195940563e+00 8.9953752177780499e-01 4.1991044171507630e-01 
1.8276117844429827e+00 1.0479474545860472e+00 4.7329178605834971e-01 
2.2428128098604785e+00 1.0988340790853046e+00 4.8500866597631220e-01 
1.8704242474652935e+00 7.8018275294487116e-01 3.2611857652695653e-01 
1.5167349942127890e+00 8.1680538587108653e-01 3.7534542962276840e-01 
1.6989428539228557e+00 8.3852888047086116e-01 4.1639369488654737e-01 
1.7383952137495768e+00 9.0397329992500186e-01 4.7337242185934469e-01 
2.4944968732424648e+00 1.6221439740031527e+00 1.1166197243441223e+00 
1.5353646491559463e+00 6.3540199402950548e-01 4.1269420489779046e-01 
1.3185665504503150e+00 5.4601706634022940e-01 4.0078822711600171e-01 
1.3185665504503150e+00 5.4601706634022940e-01 4.0078822711600171e-01 
1.3358396483839514e+00 7.4737572498662042e-01 4.7061876116248541e-01 
1.2086747212832036e+00 7.1234036347310714e-01 4.9826785593360690e-01 
1.2086747212832036e+00 7.1234036347310714e-01 4.9826785593360690e-01 
1.2086747212832036e+00 7.1234036347310714e-01 4.9826785593360690e-01 
1.1332439135540877e+00 5.8524030016334994e-01 4.3744553882159321e-01 
9.1600059469012229e-01 2.6666806617534766e-01 2.4050752393635752e-01 
9.1600059469012229e-01 2.6666806617534766e-01 2.4050752393635752e-01 
9.1600059469012229e-01 2.6666806617534766e-01 2.4050752393635752e-01 
7.1568444950595411e-01 2.3001496054910897e-01 2.3789749937601329e-01 
9.1600059469012229e-01 2.6666806617534766e-01 2.4050752393635752e-01 
9.1600059469012229e-01 2.6666806617534766e-01 2.4050752393635752e-01 
9.1600059469012229e-01 2.6666806617534766e-01 2.4050752393635752e-01 
9.1600059469012229e-01 2.6666806617534766e-01 2.4050752393635752e-01 
9.1600059469012229e-01 2.6666806617534766e-01 2.4050752393635752e-01 
9.1600059469012229e-01 2.6666806617534766e-01 2.4050752393635752e-01 
9.1600059469012229e-01 2.6666806617534766e-01 2.4050752393635752e-01 
9.1600059469012229e-01 2.6666806617534766e-01 2.4050752393635752e-01 
1.2730746698794668e+00 7.3139759197409404e-01 3.7102380958451309e-01 
1.7854145018373273e+00 8.8648001047968517e-01 4.3407982775374304e-01 
1.3385032754101411e+00 8.5814313790159846e-01 4.5018968875001170e-01 
8.8206560463360995e-01 6.9076738937247517e-01 4.0124176553855861e-01 
8.9741751396759550e-01 3.5605948959103040e-01 2.4854069646031368e-01 
8.9741751396759550e-01 3.5605948959103040e-01 2.4854069646031368e-01 
8.9741751396759550e-01 3.5605948959103040e-01 2.4854069646031368e-01 
8.9741751396759550e-01 3.5605948959103040e-01 2.4854069646031368e-01 
8.9741751396759550e-01 3.5605948959103040e-01 2.4854069646031368e-01 
8.9741751396759550e-01 3.5605948959103040e-01 2.4854069646031368e-01 
8.7506065309333170e-01 3.4523019227340501e-01 3.1125335518682307e-01 
1.0325863228511774e+00 3.0619835679478313e-01 2.8438034190413825e-01 
1.0325863228511774e+00 3.0619835679478313e-01 2.8438034190413825e-01 
1.0325863228511774e+00 3.0619835679478313e-01 2.8438034190413825e-01 
1.0325863228511774e+00 3.0619835679478313e-01 2.8438034190413825e-01 
1.0325863228511774e+00 3.0619835679478313e-01 2.8438034190413825e-01 
1.4406833229017031e+00 4.2275140301666758e-01 2.6452771684119897e-01 
1.4212703253086760e+00 6.3514249583505944e-01 3.7491124030918238e-01 
1.2492564371437851e+00 2.7763416244317007e-01 4.0448712501217893e-01 
1.2080664609958205e+00 5.1430423790860158e-01 4.0583685734700836e-01 
1.2080664609958205e+00 5.1430423790860158e-01 4.0583685734700836e-01 
1.2978571307563749e+00 5.6553949808930215e-01 4.2398752223950614e-01 
1.2978571307563749e+00 5.6553949808930215e-01 4.2398752223950614e-01 
1.2978571307563749e+00 5.6553949808930215e-01 4.2398752223950614e-01 
1.3576584646901801e+00 6.1364331296948738e-01 4.4860259707142663e-01 
6.2133489502364891e-01 2.2394022896322791e-01 3.3094020330697121e-01 
9.6570873302641769e-01 2.9640302122461543e-01 3.3030335603192729e-01 
9.6570873302641769e-01 2.9640302122461543e-01 3.3030335603192729e-01 
1.8550939508670337e+00 9.0466411781523692e-01 4.1537145966216971e-01 
1.4902181944414667e+00 6.8448173574074889e-01 2.6898461878107660e-01 
2.0782463814340035e+00 1.0039340269712611e+00 4.3364688190748985e-01 
9.7680457420236300e-01 1.8510492192434896e-01 2.6111578445630179e-01 
9.7680457420236300e-01 1.8510492192434896e-01 2.6111578445630179e-01 
9.8909700688616775e-01 1.7055798546716941e-01 2.4875680995853114e-01 
9.8909700688616775e-01 1.7055798546716941e-01 2.4875680995853114e-01 
9.8909700688616775e-01 1.7055798546716941e-01 2.4875680995853114e-01 
9.8909700688616775e-01 1.7055798546716941e-01 2.4875680995853114e-01 
9.8909700688616775e-01 1.7055798546716941e-01 2.4875680995853114e-01 
5.9578388740516075e-01 1.7388469769628251e-01 2.5277836286990407e-01 
8.3349321522815245e-01 1.4892383579927645e-01 2.4968403908682146e-01 
8.3349321522815245e-01 1.4892383579927645e-01 2.4968403908682146e-01 
5.6734476864030303e-01 1.8424775864141829e-01 2.6660296197342415e-01 
5.6734476864030303e-01 1.8424775864141829e-01 2.6660296197342415e-01 
1.8015155534781886e+00 9.6201598374147013e-01 4.2404336761305556e-01 
5.9775525191666812e-01 2.4479141254914566e-01 2.4015942278695676e-01 
1.0578701753571862e+00 3.3867671648356307e-01 2.4010371687389528e-01 
7.0037063485959994e-01 2.3927480801602075e-01 2.3373642909988321e-01 
5.9775525191666812e-01 2.4479141254914566e-01 2.4015942278695676e-01 
1.1792836347326461e+00 5.7116066527831688e-01 3.4131476472313727e-01 
1.1792836347326461e+00 5.7116066527831688e-01 3.4131476472313727e-01 
1.1792836347326461e+00 5.7116066527831688e-01 3.4131476472313727e-01 
9.7048152934881671e-01 5.5907944080486605e-01 3.3601493739963728e-01 
8.9741751396759550e-01 3.5605948959103040e-01 2.4854069646031368e-01 
8.9741751396759550e-01 3.5605948959103040e-01 2.4854069646031368e-01 
8.9741751396759550e-01 3.5605948959103040e-01 2.4854069646031368e-01 
6.8142222468978142e-01 2.3291753251177305e-01 2.2091695202335637e-01 
9.9448010015874455e-01 3.6995614760097445e-01 2.7737672892768239e-01 
9.9448010015874455e-01 3.6995614760097445e-01 2.7737672892768239e-01 
9.9448010015874455e-01 3.6995614760097445e-01 2.7737672892768239e-01 
9.9448010015874455e-01 3.6995614760097445e-01 2.7737672892768239e-01 
9.9448010015874455e-01 3.6995614760097445e-01 2.7737672892768239e-01 
