ip_ml_22_rawChain_unified = zeros(1000,3);
ip_ml_22_rawChain_unified = [7.4225580687194637e-01 1.2091028767896631e-01 2.7384490303516451e-01 
7.4225580687194637e-01 1.2091028767896631e-01 2.7384490303516451e-01 
7.8867723576922277e-01 1.3223147987089501e-01 2.1382951881369586e-01 
8.4273436282356895e-01 1.4181630249073054e-01 2.0570606769280791e-01 
8.5954046306278475e-01 1.7090073974228812e-01 2.3748106405463576e-01 
8.6970796285301766e-01 1.8134050254212325e-01 6.3508183636447479e-01 
8.4199051861073360e-01 1.7240676518666098e-01 7.0944000887026126e-01 
8.6970796285301766e-01 1.8134050254212325e-01 6.3508183636447479e-01 
7.3448189458642643e-01 1.3023608831919417e-01 3.2602543315856691e-01 
7.5074569041877692e-01 1.7302079243898921e-01 4.2183941384328222e-01 
8.3508766880227214e-01 1.9862145705237561e-01 2.8563685624029445e-01 
9.0855038245482012e-01 1.9582035954289892e-01 4.3647917174193268e-01 
8.6948891954778718e-01 3.1487715609510725e-01 6.4674244495433475e-01 
7.9361173427229070e-01 1.3135989862226224e-01 2.3996528874807735e-01 
8.1235498242975257e-01 1.5147643699625304e-01 3.2688552862209541e-01 
7.9361173427229070e-01 1.3135989862226224e-01 2.3996528874807735e-01 
7.7034485743375047e-01 1.3950594622132031e-01 4.1255821803618686e-01 
7.7034485743375047e-01 1.3950594622132031e-01 4.1255821803618686e-01 
7.9789098046937579e-01 1.0440517047382908e-01 4.2747720181019633e-01 
7.8913205552577914e-01 1.7002925947180286e-01 3.0172959613329553e-01 
8.3283957676350984e-01 1.9016163671910782e-01 2.1801935921900101e-01 
7.8767196934939165e-01 1.1225852805417914e-01 2.2970049219985228e-01 
7.8767196934939165e-01 1.1225852805417914e-01 2.2970049219985228e-01 
8.0922647867923947e-01 1.7062258330186636e-01 2.2171418460330622e-01 
8.1533685295585556e-01 1.4440679417288194e-01 2.3281871297211054e-01 
7.9210984933894857e-01 1.3809704308312798e-01 3.2807796661826505e-01 
7.9210984933894857e-01 1.3809704308312798e-01 3.2807796661826505e-01 
8.4492750177236164e-01 1.4923200161356487e-01 3.4386672458066075e-01 
8.4492750177236164e-01 1.4923200161356487e-01 3.4386672458066075e-01 
8.1348662956152029e-01 1.9973399163947614e-01 3.5347533171088974e-01 
7.2829655283886241e-01 1.0663916025603914e-01 2.9239107784813295e-01 
8.3690316111975105e-01 1.5770930005124259e-01 3.2008543315930793e-01 
8.0053675956470061e-01 1.1747879303839731e-01 3.8974776630000063e-01 
8.0524116178325211e-01 1.5385426676224637e-01 2.1977449976644803e-01 
8.0524116178325211e-01 1.5385426676224637e-01 2.1977449976644803e-01 
8.1442442870623311e-01 1.1911894332937104e-01 3.1142742730926015e-01 
8.4605500701761216e-01 1.5295026844664103e-01 3.4228406172185261e-01 
8.3496967727402516e-01 1.1784168017428250e-01 2.6814545394737183e-01 
8.3496967727402516e-01 1.1784168017428250e-01 2.6814545394737183e-01 
8.8916149156370983e-01 1.8444707459142892e-01 3.6647387672454740e-01 
8.0277338767394868e-01 1.7662854036781808e-01 2.6896388308119101e-01 
8.4086349038884201e-01 1.9640490172348946e-01 2.6719720851654366e-01 
8.5683872186546350e-01 1.9939907777392690e-01 3.4063294472479760e-01 
7.6130971354711341e-01 1.4377138175914944e-01 5.0497561808132962e-01 
8.4938747588289676e-01 1.5415390831277384e-01 3.5137836241912257e-01 
8.4710064156702580e-01 1.3146605110086379e-01 2.0761557066672917e-01 
9.3545677299069341e-01 1.9926544691689912e-01 2.5199154278193442e-01 
9.5073507551974534e-01 2.1804297844858761e-01 2.0425981382604039e-01 
8.3149747273851737e-01 1.8459365895151780e-01 2.3934093915538943e-01 
8.3149747273851737e-01 1.8459365895151780e-01 2.3934093915538943e-01 
8.3149747273851737e-01 1.8459365895151780e-01 2.3934093915538943e-01 
9.0153809960779019e-01 1.8947467438117738e-01 2.1728309953195588e-01 
8.4710064156702580e-01 1.3146605110086379e-01 2.0761557066672917e-01 
8.4710064156702580e-01 1.3146605110086379e-01 2.0761557066672917e-01 
8.4710064156702580e-01 1.3146605110086379e-01 2.0761557066672917e-01 
8.7146827712552244e-01 1.3164923232150122e-01 2.7292301216429393e-01 
8.8131706278178223e-01 1.3322075081832319e-01 2.1878122323336799e-01 
8.1416121776064265e-01 1.2032204359498805e-01 2.8819075864621729e-01 
8.1416121776064265e-01 1.2032204359498805e-01 2.8819075864621729e-01 
7.8963570337962463e-01 1.2900250409350567e-01 2.4026690934465023e-01 
7.8832611286285859e-01 1.7362595165462144e-01 3.2378371006227563e-01 
7.5213997133504673e-01 1.2069250620817933e-01 2.6671293919752259e-01 
8.1848324364725589e-01 1.2056435055603953e-01 3.0449375787574162e-01 
8.1848324364725589e-01 1.2056435055603953e-01 3.0449375787574162e-01 
8.6459159907456185e-01 1.8972820288187270e-01 2.7866354923346209e-01 
8.4710064156702580e-01 1.3146605110086379e-01 2.0761557066672917e-01 
8.4710064156702580e-01 1.3146605110086379e-01 2.0761557066672917e-01 
8.4710064156702580e-01 1.3146605110086379e-01 2.0761557066672917e-01 
8.3422576803757609e-01 1.2432232418865725e-01 2.6671333057163948e-01 
7.6899013811256745e-01 1.3995286649239341e-01 4.7578897697827527e-01 
7.5414948701662010e-01 1.4973067755303127e-01 3.7352273560988009e-01 
8.4615367737919811e-01 1.2288271105475204e-01 3.1088927658742360e-01 
8.4615367737919811e-01 1.2288271105475204e-01 3.1088927658742360e-01 
8.4615367737919811e-01 1.2288271105475204e-01 3.1088927658742360e-01 
8.4710064156702580e-01 1.3146605110086379e-01 2.0761557066672917e-01 
8.4710064156702580e-01 1.3146605110086379e-01 2.0761557066672917e-01 
8.4710064156702580e-01 1.3146605110086379e-01 2.0761557066672917e-01 
8.4710064156702580e-01 1.3146605110086379e-01 2.0761557066672917e-01 
8.4710064156702580e-01 1.3146605110086379e-01 2.0761557066672917e-01 
8.4710064156702580e-01 1.3146605110086379e-01 2.0761557066672917e-01 
8.4710064156702580e-01 1.3146605110086379e-01 2.0761557066672917e-01 
7.6662741104588239e-01 1.0526536768925078e-01 2.0154124042774577e-01 
7.6662741104588239e-01 1.0526536768925078e-01 2.0154124042774577e-01 
8.3308758208645328e-01 1.3165167409189329e-01 2.4520711659908520e-01 
7.5448965157214609e-01 1.1202214488736895e-01 4.7790785236288491e-01 
7.7069520531178237e-01 1.4936177851461574e-01 5.6020183061211004e-01 
8.1572557058602746e-01 1.8345777318115031e-01 4.6251573055042899e-01 
8.1572557058602746e-01 1.8345777318115031e-01 4.6251573055042899e-01 
7.8079077362596905e-01 1.0289414963108842e-01 2.3106393611767923e-01 
8.4710064156702580e-01 1.3146605110086379e-01 2.0761557066672917e-01 
8.4710064156702580e-01 1.3146605110086379e-01 2.0761557066672917e-01 
8.4710064156702580e-01 1.3146605110086379e-01 2.0761557066672917e-01 
8.4710064156702580e-01 1.3146605110086379e-01 2.0761557066672917e-01 
8.4710064156702580e-01 1.3146605110086379e-01 2.0761557066672917e-01 
8.8379102633519113e-01 1.5537648970378956e-01 2.2061861374373309e-01 
9.4906572230022135e-01 2.4078684530253452e-01 2.3920694376800644e-01 
7.3003175370386131e-01 1.1348775501624138e-01 3.2353150731359098e-01 
7.7682786337258758e-01 1.2510612046414585e-01 2.1409398721769030e-01 
7.5554043382940894e-01 1.2570616048415964e-01 2.6388301400666292e-01 
7.5554043382940894e-01 1.2570616048415964e-01 2.6388301400666292e-01 
7.5554043382940894e-01 1.2570616048415964e-01 2.6388301400666292e-01 
7.4696669506504798e-01 1.5466366731579728e-01 2.3323516695511287e-01 
8.4710064156702580e-01 1.3146605110086379e-01 2.0761557066672917e-01 
8.4710064156702580e-01 1.3146605110086379e-01 2.0761557066672917e-01 
8.4710064156702580e-01 1.3146605110086379e-01 2.0761557066672917e-01 
8.4710064156702580e-01 1.3146605110086379e-01 2.0761557066672917e-01 
8.4710064156702580e-01 1.3146605110086379e-01 2.0761557066672917e-01 
8.4711228274103079e-01 1.9301098586870646e-01 2.3084805697709734e-01 
8.4711228274103079e-01 1.9301098586870646e-01 2.3084805697709734e-01 
8.2477038777961409e-01 2.1158433074906163e-01 2.7192537245084580e-01 
8.6104940992910739e-01 1.3578136872337543e-01 3.8477780675524337e-01 
8.3665711931403686e-01 1.8051114670846849e-01 2.8179144378250098e-01 
8.3665711931403686e-01 1.8051114670846849e-01 2.8179144378250098e-01 
