ip_ml_11_rawChain_unified = zeros(1000,3);
ip_ml_11_rawChain_unified = [6.4529899377048707e+01 5.4723109074997254e+00 9.7444756952982270e-01 
6.4401892268238385e+01 5.4896702704716862e+00 9.7672565851617632e-01 
2.3325363596765754e+00 1.3353743752359386e+00 5.8433476323885192e-01 
2.3325363596765754e+00 1.3353743752359386e+00 5.8433476323885192e-01 
2.1748817268416984e+00 1.1830883483285606e+00 4.9438828894374998e-01 
2.1748817268416984e+00 1.1830883483285606e+00 4.9438828894374998e-01 
2.4212449517853205e+00 1.0646048310313012e+00 3.5709704915502227e-01 
2.4212449517853205e+00 1.0646048310313012e+00 3.5709704915502227e-01 
2.4212449517853205e+00 1.0646048310313012e+00 3.5709704915502227e-01 
2.4212449517853205e+00 1.0646048310313012e+00 3.5709704915502227e-01 
2.1748817268416984e+00 1.1830883483285606e+00 4.9438828894374998e-01 
2.1748817268416984e+00 1.1830883483285606e+00 4.9438828894374998e-01 
2.1748817268416984e+00 1.1830883483285606e+00 4.9438828894374998e-01 
2.7322217782321880e+00 1.2522802141332905e+00 4.9935461428448835e-01 
1.9294892942334558e+00 9.8083003219433662e-01 5.1219760849208440e-01 
1.4907756496862477e+00 9.6918181099669798e-01 5.1014286866293568e-01 
1.2624775952769327e+00 1.1374094295938337e+00 4.8166481842379638e-01 
2.2988128539503840e+00 1.1957876379856174e+00 4.7922743531547257e-01 
2.4830691337519024e+00 1.1109609985469915e+00 4.9154005543308832e-01 
1.1205470365624579e+00 1.0383375398592944e+00 5.1095801823689446e-01 
1.3160348582500068e+00 1.0792514933256554e+00 4.8638966670233597e-01 
1.3160348582500068e+00 1.0792514933256554e+00 4.8638966670233597e-01 
2.1748817268416984e+00 1.1830883483285606e+00 4.9438828894374998e-01 
2.1748817268416984e+00 1.1830883483285606e+00 4.9438828894374998e-01 
2.1748817268416984e+00 1.1830883483285606e+00 4.9438828894374998e-01 
2.1748817268416984e+00 1.1830883483285606e+00 4.9438828894374998e-01 
2.1748817268416984e+00 1.1830883483285606e+00 4.9438828894374998e-01 
2.1748817268416984e+00 1.1830883483285606e+00 4.9438828894374998e-01 
2.1748817268416984e+00 1.1830883483285606e+00 4.9438828894374998e-01 
1.9258968630189242e+00 1.2356763659316066e+00 5.0933837728459708e-01 
2.1748817268416984e+00 1.1830883483285606e+00 4.9438828894374998e-01 
3.0314429852336908e+00 1.2441548711795849e+00 5.0555972351568301e-01 
1.6871479214629304e+00 1.0981846010469161e+00 4.9320658939561440e-01 
3.5217815119784857e+00 1.2951843816042485e+00 5.2636119528819436e-01 
1.8331677407038833e+00 1.0226569614001433e+00 4.5507136259813408e-01 
2.3401346158114626e+00 1.2226587424269768e+00 5.1081846541294951e-01 
2.7482087474436527e+00 1.2701537240575069e+00 5.4388735405971533e-01 
1.7324861440205603e+00 1.0881272354756673e+00 5.1480490389074851e-01 
2.1748817268416984e+00 1.1830883483285606e+00 4.9438828894374998e-01 
2.1748817268416984e+00 1.1830883483285606e+00 4.9438828894374998e-01 
1.5382993204333177e+00 1.0998061547702915e+00 4.7908007708621858e-01 
1.9761075443871181e+00 1.2544366284552435e+00 5.1587907952653689e-01 
7.3773163379248596e-01 1.1944741475369707e+00 5.1109912516919909e-01 
2.1748817268416984e+00 1.1830883483285606e+00 4.9438828894374998e-01 
2.1748817268416984e+00 1.1830883483285606e+00 4.9438828894374998e-01 
2.1748817268416984e+00 1.1830883483285606e+00 4.9438828894374998e-01 
2.4724649736603226e+00 1.1534000598367187e+00 4.7834325796744565e-01 
2.1748817268416984e+00 1.1830883483285606e+00 4.9438828894374998e-01 
2.8174624913489525e+00 1.2345204943284975e+00 4.7990988925725159e-01 
4.2909380522368537e+01 5.0316359365007850e+00 9.5444953459549764e-01 
4.7854172163053008e+01 4.7278372536851618e+00 8.3825714414931052e-01 
1.4545754626124653e+01 3.3834336098994529e+00 4.2727047355933884e-01 
1.7373602226760912e+01 3.5551005358384069e+00 4.2420443362560262e-01 
2.0282057715296720e+01 3.1655931588214203e+00 3.2374891672309059e-01 
2.2110000739933291e+01 3.7801227974787794e+00 3.2718230421531369e-01 
7.6069289222979279e+01 5.4989469027880666e+00 1.1272923491817641e+00 
8.9975764988440631e+01 5.6321959567562665e+00 1.0467219005109734e+00 
9.1115143981665028e+01 3.7723409484392785e+00 5.4357925541673779e-01 
1.6554280711758915e+00 1.5716463831139971e+00 9.4229316902100002e-01 
1.8057469348584052e+00 1.5914516455616998e+00 9.6232784418198558e-01 
1.8057469348584052e+00 1.5914516455616998e+00 9.6232784418198558e-01 
1.8057469348584052e+00 1.5914516455616998e+00 9.6232784418198558e-01 
1.8057469348584052e+00 1.5914516455616998e+00 9.6232784418198558e-01 
2.3241063727675750e+00 1.5478891831809214e+00 9.4787993214189181e-01 
2.1664032174040337e+00 1.5350257403643841e+00 9.3916454297283691e-01 
2.4958804988415455e+00 1.3867325060488218e+00 8.7430360927063155e-01 
1.7218566892227878e+00 1.3295361270627366e+00 8.7365547958239342e-01 
2.7732821645932186e+00 1.6511276315260084e+00 9.8779694877314883e-01 
2.8505656527908174e+00 1.7928595943465022e+00 9.8348965271629307e-01 
2.8505656527908174e+00 1.7928595943465022e+00 9.8348965271629307e-01 
3.0475746599990359e+00 1.7095851889443876e+00 9.6607000427647949e-01 
2.8515439175217123e+00 1.7737362197674149e+00 9.9872711501966971e-01 
2.3780053689727230e+00 1.8167231682827518e+00 1.0214745610585663e+00 
2.2223540197351102e+00 1.8312199186739784e+00 1.0039530803043710e+00 
2.8515439175217123e+00 1.7737362197674149e+00 9.9872711501966971e-01 
1.6931026965621416e+00 1.6525299359989729e+00 9.8283423765514211e-01 
2.4185186137149111e+00 1.7574967545339408e+00 9.9664077678917862e-01 
2.8515439175217123e+00 1.7737362197674149e+00 9.9872711501966971e-01 
2.8515439175217123e+00 1.7737362197674149e+00 9.9872711501966971e-01 
1.9864190312313221e+00 1.9874941397138177e+00 9.5990422971123746e-01 
3.8786755558161787e+00 2.0148176070819375e+00 9.3612652503548099e-01 
3.2544045412500893e+00 2.0776291597348560e+00 1.0053969692522859e+00 
2.9596751944171227e+00 1.9603730327300666e+00 9.8104181985852645e-01 
3.5858432730603598e+00 2.0010006304040564e+00 9.9904751293929139e-01 
1.8166300683166234e+00 1.5686406563132758e+00 1.0374616635528520e+00 
2.8515439175217123e+00 1.7737362197674149e+00 9.9872711501966971e-01 
2.1282179099248357e+00 1.7240563601885401e+00 9.8222434895480293e-01 
2.7546753050362920e+00 1.7343956834063494e+00 1.0287797332951805e+00 
2.8515439175217123e+00 1.7737362197674149e+00 9.9872711501966971e-01 
2.6992201419585573e+00 1.7556623678946583e+00 9.9788503479022317e-01 
2.3713512385413069e+00 1.6742676170548254e+00 9.8101813835832707e-01 
2.3713512385413069e+00 1.6742676170548254e+00 9.8101813835832707e-01 
1.6998593316509047e+00 1.6808784132321510e+00 9.9231045434316900e-01 
2.5551406943063224e+00 1.8022116479632690e+00 1.0206469598487726e+00 
2.5551406943063224e+00 1.8022116479632690e+00 1.0206469598487726e+00 
2.5022615013702949e+00 1.5826851035563529e+00 9.3872343891216947e-01 
2.5022615013702949e+00 1.5826851035563529e+00 9.3872343891216947e-01 
2.7857812535185120e+00 1.6401335338491430e+00 9.4112881172568141e-01 
2.7492868448726462e+00 1.6478177748390124e+00 9.5428129409835660e-01 
3.0279661843866510e+01 4.5047768640473071e+00 8.3927521456848553e-01 
8.8998907223659870e+01 4.7732679784041592e+00 9.6088214718428000e-01 
2.5019729805300237e+01 8.3412260146221708e+00 1.0938728998168983e+00 
1.0729674097967374e+01 3.6480718745484295e+00 1.0651254354908362e+00 
2.2242298066483450e+01 4.0243336634914977e+00 7.9807818831243205e-01 
2.0886105731274775e+01 3.9806795014128133e+00 7.8874269879088454e-01 
2.0069328253222103e+01 3.9447085235033792e+00 7.9340810043524856e-01 
2.0537681652426986e+01 3.9641531801249932e+00 8.0684713265562613e-01 
3.5611480181707300e+01 4.5657468350393744e+00 9.7903365015260879e-01 
1.0359712249592905e+01 3.1873420505408987e+00 9.1096644518629288e-01 
7.2764164977133561e+00 3.2641838880098470e+00 7.8182271569861927e-01 
3.4429266052634766e+01 5.1320680482047294e+00 1.0536218393791896e+00 
3.5904246106103209e+01 5.1154992808750883e+00 1.0351853340912749e+00 
5.7622168967868227e+01 5.8691055358224284e+00 1.1795710521120943e+00 
