ip_ml_9_rawChain_unified = zeros(1000,3);
ip_ml_9_rawChain_unified = [6.6499859329240891e+01 5.5251696749359862e+00 9.7227980056040419e-01 
6.6499859329240891e+01 5.5251696749359862e+00 9.7227980056040419e-01 
7.0259325575515973e+01 5.6679807662750861e+00 1.0228590968901448e+00 
2.3325363596765754e+00 1.3353743752359386e+00 5.8433476323885192e-01 
2.3325363596765754e+00 1.3353743752359386e+00 5.8433476323885192e-01 
2.1748817268416984e+00 1.1830883483285606e+00 4.9438828894374998e-01 
2.1748817268416984e+00 1.1830883483285606e+00 4.9438828894374998e-01 
2.4212449517853205e+00 1.0646048310313012e+00 3.5709704915502227e-01 
2.4212449517853205e+00 1.0646048310313012e+00 3.5709704915502227e-01 
2.1748817268416984e+00 1.1830883483285606e+00 4.9438828894374998e-01 
2.1748817268416984e+00 1.1830883483285606e+00 4.9438828894374998e-01 
2.1748817268416984e+00 1.1830883483285606e+00 4.9438828894374998e-01 
2.1748817268416984e+00 1.1830883483285606e+00 4.9438828894374998e-01 
2.1748817268416984e+00 1.1830883483285606e+00 4.9438828894374998e-01 
2.1748817268416984e+00 1.1830883483285606e+00 4.9438828894374998e-01 
2.1748817268416984e+00 1.1830883483285606e+00 4.9438828894374998e-01 
2.1748817268416984e+00 1.1830883483285606e+00 4.9438828894374998e-01 
2.1748817268416984e+00 1.1830883483285606e+00 4.9438828894374998e-01 
2.1748817268416984e+00 1.1830883483285606e+00 4.9438828894374998e-01 
2.1748817268416984e+00 1.1830883483285606e+00 4.9438828894374998e-01 
2.1748817268416984e+00 1.1830883483285606e+00 4.9438828894374998e-01 
2.1748817268416984e+00 1.1830883483285606e+00 4.9438828894374998e-01 
2.1748817268416984e+00 1.1830883483285606e+00 4.9438828894374998e-01 
2.1748817268416984e+00 1.1830883483285606e+00 4.9438828894374998e-01 
2.1748817268416984e+00 1.1830883483285606e+00 4.9438828894374998e-01 
2.1748817268416984e+00 1.1830883483285606e+00 4.9438828894374998e-01 
2.1748817268416984e+00 1.1830883483285606e+00 4.9438828894374998e-01 
2.1748817268416984e+00 1.1830883483285606e+00 4.9438828894374998e-01 
2.1748817268416984e+00 1.1830883483285606e+00 4.9438828894374998e-01 
2.1748817268416984e+00 1.1830883483285606e+00 4.9438828894374998e-01 
2.1748817268416984e+00 1.1830883483285606e+00 4.9438828894374998e-01 
2.1748817268416984e+00 1.1830883483285606e+00 4.9438828894374998e-01 
2.1748817268416984e+00 1.1830883483285606e+00 4.9438828894374998e-01 
2.1748817268416984e+00 1.1830883483285606e+00 4.9438828894374998e-01 
1.4289323383750356e+00 8.0842197544790018e-01 2.9151368851054682e-01 
2.1748817268416984e+00 1.1830883483285606e+00 4.9438828894374998e-01 
2.1748817268416984e+00 1.1830883483285606e+00 4.9438828894374998e-01 
3.7489351489662930e+01 3.5779019341507214e+00 2.5770805949443831e-01 
1.8645223982496063e+01 5.3904050055036468e+00 9.7423128502324674e-01 
2.9138779404271567e+01 4.9548105152133468e+00 8.8133618594792407e-01 
2.5800149275506623e+01 5.2493159967782894e+00 9.7732906311863421e-01 
3.5658179550391544e+01 5.2671151204055890e+00 9.7093587509962942e-01 
6.7858849340619841e+01 5.3564217899741671e+00 8.2373671660245773e-01 
6.6530910885671304e+01 5.6710458496897793e+00 9.5829232573733891e-01 
7.5735113906289797e+01 5.3667778187376349e+00 7.7271685788902056e-01 
6.5644853966198610e+01 5.7673428506571449e+00 1.0766540933212889e+00 
6.4333774587558665e+01 5.7331089261222070e+00 1.0400797407085103e+00 
5.3680327062843524e+01 5.5472129255190818e+00 1.0174348210323894e+00 
4.6188619713478502e+01 5.1841401642932112e+00 1.0146936324374176e+00 
4.8866551765157098e+01 5.0203493271378177e+00 8.8968928646535961e-01 
5.1311074688861893e+01 4.6957272812124256e+00 9.0210962497374569e-01 
5.3732679499805990e+01 5.0148929149288053e+00 9.1062751606215153e-01 
6.0518269838966319e+01 7.6452543248239460e+00 1.1544536458646031e+00 
2.1155994230285163e+01 3.7421932088195766e+00 3.2657891435051645e-01 
1.5378184601433890e+01 3.2898848504489182e+00 3.4105670398502674e-01 
1.5378184601433890e+01 3.2898848504489182e+00 3.4105670398502674e-01 
8.9400505321728645e+01 5.1797194406733373e+00 9.1378046148795145e-01 
8.9400505321728645e+01 5.1797194406733373e+00 9.1378046148795145e-01 
8.0678521567443866e+01 4.8940387873407749e+00 8.7711120664500353e-01 
8.0678521567443866e+01 4.8940387873407749e+00 8.7711120664500353e-01 
7.5910915395758266e+01 5.4568125799732989e+00 1.1090769113664485e+00 
5.9528972530107751e+01 4.9836093582656797e+00 1.1182200750583335e+00 
6.0756447296580774e+01 4.6065703620799150e+00 8.8109135383155646e-01 
5.2786316458079789e+01 4.4618129323014823e+00 8.7359066540028207e-01 
6.6388751937439778e+01 5.3657190725365131e+00 9.1859565998334070e-01 
7.3560749579380911e+01 5.9332092898061672e+00 1.0457441670445808e+00 
1.9104689934836998e+01 4.5236024507061936e+00 8.2083822169717713e-01 
2.7366154290366268e+01 5.0063644125714148e+00 8.8995474764961247e-01 
2.9852118824030292e+01 5.4424574679587305e+00 1.1355905848841581e+00 
6.4860075071810229e+01 5.3002400182298350e+00 1.0923210077957457e+00 
4.5702944758247611e+01 4.5524991358834548e+00 5.9410999711098766e-01 
5.8054014477524788e+01 5.0627836178951764e+00 1.0068873192110475e+00 
8.0225007567157718e+01 5.5337495574676376e+00 1.0606145097887760e+00 
8.0225007567157718e+01 5.5337495574676376e+00 1.0606145097887760e+00 
8.1336218743449336e+01 5.2552998698070601e+00 1.0348648737203845e+00 
5.1079143681164638e+01 4.1388312944860761e+00 6.7979273144750174e-01 
5.3899578089550616e+01 5.1487127525209200e+00 1.0289483853197525e+00 
5.3899578089550616e+01 5.1487127525209200e+00 1.0289483853197525e+00 
7.1918091070025611e+01 5.2749463645125969e+00 9.9189906623356539e-01 
6.8739182719912108e+01 4.8054271018300572e+00 9.7917162448559758e-01 
6.6897867706408832e+01 4.6307188316721506e+00 9.0541929532713017e-01 
7.6811831211994047e+01 5.1708554532258084e+00 9.0587207299114536e-01 
8.7023018731223615e+01 5.6590410421418698e+00 1.0160557690894447e+00 
8.0797062136696567e+01 5.2213877076387085e+00 9.8270185776320973e-01 
9.0318307634030276e+01 5.2899597657452126e+00 7.4254657190908513e-01 
9.0913878098509414e+01 3.7753220271803594e+00 5.4451902495590310e-01 
3.5979563764689438e+01 3.2519665967983498e+00 2.1249997859412045e-01 
1.6244337135168962e+01 2.5389607179730449e+00 4.5368377359933953e-01 
1.6540312461501973e+01 2.8103349828600894e+00 4.8500465997790748e-01 
5.2177270927459205e+01 3.5522987303563816e+00 3.3209321028869065e-01 
4.4519397682869339e+00 1.7230233139275546e+00 4.8339915889519697e-01 
1.7624799427874116e+01 2.9708203611645319e+00 4.7481633531929662e-01 
1.1934550611975556e+01 2.2916489104954985e+00 2.5028522020923888e-01 
1.6998110830372340e+01 2.9283592472992943e+00 3.8169950959534182e-01 
2.8515439175217123e+00 1.7737362197674149e+00 9.9872711501966971e-01 
6.1679565101929335e+00 2.5661098540765765e+00 9.4733630674242875e-01 
1.8057469348584052e+00 1.5914516455616998e+00 9.6232784418198558e-01 
1.8057469348584052e+00 1.5914516455616998e+00 9.6232784418198558e-01 
1.8057469348584052e+00 1.5914516455616998e+00 9.6232784418198558e-01 
2.8515439175217123e+00 1.7737362197674149e+00 9.9872711501966971e-01 
1.9082132797761320e+00 1.4036398488889028e+00 8.8691536503219892e-01 
1.9082132797761320e+00 1.4036398488889028e+00 8.8691536503219892e-01 
2.8515439175217123e+00 1.7737362197674149e+00 9.9872711501966971e-01 
2.0078296739820938e+00 1.5342201752417537e+00 9.6100120135746858e-01 
2.0078296739820938e+00 1.5342201752417537e+00 9.6100120135746858e-01 
1.9021010919447081e+00 1.3945266758929131e+00 8.1011680053127466e-01 
2.8515439175217123e+00 1.7737362197674149e+00 9.9872711501966971e-01 
2.8515439175217123e+00 1.7737362197674149e+00 9.9872711501966971e-01 
2.8515439175217123e+00 1.7737362197674149e+00 9.9872711501966971e-01 
2.8515439175217123e+00 1.7737362197674149e+00 9.9872711501966971e-01 
2.8515439175217123e+00 1.7737362197674149e+00 9.9872711501966971e-01 
2.8515439175217123e+00 1.7737362197674149e+00 9.9872711501966971e-01 
2.8515439175217123e+00 1.7737362197674149e+00 9.9872711501966971e-01 
