ip_ml_10_rawChain_unified = zeros(1000,3);
ip_ml_10_rawChain_unified = [6.5214117477763580e+01 5.4478946983347916e+00 9.8074168429909880e-01 
2.3325363596765754e+00 1.3353743752359386e+00 5.8433476323885192e-01 
2.1748817268416984e+00 1.1830883483285606e+00 4.9438828894374998e-01 
2.1748817268416984e+00 1.1830883483285606e+00 4.9438828894374998e-01 
2.4212449517853205e+00 1.0646048310313012e+00 3.5709704915502227e-01 
2.4212449517853205e+00 1.0646048310313012e+00 3.5709704915502227e-01 
2.4212449517853205e+00 1.0646048310313012e+00 3.5709704915502227e-01 
2.4212449517853205e+00 1.0646048310313012e+00 3.5709704915502227e-01 
2.1748817268416984e+00 1.1830883483285606e+00 4.9438828894374998e-01 
2.1748817268416984e+00 1.1830883483285606e+00 4.9438828894374998e-01 
2.1748817268416984e+00 1.1830883483285606e+00 4.9438828894374998e-01 
2.1748817268416984e+00 1.1830883483285606e+00 4.9438828894374998e-01 
2.2966893384450899e+00 9.6301283034417029e-01 4.9409906023698114e-01 
2.2966893384450899e+00 9.6301283034417029e-01 4.9409906023698114e-01 
2.2966893384450899e+00 9.6301283034417029e-01 4.9409906023698114e-01 
2.1748817268416984e+00 1.1830883483285606e+00 4.9438828894374998e-01 
2.1748817268416984e+00 1.1830883483285606e+00 4.9438828894374998e-01 
2.1748817268416984e+00 1.1830883483285606e+00 4.9438828894374998e-01 
2.1748817268416984e+00 1.1830883483285606e+00 4.9438828894374998e-01 
2.1748817268416984e+00 1.1830883483285606e+00 4.9438828894374998e-01 
2.1748817268416984e+00 1.1830883483285606e+00 4.9438828894374998e-01 
2.1748817268416984e+00 1.1830883483285606e+00 4.9438828894374998e-01 
2.1748817268416984e+00 1.1830883483285606e+00 4.9438828894374998e-01 
2.1748817268416984e+00 1.1830883483285606e+00 4.9438828894374998e-01 
2.1748817268416984e+00 1.1830883483285606e+00 4.9438828894374998e-01 
2.1748817268416984e+00 1.1830883483285606e+00 4.9438828894374998e-01 
2.1748817268416984e+00 1.1830883483285606e+00 4.9438828894374998e-01 
2.1748817268416984e+00 1.1830883483285606e+00 4.9438828894374998e-01 
1.1533419104858840e+00 7.8040119333795011e-01 2.8603857797077392e-01 
2.1748817268416984e+00 1.1830883483285606e+00 4.9438828894374998e-01 
2.1748817268416984e+00 1.1830883483285606e+00 4.9438828894374998e-01 
2.1748817268416984e+00 1.1830883483285606e+00 4.9438828894374998e-01 
2.7482087474436527e+00 1.2701537240575069e+00 5.4388735405971533e-01 
2.1748817268416984e+00 1.1830883483285606e+00 4.9438828894374998e-01 
2.1748817268416984e+00 1.1830883483285606e+00 4.9438828894374998e-01 
2.1748817268416984e+00 1.1830883483285606e+00 4.9438828894374998e-01 
2.1748817268416984e+00 1.1830883483285606e+00 4.9438828894374998e-01 
2.1748817268416984e+00 1.1830883483285606e+00 4.9438828894374998e-01 
2.1748817268416984e+00 1.1830883483285606e+00 4.9438828894374998e-01 
2.1748817268416984e+00 1.1830883483285606e+00 4.9438828894374998e-01 
2.1748817268416984e+00 1.1830883483285606e+00 4.9438828894374998e-01 
2.1736163431259392e+01 4.9188271776414751e+00 9.0907903493108122e-01 
2.2426510266956331e+01 4.4375905909413182e+00 7.6788312311428542e-01 
6.0722053719217634e+01 5.4271891240961221e+00 1.0404972652336271e+00 
4.7967007231153268e+01 5.2761765888500829e+00 9.3962731030357283e-01 
4.3822789443766801e+01 5.0335540213350782e+00 9.5506663778917633e-01 
5.6235249897838834e+01 5.1804078321343008e+00 8.3523772975540533e-01 
5.4109968999475768e+01 5.0688635191812459e+00 7.7863576082347385e-01 
5.4076817252761217e+01 5.0150955110986626e+00 7.6925483289656504e-01 
4.7018556747474364e+01 4.6858116578422608e+00 8.2702123441540776e-01 
1.5536336838615243e+01 3.3984921272314992e+00 4.3011286416965222e-01 
2.0901182920408687e+01 3.2261082681000812e+00 3.1983532615501220e-01 
2.0362400559628764e+01 3.6443418293851644e+00 3.2509463215774564e-01 
2.2838301149739607e+01 3.4995721931394748e+00 2.7194938885935244e-01 
9.2896422498144830e+01 5.5027716521851451e+00 9.4767308880039347e-01 
8.0678521567443866e+01 4.8940387873407749e+00 8.7711120664500353e-01 
7.5910915395758266e+01 5.4568125799732989e+00 1.1090769113664485e+00 
6.0756447296580774e+01 4.6065703620799150e+00 8.8109135383155646e-01 
8.4470528276567734e+01 6.3086754719563700e+00 1.0071182479994185e+00 
2.5077421248964935e+01 4.5580885132707927e+00 7.6347758104365060e-01 
8.0646368908879566e+01 5.3048036493508590e+00 1.0238180889594635e+00 
7.6942005695078151e+01 5.3378369702054398e+00 1.0340585192258314e+00 
5.0517270711898362e+01 5.0066498203281773e+00 1.0260274322739531e+00 
8.9247466605532466e+01 5.6006405034724107e+00 1.0392540508935992e+00 
8.7857217261332096e+01 5.3984898045951288e+00 1.0738796475075920e+00 
9.0913878098509414e+01 3.7753220271803594e+00 5.4451902495590310e-01 
2.0536067929518339e+01 2.8577309533927515e+00 4.2936634641160265e-01 
5.2177270927459205e+01 3.5522987303563816e+00 3.3209321028869065e-01 
4.4519397682869339e+00 1.7230233139275546e+00 4.8339915889519697e-01 
2.4833297347187133e+00 1.5984014333489913e+00 4.6323112079704098e-01 
2.2793996672032364e+01 3.4247222270880693e+00 4.9410467131640207e-01 
1.6998110830372340e+01 2.9283592472992943e+00 3.8169950959534182e-01 
6.1679565101929335e+00 2.5661098540765765e+00 9.4733630674242875e-01 
1.8057469348584052e+00 1.5914516455616998e+00 9.6232784418198558e-01 
1.8057469348584052e+00 1.5914516455616998e+00 9.6232784418198558e-01 
1.8057469348584052e+00 1.5914516455616998e+00 9.6232784418198558e-01 
2.8515439175217123e+00 1.7737362197674149e+00 9.9872711501966971e-01 
2.1216438638055992e+00 1.5334262950237869e+00 9.5969942124431318e-01 
2.1216438638055992e+00 1.5334262950237869e+00 9.5969942124431318e-01 
1.9082132797761320e+00 1.4036398488889028e+00 8.8691536503219892e-01 
2.8515439175217123e+00 1.7737362197674149e+00 9.9872711501966971e-01 
2.2238092679426260e+00 1.4959170145645071e+00 1.0066552879402106e+00 
2.7726503569540450e+00 1.7209789975803158e+00 1.0025776405364166e+00 
2.7726503569540450e+00 1.7209789975803158e+00 1.0025776405364166e+00 
1.9021010919447081e+00 1.3945266758929131e+00 8.1011680053127466e-01 
2.8515439175217123e+00 1.7737362197674149e+00 9.9872711501966971e-01 
2.8515439175217123e+00 1.7737362197674149e+00 9.9872711501966971e-01 
2.8515439175217123e+00 1.7737362197674149e+00 9.9872711501966971e-01 
2.8515439175217123e+00 1.7737362197674149e+00 9.9872711501966971e-01 
2.8515439175217123e+00 1.7737362197674149e+00 9.9872711501966971e-01 
2.9703885296225185e+00 1.5792284925442106e+00 9.8360660791262766e-01 
2.8515439175217123e+00 1.7737362197674149e+00 9.9872711501966971e-01 
2.8515439175217123e+00 1.7737362197674149e+00 9.9872711501966971e-01 
2.8515439175217123e+00 1.7737362197674149e+00 9.9872711501966971e-01 
2.8515439175217123e+00 1.7737362197674149e+00 9.9872711501966971e-01 
2.8515439175217123e+00 1.7737362197674149e+00 9.9872711501966971e-01 
2.8515439175217123e+00 1.7737362197674149e+00 9.9872711501966971e-01 
2.8515439175217123e+00 1.7737362197674149e+00 9.9872711501966971e-01 
2.8515439175217123e+00 1.7737362197674149e+00 9.9872711501966971e-01 
2.8515439175217123e+00 1.7737362197674149e+00 9.9872711501966971e-01 
1.9864190312313221e+00 1.9874941397138177e+00 9.5990422971123746e-01 
1.9864190312313221e+00 1.9874941397138177e+00 9.5990422971123746e-01 
3.2544045412500893e+00 2.0776291597348560e+00 1.0053969692522859e+00 
2.3586787341082647e+00 1.5722983644680775e+00 1.0094205156514926e+00 
2.8515439175217123e+00 1.7737362197674149e+00 9.9872711501966971e-01 
2.8515439175217123e+00 1.7737362197674149e+00 9.9872711501966971e-01 
2.8515439175217123e+00 1.7737362197674149e+00 9.9872711501966971e-01 
2.8515439175217123e+00 1.7737362197674149e+00 9.9872711501966971e-01 
2.8515439175217123e+00 1.7737362197674149e+00 9.9872711501966971e-01 
2.8515439175217123e+00 1.7737362197674149e+00 9.9872711501966971e-01 
2.8515439175217123e+00 1.7737362197674149e+00 9.9872711501966971e-01 
2.8515439175217123e+00 1.7737362197674149e+00 9.9872711501966971e-01 
2.8515439175217123e+00 1.7737362197674149e+00 9.9872711501966971e-01 
