ip_ml_8_rawChain_unified = zeros(1000,3);
ip_ml_8_rawChain_unified = [6.5930491890617162e+01 5.4019030746995096e+00 9.4113295048632351e-01 
7.8965592487977233e+01 6.1200650524955016e+00 9.8051501000839725e-01 
2.3325363596765754e+00 1.3353743752359386e+00 5.8433476323885192e-01 
2.1748817268416984e+00 1.1830883483285606e+00 4.9438828894374998e-01 
2.4212449517853205e+00 1.0646048310313012e+00 3.5709704915502227e-01 
2.1748817268416984e+00 1.1830883483285606e+00 4.9438828894374998e-01 
2.1748817268416984e+00 1.1830883483285606e+00 4.9438828894374998e-01 
2.1748817268416984e+00 1.1830883483285606e+00 4.9438828894374998e-01 
2.1748817268416984e+00 1.1830883483285606e+00 4.9438828894374998e-01 
2.1748817268416984e+00 1.1830883483285606e+00 4.9438828894374998e-01 
2.1748817268416984e+00 1.1830883483285606e+00 4.9438828894374998e-01 
2.1748817268416984e+00 1.1830883483285606e+00 4.9438828894374998e-01 
2.1748817268416984e+00 1.1830883483285606e+00 4.9438828894374998e-01 
2.1748817268416984e+00 1.1830883483285606e+00 4.9438828894374998e-01 
2.1748817268416984e+00 1.1830883483285606e+00 4.9438828894374998e-01 
2.1748817268416984e+00 1.1830883483285606e+00 4.9438828894374998e-01 
2.1748817268416984e+00 1.1830883483285606e+00 4.9438828894374998e-01 
2.1748817268416984e+00 1.1830883483285606e+00 4.9438828894374998e-01 
2.1748817268416984e+00 1.1830883483285606e+00 4.9438828894374998e-01 
1.4289323383750356e+00 8.0842197544790018e-01 2.9151368851054682e-01 
1.4289323383750356e+00 8.0842197544790018e-01 2.9151368851054682e-01 
2.1748817268416984e+00 1.1830883483285606e+00 4.9438828894374998e-01 
2.1748817268416984e+00 1.1830883483285606e+00 4.9438828894374998e-01 
3.8808971683689080e+01 4.0124820100252467e+00 2.9885845630464208e-01 
3.7990726880647131e+01 4.3609860765001480e+00 3.8191655854057477e-01 
3.7489351489662930e+01 3.5779019341507214e+00 2.5770805949443831e-01 
1.3110182559544905e+01 5.3142903198703291e+00 1.1065457627392226e+00 
3.8064042824565156e+01 5.1642007567645072e+00 9.1523554762821313e-01 
2.9077533536932492e+01 5.4622218444438886e+00 9.5783218986063690e-01 
2.7172514907097369e+01 7.2138434139729810e+00 1.1517512412106250e+00 
2.7172514907097369e+01 7.2138434139729810e+00 1.1517512412106250e+00 
6.4224288418316192e+01 5.1644622362891361e+00 8.0348118867190343e-01 
6.4351771187690446e+01 5.0910795942361515e+00 7.8328018474722305e-01 
7.7991495900999780e+01 5.5262135522931226e+00 7.5002442364116451e-01 
7.1708295943122394e+01 6.0429443552406816e+00 1.1153724477531854e+00 
5.8226141552039245e+01 5.6124733837144056e+00 1.1255532194794755e+00 
4.9092998941376422e+01 5.2976067859714142e+00 1.0309193046648271e+00 
4.4596533426016997e+01 4.3258718799986360e+00 8.5726499961408975e-01 
2.8000111680390130e+01 5.4416817437861473e+00 8.2647275270268628e-01 
6.1844432384668032e+01 7.9410744254521912e+00 1.1667045396878031e+00 
6.1816022323587605e+00 3.0274573429155183e+00 8.4082341869603128e-01 
6.1816022323587605e+00 3.0274573429155183e+00 8.4082341869603128e-01 
4.2940378098177902e+01 6.0781372244055039e+00 7.1554179821333952e-01 
3.3433313454770612e+01 5.9577264755886388e+00 8.4602807235732957e-01 
1.8436044501906530e+01 3.6476273886235457e+00 4.2649123819843893e-01 
2.2161393624531847e+01 4.2918130117628834e+00 4.5336018785975074e-01 
9.1837704630407529e+01 5.8986718359119799e+00 9.8940796523683150e-01 
8.9400505321728645e+01 5.1797194406733373e+00 9.1378046148795145e-01 
8.0678521567443866e+01 4.8940387873407749e+00 8.7711120664500353e-01 
7.8737491071846534e+01 5.5710111638724538e+00 1.1650786627506826e+00 
7.5611894508464204e+01 5.5041200432177950e+00 1.0811224948706106e+00 
6.8931419923815795e+01 5.3098780096582772e+00 1.0963963719527641e+00 
5.4149323108471030e+01 5.8382919442131982e+00 1.0508795976400798e+00 
6.1525334415072102e+01 4.7718580155473518e+00 9.3158423895801568e-01 
6.6388751937439778e+01 5.3657190725365131e+00 9.1859565998334070e-01 
6.6117953338661792e+01 5.5223245447693099e+00 9.8801421744092577e-01 
7.5756881674295386e+01 6.6425125639883440e+00 1.0790041810335180e+00 
7.8931194668598081e+01 7.3474757568389464e+00 1.1843434126377446e+00 
2.7139491774329247e+01 4.7427380292215302e+00 8.1767233876319434e-01 
2.9852118824030292e+01 5.4424574679587305e+00 1.1355905848841581e+00 
3.6314292787483645e+01 5.3850203227389963e+00 1.0481197277274923e+00 
6.8833017596443909e+01 4.4409583549891263e+00 6.0769547075680097e-01 
6.2323949486962903e+01 4.1796114082022235e+00 5.8990671831115937e-01 
5.7689478632053891e+01 3.9440187400679729e+00 5.5149585948821456e-01 
6.8393106110930830e+01 5.5198034432214618e+00 1.1569639819512905e+00 
5.2945243766390071e+01 4.9603723145609537e+00 6.8011792419695716e-01 
5.0303043020750266e+01 5.0589932095128143e+00 7.4714400508014878e-01 
4.4387158188854102e+01 3.7865529451605529e+00 5.9674666967866130e-01 
4.9844164535360576e+01 4.5683532932952868e+00 9.5017404640046488e-01 
8.0225007567157718e+01 5.5337495574676376e+00 1.0606145097887760e+00 
8.0225007567157718e+01 5.5337495574676376e+00 1.0606145097887760e+00 
7.0015482978848169e+01 5.8655028579800774e+00 1.0375425588675031e+00 
5.9601546944147309e+01 5.7195274781780530e+00 1.0925027684195674e+00 
2.9145739377362975e+01 2.8924280972915191e+00 3.9729880277127516e-01 
5.2107566077608794e+01 4.5944277466928423e+00 8.2240733472191641e-01 
5.8747727202629591e+01 5.0178199475863643e+00 1.0035971676788529e+00 
7.1918091070025611e+01 5.2749463645125969e+00 9.9189906623356539e-01 
7.1918091070025611e+01 5.2749463645125969e+00 9.9189906623356539e-01 
6.9233953942708553e+01 4.9978216322186633e+00 8.4314190501937247e-01 
8.7023018731223615e+01 5.6590410421418698e+00 1.0160557690894447e+00 
8.0797062136696567e+01 5.2213877076387085e+00 9.8270185776320973e-01 
8.0797062136696567e+01 5.2213877076387085e+00 9.8270185776320973e-01 
7.6998134891697930e+01 4.7036262329596683e+00 7.6830158680964944e-01 
7.6998134891697930e+01 4.7036262329596683e+00 7.6830158680964944e-01 
8.6639150542074034e+01 5.4230890520471284e+00 8.8141116813527209e-01 
9.0318307634030276e+01 5.2899597657452126e+00 7.4254657190908513e-01 
9.8652804414584182e+01 4.6714789271985753e+00 7.2311791568443473e-01 
9.0672892566268573e+01 4.0067020028632401e+00 5.6518503312655277e-01 
9.5492059651890600e+01 4.4097369848530805e+00 7.4775004291172531e-01 
9.0913878098509414e+01 3.7753220271803594e+00 5.4451902495590310e-01 
3.5555715989207400e+01 3.4294499920034753e+00 2.0837796605766967e-01 
1.4396831038504786e+01 3.7127673485800110e+00 1.1123322792252379e+00 
3.6037188222412713e+00 2.8628711525309534e+00 1.0101906847512361e+00 
1.6244337135168962e+01 2.5389607179730449e+00 4.5368377359933953e-01 
3.1986128859453679e+01 3.5248981523078422e+00 5.7010855339831878e-01 
4.9574272517470774e+01 3.3261301376078336e+00 2.9947524807901360e-01 
5.3530338122512731e+01 3.5447175484254072e+00 2.7697996881047371e-01 
5.3530338122512731e+01 3.5447175484254072e+00 2.7697996881047371e-01 
4.4519397682869339e+00 1.7230233139275546e+00 4.8339915889519697e-01 
1.7624799427874116e+01 2.9708203611645319e+00 4.7481633531929662e-01 
1.7624799427874116e+01 2.9708203611645319e+00 4.7481633531929662e-01 
1.8146585118001504e+01 2.3025490661692758e+00 2.1819681323376888e-01 
5.3749796622397199e+01 4.7763122833588838e+00 9.9192271416754163e-01 
1.8033084716842950e+01 3.0684342968477325e+00 3.9504826376075919e-01 
8.4450180231936613e+00 2.9057122282802901e+00 4.0892039872190683e-01 
3.7338155772549801e+00 2.0246695160250945e+00 8.7115049691467861e-01 
3.7338155772549801e+00 2.0246695160250945e+00 8.7115049691467861e-01 
2.8515439175217123e+00 1.7737362197674149e+00 9.9872711501966971e-01 
2.8515439175217123e+00 1.7737362197674149e+00 9.9872711501966971e-01 
6.1679565101929335e+00 2.5661098540765765e+00 9.4733630674242875e-01 
1.8057469348584052e+00 1.5914516455616998e+00 9.6232784418198558e-01 
2.8515439175217123e+00 1.7737362197674149e+00 9.9872711501966971e-01 
2.8515439175217123e+00 1.7737362197674149e+00 9.9872711501966971e-01 
