ip_ml_20_rawLogTarget_unified = zeros(1000,1);
ip_ml_20_rawLogTarget_unified = [-299.431
-299.584
-299.584
-299.584
-299.642
-299.718
-300.497
-300.497
-304.217
-305.986
-300.382
-299.961
-299.961
-299.566
-300.006
-301.411
-301.106
-299.403
-299.403
-299.922
-299.738
-299.922
-299.922
-302.169
-302.169
-302.03
-302.518
-303.545
-300.094
-299.344
-299.344
-301.446
-303.947
-301.272
-299.877
-301.02
-301.272
-301.272
-301.272
-301.272
-299.358
-299.368
-301.413
-301.413
-299.425
-299.425
-299.425
-299.669
-299.669
-299.347
-299.387
-299.498
-299.346
-299.346
-299.969
-299.673
-299.673
-299.751
-300.059
-299.99
-299.531
-300.219
-299.956
-300.165
-299.531
-299.531
-299.531
-299.531
-300.235
-299.613
-299.613
-299.509
-299.531
-300.876
-300.015
-300.015
-300.183
-299.531
-299.531
-299.531
-299.559
-299.531
-299.531
-299.531
-299.531
-299.531
-299.531
-299.443
-299.443
-299.531
-299.531
-299.531
-299.86
-301.11
-300.589
-300.44
-299.826
-299.826
-299.826
-299.531
-299.531
-299.531
-299.531
-299.531
-299.531
-299.531
-299.531
-299.381
-299.381
-299.702
-299.381
-299.381
-299.381
-300.113
-300.316
-300.316
-299.566
-299.566
-299.619
-299.619
-299.619
-299.619
-299.566
-299.358
-299.358
-300.046
-300.16
-300.063
-300.063
-301.39
-306.234
-301.143
-301.236
-301.298
-299.619
-299.619
-305.724
-299.861
-299.359
-302.434
-299.94
-301.803
-300.329
-300.329
-303.12
-303.12
-302.155
-301.626
-301.015
-302.672
-306.016
-303.498
-303.959
-307.487
-299.354
-299.777
-299.777
-299.777
-299.396
-299.869
-300.413
-299.533
-302.692
-301.695
-302.436
-300.341
-300.341
-299.845
-299.845
-300.932
-301.198
-301.078
-300.052
-304.974
-304.974
-303.86
-300.754
-300.754
-301.069
-300.229
-300.229
-299.679
-299.679
-299.679
-301.965
-302.395
-300.083
-300.083
-301.227
-301.227
-301.939
-301.939
-302.625
-300.225
-300.225
-304.602
-300.433
-300.179
-300.179
-300.179
-299.428
-301.221
-299.71
-299.71
-299.71
-299.71
-300.765
-301.558
-301.278
-299.479
-299.479
-300.358
-300.341
-299.873
-305.678
-302.386
-301.043
-300.331
-300.331
-301.043
-301.043
-301.043
-299.574
-299.574
-299.574
-301.257
-300.529
-303.242
-303.649
-300.676
-302.908
-302.908
-300.596
-300.138
-300.217
-300.217
-302.427
-302.378
-302.378
-300.869
-299.519
-299.519
-300.571
-299.534
-299.534
-299.534
-299.534
-299.534
-299.534
-300.221
-299.728
-299.728
-299.728
-300.465
-299.901
-304.384
-300.854
-301.37
-300.321
-301.736
-301.455
-299.659
-299.659
-299.659
-299.659
-299.659
-300.884
-301.919
-301.94
-303.603
-302.026
-302.026
-305.553
-307.183
-302.852
-302.852
-301.368
-299.683
-299.683
-299.683
-299.683
-299.683
-300.235
-300.235
-299.516
-299.77
-299.77
-299.77
-299.77
-299.408
-299.623
-300.96
-302.048
-302.228
-301.628
-299.884
-300.121
-300.121
-299.4
-299.981
-299.981
-299.561
-300.401
-300.513
-299.924
-299.875
-299.875
-301.809
-301.809
-303.235
-303.542
-302.889
-301.571
-301.233
-300.042
-300.225
-301.422
-301.306
-299.503
-300.74
-300.826
-300.344
-300.54
-305.774
-302.008
-302.302
-304.337
-301.468
-302.423
-303.901
-303.901
-303.951
-304.698
-300.839
-300.922
-300.922
-300.634
-301.415
-301.415
-299.671
-302.029
-300.731
-303.25
-301.159
-302.605
-300.421
-300.421
-299.631
-300.698
-300.779
-300.779
-300.779
-301.22
-302.253
-300.27
-300.653
-299.562
-299.562
-299.562
-299.562
-300.436
-300.436
-300.666
-301.032
-299.428
-299.428
-299.428
-299.425
-299.425
-299.428
-299.428
-299.428
-299.428
-299.546
-299.546
-299.546
-299.546
-299.546
-299.546
-299.531
-299.546
-299.546
-299.546
-299.546
-299.68
-300.174
-300.174
-300.174
-300.174
-300.174
-299.68
-299.68
-300.297
-300.492
-299.542
-301.18
-302.166
-300.99
-299.728
-300.759
-300.759
-300.759
-301.994
-299.572
-305.152
-300.479
-299.668
-299.668
-300.045
-300.045
-300.207
-299.963
-300.207
-300.207
-299.38
-300.174
-299.38
-301.938
-299.394
-299.362
-300.509
-301.94
-301.94
-301.94
-299.374
-301.037
-303.488
-304.43
-304.381
-300.979
-301.269
-301.269
-304.616
-302.567
-300.916
-300.916
-300.091
-300.091
-299.934
-299.934
-300.758
-300.758
-301.432
-299.95
-299.95
-299.95
-301.433
-301.936
-299.881
-299.632
-302.758
-304.334
-304.334
-304.189
-302.13
-299.691
-299.691
-300.978
-300.112
-299.609
-299.609
-300.112
-300.882
-300.882
-300.882
-300.882
-300.882
-301.319
-303.329
-299.582
-299.552
-301.918
-302.081
-299.333
-299.333
-299.333
-299.333
-300.239
-302.431
-303.828
-303.828
-302.488
-303.38
-303.016
-300.405
-299.499
-299.841
-299.891
-299.891
-299.495
-299.844
-300.195
-304.031
-300.18
-299.922
-300.176
-300.144
-302.098
-301.298
-299.995
-301.279
-300.035
-301.279
-301.944
-303.511
-303.053
-300.324
-300.324
-302.107
-302.094
-301.412
-301.517
-300.514
-300.514
-303.782
-300.708
-301.585
-301.585
-301.585
-301.178
-299.963
-299.963
-299.963
-300.153
-300.088
-299.733
-299.807
-299.807
-299.807
-300.552
-299.378
-299.378
-299.807
-299.807
-299.52
-299.52
-302.66
-301.267
-301.267
-301.267
-300.486
-299.677
-300.321
-299.469
-299.469
-305.134
-300.698
-299.449
-299.815
-299.478
-301.613
-301.613
-301.613
-301.613
-301.613
-300.513
-300.121
-300.121
-300.012
-299.578
-299.418
-299.328
-299.328
-299.406
-302.253
-300.701
-299.678
-300.309
-300.774
-300.774
-299.451
-299.796
-299.579
-299.451
-299.451
-300.326
-301.103
-299.737
-303.447
-300.204
-300.204
-303.463
-303.35
-300.6
-300.6
-300.6
-300.954
-300.6
-300.6
-300.6
-301.253
-300.6
-300.6
-300.6
-300.76
-299.511
-299.511
-300.703
-299.511
-299.511
-299.427
-299.392
-299.511
-299.511
-299.511
-300.403
-301.661
-299.961
-299.729
-300.729
-299.649
-299.576
-300.052
-300.052
-303.126
-301.959
-301.862
-299.427
-299.427
-304.844
-304.844
-299.744
-299.744
-304.329
-304.329
-299.752
-299.752
-299.752
-299.752
-299.752
-300.37
-300.37
-300.793
-300.37
-300.37
-300.37
-300.37
-302.73
-303.444
-302.077
-301.579
-302.73
-300.423
-300.165
-305.472
-303.984
-303.242
-304.616
-304.616
-302.05
-302.05
-302.285
-303.119
-303.119
-300.6
-300.6
-300.6
-302.581
-302.299
-300.921
-303.983
-303.983
-301.084
-305.181
-305.181
-305.181
-308.262
-302.631
-302.631
-303.479
-303.479
-303.479
-302.631
-300.069
-300.069
-299.385
-299.385
-302.255
-302.255
-299.838
-299.838
-299.838
-300.069
-302.074
-302.074
-304.455
-304.455
-303.713
-302.53
-300.798
-300.798
-300.445
-301.709
-302.813
-301.25
-302.136
-303.815
-303.815
-301.709
-302.631
-302.631
-299.586
-299.949
-299.949
-304.64
-304.416
-304.416
-301.215
-300.74
-299.655
-299.983
-299.983
-299.983
-299.983
-301.997
-302.794
-306.062
-303.431
-306.957
-301.446
-301.216
-301.861
-300.929
-300.337
-299.58
-300.903
-301.419
-301.419
-302.996
-302.996
-299.916
-299.916
-299.916
-300.222
-302.205
-302.205
-301.44
-300.383
-300.383
-301.174
-301.174
-300.463
-299.55
-302.149
-299.646
-301.047
-300.845
-300.206
-300.206
-299.51
-302.339
-302.339
-301.685
-301.685
-301.091
-300.21
-300.21
-300.463
-299.612
-299.612
-300.506
-299.87
-299.87
-301.441
-301.446
-299.596
-299.596
-301.161
-301.161
-300.157
-299.429
-301.047
-299.758
-299.661
-299.661
-299.661
-299.661
-299.661
-299.661
-299.571
-299.571
-300.87
-300.765
-300.765
-299.788
-301.521
-302.651
-299.467
-300.279
-302.165
-299.667
-302.072
-302.072
-303.995
-303.51
-302.663
-300.426
-300.509
-300.859
-299.613
-301.928
-301.928
-299.392
-299.392
-299.392
-299.392
-299.595
-304.479
-300.521
-299.706
-299.706
-299.706
-299.706
-299.385
-308.332
-300.673
-300.368
-301.559
-301.94
-301.731
-301.731
-300.803
-299.713
-299.732
-301.847
-300.569
-301.305
-303.323
-301.65
-301.65
-303.143
-301.713
-301.713
-307.98
-301.552
-301.696
-300.561
-300.561
-301.327
-301.327
-300.688
-300.109
-299.54
-301.015
-304.196
-301.607
-304.938
-302.441
-300.631
-300.334
-300.588
-302.343
-302.343
-299.839
-299.839
-299.839
-300.225
-300.225
-299.68
-299.404
-301.084
-299.566
-299.728
-299.879
-299.728
-300.219
-299.511
-299.814
-299.814
-299.814
-299.371
-299.371
-299.451
-299.553
-300.889
-302.008
-300.812
-302.067
-299.602
-299.51
-300.243
-300.243
-300.554
-299.743
-300.656
-300.052
-301.46
-302.361
-302.361
-302.361
-299.344
-299.504
